#ite residual of mtx/thermal1.mtx
1 17.835483
2 11.516703
3 18.759577
4 19.195220
5 17.098087
6 18.040415
7 17.649812
8 17.476290
9 17.736157
10 17.391648
11 18.409305
12 17.822557
13 17.754441
14 16.840989
15 15.117300
16 9.306593
17 4.466529
18 2.810813
19 1.490884
20 1.211633
21 0.864684
22 0.667565
23 0.546689
24 0.386404
25 0.352228
26 0.252918
27 0.199927
28 0.135326
29 0.083195
30 0.090872
31 0.067036
32 0.057961
33 0.051759
34 0.040620
35 0.040908
36 0.034147
37 0.032776
38 0.027915
39 0.027080
40 0.028332
41 0.026418
42 0.022864
43 0.019458
44 0.015459
45 0.016150
46 0.016198
47 0.014099
48 0.013572
49 0.011595
50 0.012044
51 0.011388
52 0.011518
53 0.011185
54 0.011686
55 0.012216
56 0.011548
57 0.011556
58 0.010332
59 0.010101
60 0.010257
61 0.008999
62 0.008316
63 0.007386
64 0.006546
65 0.006169
66 0.005832
67 0.005302
68 0.005268
69 0.004930
70 0.005275
71 0.005016
72 0.004419
73 0.004024
74 0.003627
75 0.003627
76 0.002979
77 0.002839
78 0.002469
79 0.002376
80 0.002084
81 0.002076
82 0.001966
83 0.001921
84 0.001959
85 0.001801
86 0.001704
87 0.001444
88 0.001474
89 0.001405
90 0.001492
91 0.001314
92 0.001433
93 0.001377
94 0.001407
95 0.001455
96 0.001248
97 0.001241
98 0.001047
99 0.001005
100 0.000908
101 0.000840
102 0.000824
103 0.000891
104 0.000921
105 0.000940
106 0.000824
107 0.000746
108 0.000594
109 0.000509
110 0.000490
111 0.000478
112 0.000499
113 0.000471
114 0.000508
115 0.000400
116 0.000386
117 0.000361
118 0.000333
119 0.000361
120 0.000309
121 0.000297
122 0.000271
123 0.000258
124 0.000285
125 0.000271
126 0.000265
127 0.000286
128 0.000252
129 0.000249
130 0.000214
131 0.000183
132 0.000171
133 0.000149
134 0.000133
135 0.000122
136 0.000120
137 0.000115
138 0.000113
139 0.000106
140 0.000097
141 0.000085
142 0.000075
143 0.000064
144 0.000059
145 0.000055
146 0.000055
147 0.000059
148 0.000056
149 0.000057
150 0.000052
151 0.000046
152 0.000041
153 0.000039
154 0.000039
155 0.000037
156 0.000039
157 0.000036
158 0.000033
159 0.000028
160 0.000027
161 0.000025
162 0.000024
163 0.000021
164 0.000019
165 0.000018
166 0.000016
167 0.000017
168 0.000015
169 0.000015
170 0.000013
171 0.000013
172 0.000012
173 0.000011
174 0.000010
175 0.000010
176 0.000009
177 0.000008
178 0.000007
179 0.000007
180 0.000006
181 0.000006
182 0.000006
183 0.000006
184 0.000006
185 0.000005
186 0.000005
187 0.000005
188 0.000004
189 0.000004
190 0.000004
191 0.000003
192 0.000003
193 0.000003
194 0.000002
195 0.000002
196 0.000002
197 0.000002
198 0.000001
199 0.000001
200 0.000001
201 0.000001
202 0.000001
203 0.000001
204 0.000001
205 0.000001
206 0.000001
207 0.000001
208 0.000001
209 0.000001
210 0.000000
211 0.000000
212 0.000000
213 0.000000
214 0.000000
215 0.000000
216 0.000000
217 0.000000
218 0.000000
219 0.000000
220 0.000000
221 0.000000
222 0.000000
223 0.000000
224 0.000000
225 0.000000
226 0.000000
227 0.000000
228 0.000000
229 0.000000
230 0.000000
