#ite residual of mtx/s3rmq4m1.mtx
1 60.667325
2 45.636079
3 49.192306
4 49.855138
5 47.593591
6 46.247720
7 45.162579
8 46.635361
9 45.962053
10 46.761772
11 48.405565
12 51.390294
13 49.838029
14 48.791810
15 48.459965
16 48.671552
17 49.210176
18 47.922519
19 47.409617
20 46.077806
21 45.817042
22 46.847059
23 48.343453
24 48.096167
25 46.468783
26 47.961557
27 48.938018
28 49.240284
29 46.599199
30 44.903261
31 43.914816
32 43.935802
33 43.175488
34 43.415011
35 45.081790
36 45.983427
37 46.541923
38 47.163744
39 48.576038
40 49.128489
41 50.024860
42 48.317263
43 47.114203
44 44.854698
45 44.645028
46 45.940766
47 44.990809
48 44.597286
49 44.809266
50 46.442401
51 46.684702
52 45.633279
53 44.582722
54 44.105663
55 44.854868
56 45.469792
57 46.027537
58 44.624689
59 41.506971
60 40.141989
61 39.546275
62 41.942375
63 43.959931
64 44.204591
65 43.706626
66 42.604616
67 42.961711
68 42.547371
69 42.588876
70 42.020464
71 44.280593
72 45.600848
73 47.582500
74 47.409252
75 47.304607
76 49.138973
77 51.015165
78 51.207831
79 49.724984
80 47.902598
81 46.797549
82 47.144618
83 47.417789
84 47.313054
85 48.125471
86 49.027458
87 50.980607
88 50.216565
89 48.641950
90 48.919519
91 48.789361
92 50.498156
93 50.077597
94 50.446071
95 50.941612
96 51.748734
97 52.041918
98 52.740897
99 53.722379
100 54.035325
101 53.798193
102 56.339369
103 55.581226
104 52.987447
105 52.687306
106 54.195711
107 55.214450
108 56.342444
109 55.169034
110 54.828653
111 56.166694
112 58.236957
113 64.647227
114 66.320249
115 63.917466
116 60.261657
117 59.998301
118 58.654461
119 58.660442
120 59.736025
121 61.565632
122 61.100247
123 63.441046
124 64.957550
125 65.528173
126 67.217129
127 66.597815
128 65.987992
129 65.791486
130 65.126513
131 65.622011
132 63.124322
133 62.401903
134 62.238140
135 63.828255
136 66.986941
137 68.469962
138 65.977147
139 63.528952
140 63.275862
141 66.554512
142 66.717364
143 64.200849
144 65.126804
145 65.115002
146 65.436425
147 66.135354
148 66.882977
149 67.124190
150 69.454520
151 69.898092
152 69.181332
153 69.272371
154 70.288244
155 70.978085
156 69.079045
157 67.248876
158 66.697220
159 63.805746
160 65.827279
161 66.414146
162 66.235341
163 65.777549
164 66.415434
165 68.524616
166 69.011663
167 67.687002
168 67.923134
169 68.497834
170 68.547724
171 64.522296
172 64.881386
173 64.662055
174 66.690598
175 70.491251
176 72.466106
177 68.874854
178 67.399503
179 68.172381
180 70.835999
181 72.867304
182 75.028704
183 76.624302
184 72.069827
185 72.098383
186 73.377049
187 75.249839
188 77.412833
189 77.287814
190 77.414190
191 76.880176
192 76.993975
193 78.562848
194 79.903688
195 80.596340
196 79.360223
197 82.222922
198 84.818670
199 85.840257
200 85.956841
201 88.599046
202 89.528787
203 90.609808
204 90.426936
205 90.207635
206 87.204069
207 87.446076
208 87.538678
209 87.365677
210 89.533513
211 93.113516
212 92.815556
213 89.001976
214 90.870111
215 96.530430
216 102.847825
217 104.099692
218 100.763051
219 98.581255
220 98.890414
221 99.674960
222 102.827023
223 106.677991
224 102.123144
225 99.017275
226 100.522626
227 102.295406
228 102.656154
229 106.362062
230 112.695248
231 117.814165
232 118.562285
233 116.207237
234 110.403544
235 107.641132
236 106.887002
237 106.543874
238 109.109037
239 108.436673
240 106.674580
241 105.559737
242 108.722872
243 114.918770
244 113.792040
245 112.249044
246 111.422139
247 110.649190
248 110.401362
249 113.141695
250 120.075671
251 127.074805
252 132.752234
253 128.337121
254 124.807001
255 127.608446
256 130.708983
257 136.022453
258 123.519749
259 95.632827
260 108.793820
261 96.223914
262 95.126194
263 94.625799
264 93.828718
265 95.676281
266 95.528760
267 95.169737
268 98.335410
269 93.145471
270 87.656373
271 92.883609
272 95.669357
273 98.058814
274 99.444396
275 97.340305
276 97.194449
277 98.163245
278 99.081065
279 94.592892
280 92.684452
281 96.070210
282 94.784428
283 96.743607
284 98.279030
285 100.335156
286 103.374161
287 103.335750
288 100.675514
289 94.534596
290 95.112755
291 98.242353
292 106.045598
293 106.639735
294 99.383671
295 95.782178
296 96.585200
297 96.631569
298 93.860840
299 90.807067
300 96.192945
301 98.551556
302 98.394062
303 97.853318
304 97.997527
305 96.787223
306 95.716119
307 96.144799
308 96.336637
309 95.325176
310 97.847725
311 91.232520
312 90.985074
313 92.057411
314 90.601717
315 90.535003
316 84.831322
317 88.806034
318 93.834792
319 93.576491
320 89.657678
321 86.905261
322 86.048148
323 87.832284
324 88.603826
325 83.893597
326 82.226854
327 82.461012
328 80.293904
329 78.596654
330 75.491370
331 77.523836
332 80.145244
333 83.466215
334 87.074819
335 82.908222
336 79.649296
337 77.970000
338 78.691725
339 76.269077
340 79.471624
341 83.001746
342 89.029520
343 93.543549
344 95.605561
345 96.297758
346 93.052391
347 89.684840
348 89.998016
349 88.951863
350 90.356342
351 86.610412
352 81.343831
353 79.336731
354 79.422073
355 80.904518
356 82.642090
357 84.025057
358 84.580298
359 86.261721
360 88.995186
361 98.179354
362 103.581882
363 101.343093
364 98.255841
365 99.545035
366 94.118268
367 91.617872
368 89.817144
369 93.166907
370 98.846919
371 99.155446
372 99.050288
373 100.389134
374 101.528456
375 99.469228
376 91.896282
377 88.389211
378 88.113151
379 88.477192
380 93.022655
381 98.393015
382 93.460652
383 92.212329
384 91.006633
385 92.450965
386 93.855122
387 94.913835
388 98.992707
389 99.125973
390 102.120255
391 99.429918
392 95.686617
393 91.645663
394 87.660650
395 91.409579
396 94.833602
397 101.537974
398 102.694047
399 99.270610
400 91.540411
401 91.177426
402 90.364614
403 85.540247
404 85.397494
405 83.004343
406 88.239206
407 90.444647
408 94.934778
409 98.414922
410 101.057849
411 102.839247
412 95.465542
413 92.835661
414 91.682134
415 91.946611
416 96.455060
417 96.756163
418 95.242813
419 94.943346
420 96.570380
421 91.873461
422 84.167589
423 82.084653
424 84.006876
425 82.538762
426 81.434064
427 81.798579
428 82.260684
429 81.918744
430 81.075340
431 80.481157
432 82.464809
433 82.294359
434 84.335598
435 81.872777
436 81.823524
437 79.369272
438 77.250177
439 74.934659
440 75.976774
441 79.640692
442 83.409140
443 84.980593
444 80.872954
445 79.831631
446 80.271041
447 78.092980
448 79.931318
449 75.360819
450 70.727850
451 67.608885
452 65.633808
453 66.068304
454 65.338439
455 61.925612
456 62.794141
457 66.859894
458 66.508608
459 62.677045
460 58.469961
461 57.478837
462 55.762432
463 55.700927
464 56.965908
465 56.972052
466 54.542960
467 54.011491
468 53.001642
469 53.697163
470 52.619700
471 53.133717
472 55.678111
473 58.371995
474 55.694354
475 52.573188
476 48.084109
477 47.774627
478 48.745678
479 50.391869
480 48.906368
481 49.361400
482 50.794993
483 49.235435
484 48.160392
485 46.700677
486 45.212691
487 45.633946
488 44.702995
489 45.061237
490 42.726713
491 41.558908
492 42.031121
493 43.654700
494 44.622931
495 46.435177
496 46.147253
497 47.405453
498 47.596203
499 49.419036
500 48.595137
501 45.779736
502 42.680304
503 42.967899
504 42.969104
505 45.712895
506 47.188539
507 48.336649
508 49.967511
509 48.539758
510 48.222133
511 45.452989
512 46.773428
513 48.316544
514 44.381871
515 40.938923
516 43.378041
517 43.420921
518 39.758377
519 36.839802
520 35.000624
521 35.736010
522 37.202822
523 39.974804
524 40.757661
525 42.555954
526 40.943487
527 39.986063
528 38.665424
529 41.397410
530 45.678962
531 47.452608
532 45.017029
533 45.173273
534 45.523097
535 45.104872
536 47.778348
537 50.235629
538 50.299765
539 50.317752
540 48.363568
541 46.276876
542 44.659207
543 46.778837
544 47.390701
545 48.682296
546 51.624058
547 52.329976
548 48.742950
549 47.854134
550 46.809467
551 48.508791
552 50.137333
553 54.414869
554 56.466417
555 59.544491
556 61.634371
557 60.445121
558 59.577598
559 55.816668
560 55.176532
561 54.247279
562 53.424258
563 55.785523
564 56.588406
565 56.743603
566 56.600320
567 56.372787
568 56.799552
569 60.290395
570 65.177999
571 64.608140
572 65.035590
573 65.531089
574 69.503996
575 67.918723
576 63.176119
577 61.605514
578 60.627505
579 56.569569
580 53.750387
581 51.828041
582 51.722971
583 54.750444
584 57.246074
585 60.303019
586 61.649855
587 58.520698
588 59.606429
589 58.556209
590 58.966433
591 60.082063
592 63.579278
593 66.652308
594 66.715954
595 63.418625
596 62.236560
597 59.786932
598 59.178219
599 57.012517
600 56.392585
601 55.273108
602 55.677887
603 61.194248
604 62.930337
605 66.041174
606 63.373891
607 61.850127
608 61.441896
609 61.432196
610 61.959003
611 60.524335
612 58.883538
613 58.250165
614 61.067071
615 64.144907
616 61.545231
617 57.440369
618 55.593406
619 56.891901
620 60.218905
621 62.959334
622 64.813683
623 68.168735
624 71.025938
625 71.949382
626 68.545565
627 64.949554
628 65.710946
629 67.328353
630 70.480009
631 66.376843
632 66.743678
633 73.358670
634 77.885283
635 77.093973
636 70.881689
637 66.443297
638 65.221926
639 65.202609
640 71.841764
641 76.087839
642 74.404482
643 80.044656
644 85.216850
645 93.431199
646 84.737880
647 84.843950
648 81.666298
649 82.650705
650 86.820194
651 90.591658
652 101.809571
653 98.852846
654 92.029295
655 91.540046
656 93.259028
657 96.355473
658 107.172929
659 104.106603
660 97.380016
661 98.230558
662 105.117783
663 111.891150
664 114.578718
665 110.638144
666 114.639655
667 112.979091
668 108.746008
669 107.737662
670 104.102245
671 102.672783
672 103.491198
673 105.372979
674 103.280597
675 103.409398
676 113.643949
677 118.098659
678 119.396374
679 115.622458
680 116.526733
681 122.427063
682 136.906663
683 148.161350
684 141.601597
685 141.617363
686 137.841190
687 136.616160
688 147.176133
689 156.347391
690 161.264644
691 159.782863
692 157.590150
693 154.717243
694 151.639208
695 160.455574
696 170.159177
697 168.106040
698 171.956623
699 170.737395
700 169.040075
701 172.368664
702 172.006080
703 183.537953
704 184.027308
705 187.165387
706 190.736734
707 184.932521
708 178.592596
709 181.595017
710 183.333617
711 187.534770
712 197.793213
713 202.365310
714 205.744286
715 204.881522
716 208.155233
717 202.752714
718 197.426075
719 197.649862
720 187.389146
721 174.854353
722 165.590794
723 164.414908
724 168.621389
725 174.677807
726 175.811122
727 181.588269
728 188.657892
729 196.268735
730 199.564372
731 206.966309
732 213.636319
733 201.116871
734 195.349584
735 190.489628
736 181.488043
737 189.249279
738 203.270552
739 211.407554
740 219.510945
741 218.304317
742 220.063067
743 219.537978
744 219.600935
745 221.007041
746 217.009830
747 218.670964
748 216.046135
749 208.859406
750 194.100596
751 194.695285
752 200.805086
753 210.382554
754 212.794044
755 204.515117
756 199.116387
757 197.974634
758 206.495084
759 210.156426
760 199.618583
761 179.736246
762 166.429752
763 174.941762
764 190.996466
765 199.845440
766 200.779064
767 201.626912
768 190.273075
769 196.122371
770 197.320094
771 200.398553
772 186.778699
773 190.298894
774 179.160315
775 187.186165
776 183.278810
777 177.139957
778 170.404772
779 164.791318
780 161.655842
781 163.835942
782 164.871566
783 160.858530
784 159.727362
785 152.287741
786 151.867793
787 155.470564
788 153.681981
789 150.882953
790 165.002098
791 174.057880
792 176.414797
793 179.594711
794 175.302871
795 177.526627
796 177.629176
797 177.438074
798 178.271167
799 165.747761
800 164.676116
801 160.165215
802 159.552274
803 162.975408
804 166.270356
805 156.379260
806 153.398112
807 155.438509
808 158.941137
809 154.918535
810 153.778969
811 146.099129
812 147.667650
813 150.155043
814 148.948133
815 146.884681
816 146.455519
817 162.474243
818 174.108031
819 175.845998
820 170.432733
821 176.366548
822 175.968446
823 186.657478
824 182.411534
825 186.526692
826 206.910396
827 207.867520
828 202.948815
829 198.839159
830 192.033991
831 195.301771
832 211.493291
833 232.827810
834 219.412843
835 214.990619
836 214.878553
837 213.974610
838 207.653485
839 202.027545
840 205.599830
841 209.349642
842 223.133702
843 229.044320
844 220.916964
845 223.403321
846 236.202748
847 240.050235
848 235.141434
849 236.597476
850 237.930906
851 226.027389
852 216.037391
853 205.060064
854 200.598948
855 206.803535
856 202.760175
857 201.763337
858 197.661945
859 198.769485
860 200.439679
861 218.922350
862 209.883090
863 204.690571
864 212.395432
865 225.909826
866 230.799315
867 250.596059
868 249.756623
869 235.085150
870 239.074268
871 226.240467
872 223.900022
873 200.385507
874 187.589578
875 185.329072
876 188.140047
877 209.266738
878 225.093358
879 227.977002
880 234.757849
881 235.042916
882 249.912371
883 259.246770
884 259.259513
885 249.520274
886 244.293019
887 251.920310
888 236.331510
889 224.638208
890 206.386848
891 198.125938
892 197.382119
893 211.343968
894 223.387108
895 235.457332
896 230.561903
897 232.895758
898 224.988236
899 226.958600
900 232.556290
901 264.869237
902 268.280050
903 286.204619
904 298.706864
905 291.776619
906 276.646716
907 254.283116
908 245.524614
909 237.544943
910 242.336958
911 235.488575
912 218.692017
913 206.920355
914 204.261469
915 212.285986
916 235.061112
917 246.071297
918 240.539778
919 227.799503
920 234.356856
921 250.984654
922 258.151319
923 254.786487
924 257.771969
925 251.128895
926 240.529133
927 245.919662
928 248.452067
929 273.319357
930 285.385894
931 316.454225
932 326.402395
933 334.970406
934 327.174256
935 325.060773
936 291.636334
937 287.335577
938 293.114583
939 294.865774
940 281.818333
941 266.827290
942 289.811828
943 309.469751
944 327.839360
945 334.795288
946 307.764015
947 332.715591
948 340.175464
949 342.011547
950 334.094217
951 338.801993
952 337.667038
953 345.084446
954 340.529159
955 333.930049
956 326.301218
957 331.633297
958 329.792175
959 331.842751
960 347.798879
961 353.303578
962 365.455144
963 387.148639
964 367.223375
965 350.081538
966 349.099531
967 348.250920
968 354.209763
969 370.476788
970 377.245626
971 386.624868
972 410.137725
973 436.217418
974 424.281353
975 421.827678
976 399.008049
977 381.317477
978 371.385518
979 376.723437
980 385.027200
981 382.270176
982 396.458810
983 417.553987
984 444.451233
985 461.822802
986 469.795149
987 486.804402
988 488.751407
989 448.997691
990 436.660741
991 449.775204
992 461.157435
993 460.478990
994 477.809391
995 501.472782
996 496.559551
997 485.878106
998 506.239101
999 491.330698
1000 454.694953
1001 477.469292
1002 473.155274
1003 462.837908
1004 441.089719
1005 439.360294
1006 456.653000
1007 448.247013
1008 490.919505
1009 513.265321
1010 515.738165
1011 499.602685
1012 496.127176
1013 514.959182
1014 533.590593
1015 519.464699
1016 518.349027
1017 568.706825
1018 555.638489
1019 524.517747
1020 496.332623
1021 489.709573
1022 494.561468
1023 467.658909
1024 470.997679
1025 452.224092
1026 460.386170
1027 431.493184
1028 396.913322
1029 383.643798
1030 390.970212
1031 391.078112
1032 425.675911
1033 444.577955
1034 462.430369
1035 416.124720
1036 391.897223
1037 383.387969
1038 371.687462
1039 377.855974
1040 386.524661
1041 375.733656
1042 360.345437
1043 363.358630
1044 387.659387
1045 390.774397
1046 385.169275
1047 380.697574
1048 346.065178
1049 323.257899
1050 316.945751
1051 324.202042
1052 332.973340
1053 320.960706
1054 298.554663
1055 313.782251
1056 324.674655
1057 304.981481
1058 276.803080
1059 266.201223
1060 283.136849
1061 306.543475
1062 332.924530
1063 306.191387
1064 282.174141
1065 277.472498
1066 274.324043
1067 275.781893
1068 269.140634
1069 266.736079
1070 255.000914
1071 240.478535
1072 248.167446
1073 229.341081
1074 228.883271
1075 222.979563
1076 224.297774
1077 214.615934
1078 205.250435
1079 202.107902
1080 195.017949
1081 206.015243
1082 214.133205
1083 222.703886
1084 232.188381
1085 223.028540
1086 206.313801
1087 190.964169
1088 191.884664
1089 181.207787
1090 192.589334
1091 187.933170
1092 193.178615
1093 194.002945
1094 188.536804
1095 191.708248
1096 192.063895
1097 186.514900
1098 181.795511
1099 180.564617
1100 175.966151
1101 171.088889
1102 160.744696
1103 149.867691
1104 144.663498
1105 138.983540
1106 138.177976
1107 136.968527
1108 135.994904
1109 139.426529
1110 140.574684
1111 138.357601
1112 138.949031
1113 152.972960
1114 140.971228
1115 139.271411
1116 123.573266
1117 118.539034
1118 120.799827
1119 129.126886
1120 122.452631
1121 115.674374
1122 114.015135
1123 123.702664
1124 132.863684
1125 132.511926
1126 136.419349
1127 131.364539
1128 131.961435
1129 117.392105
1130 119.275249
1131 114.738343
1132 110.646118
1133 111.011639
1134 109.218585
1135 114.219586
1136 109.069217
1137 103.689889
1138 103.973127
1139 101.162522
1140 103.384843
1141 108.464576
1142 117.298793
1143 117.900562
1144 116.493534
1145 114.361580
1146 115.661503
1147 116.421882
1148 118.276332
1149 115.632221
1150 106.804717
1151 93.713785
1152 86.231279
1153 84.011399
1154 81.649538
1155 87.396082
1156 86.682167
1157 87.094861
1158 83.293324
1159 79.213559
1160 77.118614
1161 79.526378
1162 76.975864
1163 80.367838
1164 82.598688
1165 84.133838
1166 80.940152
1167 71.046950
1168 65.594840
1169 65.127729
1170 64.753578
1171 62.147470
1172 63.611518
1173 63.093272
1174 65.876120
1175 64.999218
1176 67.093665
1177 71.859615
1178 71.334026
1179 69.814911
1180 66.433279
1181 60.278403
1182 60.227221
1183 64.060377
1184 64.614017
1185 60.133682
1186 55.060327
1187 53.364549
1188 46.667513
1189 48.204922
1190 47.799867
1191 49.486166
1192 50.742433
1193 51.506042
1194 53.683472
1195 50.566416
1196 47.861190
1197 47.772871
1198 49.847047
1199 52.045867
1200 52.393825
1201 50.990206
1202 47.835605
1203 45.629563
1204 45.402905
1205 41.950333
1206 40.597773
1207 42.005304
1208 43.171858
1209 41.430422
1210 40.709053
1211 40.384463
1212 41.049176
1213 41.144660
1214 41.896444
1215 41.471561
1216 43.167525
1217 44.871116
1218 45.614201
1219 43.076162
1220 40.484292
1221 39.119239
1222 39.912648
1223 41.672307
1224 41.769664
1225 39.544385
1226 38.214635
1227 41.482636
1228 45.187106
1229 46.018590
1230 47.654137
1231 47.552895
1232 47.050145
1233 43.106630
1234 41.745170
1235 39.397874
1236 42.729117
1237 43.814429
1238 44.236973
1239 38.598547
1240 34.827878
1241 36.233116
1242 40.518667
1243 44.700738
1244 45.572223
1245 46.290166
1246 43.896191
1247 43.830547
1248 45.116561
1249 48.376096
1250 54.041035
1251 52.353112
1252 47.592459
1253 44.221630
1254 39.422124
1255 35.614619
1256 35.353026
1257 36.411191
1258 37.118250
1259 37.093136
1260 34.238874
1261 34.159356
1262 35.291994
1263 37.889156
1264 43.282977
1265 48.205818
1266 49.466411
1267 47.096761
1268 45.372523
1269 44.998516
1270 50.718317
1271 53.825336
1272 53.406174
1273 44.993275
1274 41.939300
1275 39.012103
1276 41.366609
1277 47.539639
1278 53.787666
1279 53.781002
1280 49.054829
1281 47.793756
1282 48.211795
1283 54.833008
1284 62.150778
1285 64.772878
1286 67.787157
1287 64.543589
1288 64.609192
1289 65.241161
1290 63.373343
1291 59.089622
1292 56.127916
1293 53.502744
1294 56.621370
1295 57.254654
1296 58.141591
1297 55.981416
1298 57.338289
1299 60.979583
1300 64.799031
1301 65.370324
1302 65.304669
1303 68.827781
1304 72.731966
1305 74.872028
1306 79.163704
1307 71.529798
1308 63.628124
1309 59.275677
1310 60.516906
1311 61.934518
1312 62.474812
1313 59.040830
1314 56.846019
1315 58.763061
1316 64.035733
1317 73.011331
1318 79.054962
1319 79.095958
1320 74.214289
1321 67.921132
1322 64.985565
1323 61.891494
1324 60.298635
1325 62.999155
1326 64.572442
1327 68.685928
1328 69.196112
1329 70.124714
1330 70.739057
1331 75.566702
1332 78.378412
1333 76.694891
1334 77.713368
1335 78.026683
1336 78.482243
1337 74.528489
1338 69.874929
1339 69.225045
1340 69.144472
1341 65.017736
1342 65.877242
1343 64.255496
1344 67.960518
1345 73.273358
1346 71.246877
1347 66.098341
1348 67.564931
1349 65.066616
1350 66.272278
1351 66.774825
1352 65.944047
1353 64.930678
1354 62.999312
1355 66.356602
1356 63.599058
1357 66.569568
1358 70.164946
1359 67.480307
1360 59.832391
1361 54.717012
1362 52.321313
1363 51.299373
1364 52.670382
1365 51.537144
1366 52.441538
1367 54.582719
1368 57.800302
1369 62.549375
1370 61.729232
1371 56.479336
1372 52.516890
1373 55.308845
1374 58.148664
1375 56.403713
1376 53.850787
1377 51.293870
1378 47.996142
1379 45.590703
1380 41.503626
1381 41.510010
1382 40.194908
1383 37.941287
1384 39.920082
1385 43.585247
1386 46.692028
1387 47.763010
1388 43.979484
1389 42.601390
1390 41.755165
1391 45.583287
1392 47.263133
1393 49.893272
1394 50.548457
1395 49.926830
1396 46.780957
1397 42.085008
1398 40.610211
1399 37.434651
1400 39.310313
1401 42.501532
1402 48.706308
1403 46.321229
1404 40.902041
1405 36.775548
1406 35.613271
1407 39.079347
1408 41.427772
1409 41.795144
1410 40.438721
1411 36.906959
1412 34.748185
1413 35.167905
1414 38.470848
1415 38.347177
1416 38.774258
1417 38.993182
1418 39.526113
1419 40.133419
1420 40.065282
1421 40.264956
1422 43.765444
1423 42.028572
1424 41.540067
1425 39.190792
1426 37.604497
1427 34.245147
1428 34.125681
1429 35.895615
1430 37.055488
1431 40.058310
1432 40.635102
1433 38.899558
1434 35.655103
1435 33.656980
1436 32.891186
1437 31.128050
1438 30.516036
1439 28.467514
1440 27.547330
1441 29.927492
1442 33.847272
1443 37.330589
1444 39.213504
1445 39.848294
1446 37.495350
1447 32.895107
1448 28.679332
1449 27.256566
1450 26.610996
1451 28.088406
1452 28.439821
1453 29.115653
1454 29.220969
1455 27.631217
1456 25.745421
1457 24.853432
1458 26.781299
1459 28.969006
1460 31.504965
1461 29.761090
1462 26.083808
1463 22.830639
1464 22.131626
1465 24.747079
1466 24.892808
1467 25.470424
1468 25.286409
1469 25.176745
1470 23.620420
1471 23.204326
1472 23.713432
1473 25.741230
1474 27.132139
1475 29.106615
1476 27.018538
1477 24.519498
1478 23.020576
1479 24.694017
1480 27.808290
1481 34.251578
1482 33.142480
1483 30.630555
1484 26.425753
1485 23.892313
1486 21.704182
1487 21.262999
1488 21.673831
1489 22.357505
1490 23.170120
1491 22.906785
1492 24.161810
1493 24.192311
1494 24.107774
1495 23.683244
1496 22.861046
1497 20.918651
1498 20.910571
1499 21.739586
1500 20.931764
1501 20.367196
1502 19.955791
1503 19.981914
1504 19.178136
1505 19.480250
1506 19.173164
1507 18.956907
1508 20.087824
1509 21.502810
1510 22.903082
1511 23.058512
1512 22.407859
1513 20.456840
1514 19.231646
1515 19.488727
1516 19.657791
1517 20.591580
1518 20.488992
1519 20.360728
1520 20.532629
1521 19.327096
1522 18.040550
1523 18.792954
1524 19.456174
1525 21.506695
1526 20.740740
1527 20.148029
1528 19.230371
1529 19.908542
1530 20.107112
1531 20.428428
1532 20.585825
1533 20.711147
1534 21.467879
1535 22.740514
1536 21.609419
1537 20.031384
1538 17.771159
1539 16.411967
1540 15.557841
1541 15.520858
1542 17.139643
1543 17.252610
1544 17.591848
1545 17.435640
1546 16.649534
1547 17.887639
1548 18.442637
1549 20.418071
1550 21.699103
1551 20.935984
1552 18.560001
1553 16.098637
1554 15.664664
1555 15.959932
1556 16.401361
1557 16.419896
1558 17.648083
1559 17.862229
1560 17.881553
1561 17.876466
1562 18.264726
1563 18.173034
1564 17.928360
1565 17.033646
1566 17.684055
1567 18.930354
1568 19.439765
1569 18.995612
1570 17.200907
1571 16.084807
1572 15.409695
1573 14.794845
1574 14.634066
1575 14.961905
1576 16.150754
1577 17.538003
1578 18.109793
1579 18.888170
1580 17.972945
1581 18.327240
1582 18.163443
1583 18.465174
1584 18.758378
1585 18.389224
1586 19.188623
1587 18.391304
1588 17.165628
1589 15.817331
1590 14.560119
1591 14.805372
1592 14.842173
1593 15.069067
1594 16.240144
1595 16.990500
1596 17.282593
1597 17.117985
1598 17.959754
1599 17.394131
1600 16.019726
1601 14.831763
1602 14.411439
1603 14.638660
1604 14.714447
1605 15.425756
1606 16.038504
1607 17.811910
1608 19.162520
1609 17.622752
1610 14.368386
1611 12.483542
1612 12.228810
1613 13.519203
1614 15.230561
1615 16.063627
1616 15.189083
1617 14.049651
1618 13.888177
1619 14.195280
1620 14.980513
1621 15.800219
1622 16.253969
1623 16.261164
1624 14.721232
1625 13.141458
1626 13.387667
1627 13.819459
1628 13.375968
1629 12.567092
1630 12.035870
1631 12.274865
1632 12.726024
1633 13.744530
1634 15.480281
1635 15.868149
1636 16.700975
1637 13.570765
1638 12.457502
1639 11.149959
1640 11.959684
1641 14.140384
1642 17.158877
1643 18.157486
1644 16.215494
1645 14.797239
1646 14.027315
1647 15.006935
1648 17.332759
1649 17.262316
1650 15.831130
1651 14.994399
1652 14.269825
1653 15.431356
1654 16.523829
1655 17.849096
1656 17.176660
1657 17.446396
1658 17.671134
1659 18.004858
1660 17.019612
1661 17.468760
1662 19.164551
1663 20.426763
1664 20.283639
1665 18.167847
1666 16.421805
1667 16.298773
1668 17.972875
1669 19.226106
1670 19.538739
1671 19.152208
1672 18.148462
1673 18.560147
1674 20.041971
1675 20.240684
1676 21.195188
1677 19.914864
1678 19.347512
1679 18.600926
1680 16.943687
1681 16.876183
1682 19.268028
1683 20.574128
1684 20.819737
1685 19.090695
1686 17.730298
1687 16.218253
1688 15.875287
1689 17.091993
1690 19.210482
1691 22.176367
1692 21.594503
1693 20.677364
1694 17.545973
1695 16.165248
1696 18.296872
1697 18.830745
1698 19.616327
1699 17.838540
1700 15.921840
1701 16.266100
1702 17.559568
1703 19.647417
1704 19.421340
1705 18.941550
1706 18.520920
1707 18.148960
1708 18.752450
1709 18.563900
1710 18.880244
1711 18.183796
1712 19.434793
1713 18.244589
1714 17.645181
1715 16.859859
1716 16.268258
1717 17.533707
1718 19.910992
1719 21.840736
1720 19.979157
1721 17.540686
1722 15.859606
1723 15.309108
1724 15.982354
1725 15.745053
1726 15.990725
1727 15.651291
1728 15.306685
1729 14.954570
1730 16.144860
1731 17.331733
1732 19.309595
1733 20.651693
1734 18.818579
1735 16.495599
1736 15.773037
1737 17.312326
1738 18.786624
1739 17.985099
1740 16.425570
1741 14.768233
1742 14.729293
1743 15.047963
1744 14.807248
1745 15.337832
1746 16.419084
1747 16.275898
1748 15.469878
1749 14.057787
1750 14.039333
1751 14.263742
1752 14.290782
1753 15.747348
1754 18.991921
1755 19.243701
1756 18.249508
1757 15.816119
1758 14.133657
1759 15.211425
1760 15.839484
1761 15.552921
1762 13.758398
1763 13.158536
1764 13.293902
1765 12.661218
1766 13.489777
1767 12.810390
1768 12.358283
1769 13.190960
1770 13.429483
1771 12.641821
1772 11.540269
1773 11.337936
1774 12.788608
1775 13.471775
1776 14.165335
1777 13.192885
1778 12.831321
1779 12.792597
1780 13.322361
1781 14.492274
1782 15.293698
1783 14.877129
1784 12.690718
1785 11.594316
1786 10.985651
1787 12.189014
1788 13.366381
1789 13.544850
1790 12.143595
1791 10.870451
1792 10.441361
1793 11.090160
1794 12.456627
1795 14.404354
1796 15.081520
1797 14.727786
1798 13.390152
1799 11.973108
1800 10.991500
1801 11.083317
1802 11.593783
1803 12.549765
1804 13.190527
1805 14.261583
1806 13.059014
1807 12.455050
1808 12.776693
1809 13.958668
1810 16.410617
1811 16.415650
1812 15.210433
1813 12.891210
1814 12.029089
1815 12.790192
1816 14.198501
1817 15.652044
1818 14.737091
1819 14.026585
1820 13.107673
1821 13.768910
1822 15.855198
1823 17.105290
1824 17.755621
1825 16.753464
1826 14.704251
1827 14.017258
1828 14.163464
1829 15.201472
1830 16.430570
1831 17.351716
1832 17.358944
1833 17.135340
1834 16.798440
1835 15.948196
1836 16.021539
1837 15.357482
1838 14.865850
1839 14.013105
1840 14.254766
1841 14.650592
1842 15.156716
1843 15.862048
1844 18.872539
1845 21.210132
1846 20.434507
1847 16.707041
1848 13.194190
1849 12.845496
1850 14.628766
1851 17.469325
1852 16.257186
1853 13.178651
1854 11.905409
1855 11.085879
1856 12.033830
1857 12.286593
1858 12.658277
1859 13.398944
1860 13.070981
1861 13.355933
1862 13.053607
1863 12.404067
1864 12.626050
1865 13.923624
1866 14.503498
1867 13.817085
1868 12.411736
1869 11.615919
1870 11.026945
1871 11.624505
1872 12.564351
1873 13.841212
1874 13.543301
1875 11.989774
1876 11.070094
1877 10.686163
1878 11.970704
1879 13.352182
1880 15.324493
1881 15.272791
1882 13.662495
1883 11.718922
1884 10.059014
1885 9.946769
1886 10.135731
1887 9.549275
1888 9.953143
1889 10.351472
1890 11.701326
1891 11.745833
1892 12.235092
1893 11.904765
1894 11.716782
1895 10.758871
1896 9.504177
1897 8.405575
1898 8.352573
1899 8.921872
1900 10.413829
1901 10.313384
1902 10.678927
1903 9.336054
1904 7.844428
1905 7.406022
1906 8.103576
1907 9.548627
1908 11.451039
1909 11.898504
1910 10.536498
1911 8.581713
1912 7.226643
1913 7.476908
1914 9.119162
1915 10.614700
1916 10.892714
1917 10.006039
1918 8.153609
1919 7.140052
1920 6.456470
1921 6.591347
1922 7.136096
1923 6.988952
1924 6.949745
1925 7.129724
1926 7.007364
1927 7.449060
1928 7.090330
1929 7.092804
1930 6.478133
1931 6.139948
1932 6.096690
1933 6.276564
1934 6.564110
1935 7.182730
1936 7.523598
1937 7.662289
1938 7.167421
1939 6.714387
1940 6.253158
1941 6.180597
1942 6.659006
1943 7.789529
1944 7.589499
1945 6.401033
1946 5.546795
1947 5.122670
1948 5.261654
1949 6.074665
1950 7.067787
1951 7.387687
1952 6.767035
1953 6.318936
1954 5.956705
1955 5.985025
1956 6.024927
1957 6.454724
1958 6.295691
1959 6.256820
1960 6.051316
1961 5.740842
1962 5.757909
1963 5.649885
1964 6.224869
1965 5.864785
1966 5.898750
1967 5.247660
1968 4.940016
1969 4.620020
1970 4.816333
1971 5.917611
1972 6.500875
1973 6.763078
1974 6.040533
1975 5.506246
1976 5.613791
1977 6.036086
1978 6.616145
1979 6.327599
1980 5.809833
1981 4.998158
1982 4.309521
1983 4.318041
1984 4.361680
1985 4.079004
1986 3.942893
1987 3.747986
1988 3.904524
1989 4.476388
1990 4.804775
1991 5.275815
1992 5.609293
1993 5.515340
1994 4.863752
1995 4.234267
1996 3.566815
1997 3.261377
1998 3.237077
1999 3.801557
2000 4.495156
2001 4.700486
2002 4.197677
2003 3.697311
2004 3.604896
2005 4.123896
2006 4.888249
2007 5.262843
2008 5.078847
2009 4.231593
2010 3.192229
2011 2.551727
2012 2.370890
2013 2.732784
2014 3.387170
2015 3.766002
2016 3.764662
2017 3.463893
2018 2.929300
2019 2.737613
2020 2.677638
2021 2.778011
2022 2.944680
2023 3.291435
2024 3.820221
2025 3.969893
2026 3.576542
2027 3.089743
2028 2.787538
2029 2.558347
2030 2.520109
2031 2.589621
2032 2.818918
2033 2.898896
2034 2.901471
2035 2.777288
2036 2.554513
2037 2.403291
2038 2.298025
2039 2.393270
2040 2.757169
2041 3.454190
2042 3.665882
2043 3.270085
2044 2.387929
2045 1.829444
2046 1.575031
2047 1.856426
2048 2.325685
2049 2.650254
2050 2.501270
2051 2.294234
2052 1.971896
2053 1.771170
2054 1.838292
2055 1.971699
2056 2.091473
2057 2.231183
2058 2.564743
2059 2.860190
2060 2.643094
2061 2.340840
2062 2.008762
2063 1.823072
2064 1.901901
2065 2.001977
2066 2.154980
2067 2.204720
2068 2.142383
2069 2.064310
2070 1.932338
2071 1.877511
2072 1.815779
2073 1.876532
2074 2.168646
2075 2.476678
2076 2.870069
2077 2.582373
2078 1.964975
2079 1.604584
2080 1.540756
2081 1.767307
2082 2.104094
2083 2.484023
2084 2.483350
2085 2.396806
2086 2.219029
2087 2.118442
2088 2.099775
2089 1.941871
2090 2.073644
2091 2.215896
2092 2.382476
2093 2.319487
2094 2.054397
2095 1.729180
2096 1.574712
2097 1.600665
2098 1.873536
2099 1.995283
2100 2.203406
2101 2.220682
2102 2.182729
2103 2.229048
2104 1.991232
2105 1.711511
2106 1.473582
2107 1.595949
2108 2.007194
2109 2.247489
2110 2.342711
2111 2.099850
2112 1.801837
2113 1.503174
2114 1.236583
2115 1.314954
2116 1.519327
2117 1.768559
2118 1.768269
2119 1.724919
2120 1.602859
2121 1.508380
2122 1.689527
2123 1.615194
2124 1.663125
2125 1.640549
2126 1.657007
2127 1.824926
2128 1.786412
2129 1.667222
2130 1.309658
2131 1.180626
2132 1.232216
2133 1.465038
2134 1.653291
2135 1.784877
2136 1.732952
2137 1.646613
2138 1.555263
2139 1.360499
2140 1.223836
2141 1.224238
2142 1.358147
2143 1.645276
2144 1.990141
2145 1.884876
2146 1.429123
2147 1.083453
2148 0.929600
2149 1.057064
2150 1.234806
2151 1.395490
2152 1.414135
2153 1.349664
2154 1.367693
2155 1.366968
2156 1.236499
2157 1.204915
2158 1.173721
2159 1.351316
2160 1.409453
2161 1.396904
2162 1.336910
2163 1.184451
2164 1.141059
2165 1.043656
2166 1.088148
2167 1.147398
2168 1.184306
2169 1.291035
2170 1.297641
2171 1.244590
2172 1.220787
2173 1.068654
2174 0.952221
2175 0.985300
2176 1.256651
2177 1.651510
2178 1.745174
2179 1.686734
2180 1.416347
2181 1.147208
2182 0.913952
2183 0.910643
2184 1.092814
2185 1.190536
2186 1.325504
2187 1.333719
2188 1.387669
2189 1.258536
2190 1.171660
2191 0.982782
2192 0.958586
2193 1.017499
2194 1.162541
2195 1.264159
2196 1.288958
2197 1.123167
2198 1.006386
2199 1.019864
2200 1.114356
2201 1.136332
2202 1.140331
2203 1.228824
2204 1.336763
2205 1.384175
2206 1.239861
2207 0.974460
2208 0.775219
2209 0.776776
2210 0.906437
2211 1.172849
2212 1.186885
2213 1.100633
2214 0.961891
2215 0.909655
2216 0.847780
2217 0.836656
2218 0.920430
2219 0.970296
2220 1.026921
2221 1.016522
2222 0.918641
2223 0.854956
2224 0.806692
2225 0.771484
2226 0.813720
2227 0.843210
2228 0.971056
2229 1.001556
2230 1.033254
2231 0.915437
2232 0.776882
2233 0.739479
2234 0.660898
2235 0.672090
2236 0.600095
2237 0.746331
2238 0.881713
2239 1.114305
2240 1.116646
2241 0.975260
2242 0.805444
2243 0.690678
2244 0.738311
2245 0.803461
2246 0.828053
2247 0.758137
2248 0.713768
2249 0.687799
2250 0.702307
2251 0.761770
2252 0.732848
2253 0.669196
2254 0.624507
2255 0.678558
2256 0.767446
2257 0.773950
2258 0.725382
2259 0.657101
2260 0.652339
2261 0.718043
2262 0.731619
2263 0.807671
2264 0.798049
2265 0.837289
2266 0.871416
2267 0.872278
2268 0.793310
2269 0.717076
2270 0.660472
2271 0.583979
2272 0.527283
2273 0.545491
2274 0.526248
2275 0.570409
2276 0.590440
2277 0.672426
2278 0.707839
2279 0.677198
2280 0.660579
2281 0.573158
2282 0.557302
2283 0.590918
2284 0.688511
2285 0.804065
2286 0.827519
2287 0.696862
2288 0.572359
2289 0.527683
2290 0.566623
2291 0.598507
2292 0.567564
2293 0.540333
2294 0.521539
2295 0.528627
2296 0.577669
2297 0.558537
2298 0.507926
2299 0.525428
2300 0.577977
2301 0.659570
2302 0.662914
2303 0.575201
2304 0.506509
2305 0.454176
2306 0.520672
2307 0.621023
2308 0.666247
2309 0.617941
2310 0.537693
2311 0.541921
2312 0.550187
2313 0.554299
2314 0.593085
2315 0.589533
2316 0.612078
2317 0.650392
2318 0.722368
2319 0.612920
2320 0.579220
2321 0.514693
2322 0.561047
2323 0.611418
2324 0.635266
2325 0.584984
2326 0.522300
2327 0.526933
2328 0.593459
2329 0.621994
2330 0.615517
2331 0.530189
2332 0.523712
2333 0.527235
2334 0.644870
2335 0.645016
2336 0.695657
2337 0.594932
2338 0.581969
2339 0.565167
2340 0.569604
2341 0.543494
2342 0.442242
2343 0.421486
2344 0.377789
2345 0.436046
2346 0.522762
2347 0.615153
2348 0.645937
2349 0.635092
2350 0.644530
2351 0.597605
2352 0.588442
2353 0.533060
2354 0.494593
2355 0.505754
2356 0.528447
2357 0.549952
2358 0.476762
2359 0.423270
2360 0.434470
2361 0.462009
2362 0.552736
2363 0.598914
2364 0.615126
2365 0.572827
2366 0.604647
2367 0.613253
2368 0.614100
2369 0.598229
2370 0.517166
2371 0.487234
2372 0.495288
2373 0.564804
2374 0.621911
2375 0.620968
2376 0.584687
2377 0.614861
2378 0.625853
2379 0.614257
2380 0.589432
2381 0.529875
2382 0.483513
2383 0.524471
2384 0.642961
2385 0.716462
2386 0.720832
2387 0.698164
2388 0.674933
2389 0.746890
2390 0.679696
2391 0.558464
2392 0.540336
2393 0.519059
2394 0.625258
2395 0.618006
2396 0.611298
2397 0.560982
2398 0.605938
2399 0.677900
2400 0.641075
2401 0.673420
2402 0.590222
2403 0.680508
2404 0.666764
2405 0.658619
2406 0.501149
2407 0.450919
2408 0.438053
2409 0.485103
2410 0.566118
2411 0.539395
2412 0.613123
2413 0.565490
2414 0.698241
2415 0.697075
2416 0.760096
2417 0.708512
2418 0.680364
2419 0.693705
2420 0.576746
2421 0.540365
2422 0.443134
2423 0.445739
2424 0.443566
2425 0.500316
2426 0.513686
2427 0.439367
2428 0.419577
2429 0.466874
2430 0.533863
2431 0.586823
2432 0.585524
2433 0.537761
2434 0.516397
2435 0.565758
2436 0.612949
2437 0.542025
2438 0.495216
2439 0.446769
2440 0.552925
2441 0.597036
2442 0.519318
2443 0.450826
2444 0.397599
2445 0.427346
2446 0.433515
2447 0.465592
2448 0.386136
2449 0.367529
2450 0.348691
2451 0.409839
2452 0.426247
2453 0.405477
2454 0.417711
2455 0.455384
2456 0.518712
2457 0.491617
2458 0.446322
2459 0.358734
2460 0.383400
2461 0.368674
2462 0.353903
2463 0.356268
2464 0.347945
2465 0.443603
2466 0.458117
2467 0.461541
2468 0.440499
2469 0.416271
2470 0.460920
2471 0.442279
2472 0.432381
2473 0.378170
2474 0.391016
2475 0.357070
2476 0.361595
2477 0.357673
2478 0.346640
2479 0.362025
2480 0.364750
2481 0.413233
2482 0.425424
2483 0.415143
2484 0.408016
2485 0.407420
2486 0.469531
2487 0.441630
2488 0.392781
2489 0.311045
2490 0.264972
2491 0.274138
2492 0.273815
2493 0.303254
2494 0.286874
2495 0.321706
2496 0.363313
2497 0.446371
2498 0.409058
2499 0.355706
2500 0.324080
2501 0.333166
2502 0.399794
2503 0.374970
2504 0.356588
2505 0.313083
2506 0.341236
2507 0.323647
2508 0.344392
2509 0.269807
2510 0.254142
2511 0.247146
2512 0.293594
2513 0.305673
2514 0.287787
2515 0.240445
2516 0.240317
2517 0.304950
2518 0.317248
2519 0.308385
2520 0.246009
2521 0.243810
2522 0.245655
2523 0.237071
2524 0.240470
2525 0.241733
2526 0.263956
2527 0.280345
2528 0.265128
2529 0.249127
2530 0.247395
2531 0.265026
2532 0.269587
2533 0.277297
2534 0.250965
2535 0.247367
2536 0.250519
2537 0.254308
2538 0.254306
2539 0.220873
2540 0.234399
2541 0.237315
2542 0.290940
2543 0.279018
2544 0.257885
2545 0.221355
2546 0.222164
2547 0.222408
2548 0.235467
2549 0.229085
2550 0.192272
2551 0.209804
2552 0.237226
2553 0.276772
2554 0.253506
2555 0.248800
2556 0.231463
2557 0.230639
2558 0.192147
2559 0.161625
2560 0.148092
2561 0.164796
2562 0.187214
2563 0.227945
2564 0.233959
2565 0.227461
2566 0.228071
2567 0.225524
2568 0.225906
2569 0.229874
2570 0.208151
2571 0.186419
2572 0.179546
2573 0.191221
2574 0.188745
2575 0.162060
2576 0.152866
2577 0.144596
2578 0.157860
2579 0.179501
2580 0.207141
2581 0.195718
2582 0.213340
2583 0.212127
2584 0.228386
2585 0.212450
2586 0.200529
2587 0.182800
2588 0.179123
2589 0.175424
2590 0.160479
2591 0.153506
2592 0.144940
2593 0.175468
2594 0.182218
2595 0.183615
2596 0.159062
2597 0.168538
2598 0.174892
2599 0.175311
2600 0.156348
2601 0.136387
2602 0.144682
2603 0.169258
2604 0.200729
2605 0.184139
2606 0.184783
2607 0.177378
2608 0.191380
2609 0.177771
2610 0.140963
2611 0.132086
2612 0.129236
2613 0.155735
2614 0.147474
2615 0.134328
2616 0.142024
2617 0.154692
2618 0.187184
2619 0.204111
2620 0.205599
2621 0.162072
2622 0.164382
2623 0.164857
2624 0.175295
2625 0.150336
2626 0.146120
2627 0.136150
2628 0.133839
2629 0.136565
2630 0.137675
2631 0.138594
2632 0.167428
2633 0.211881
2634 0.208444
2635 0.191135
2636 0.151338
2637 0.151487
2638 0.139693
2639 0.152805
2640 0.134880
2641 0.128483
2642 0.122330
2643 0.132083
2644 0.128035
2645 0.125214
2646 0.114631
2647 0.123335
2648 0.124578
2649 0.128303
2650 0.119979
2651 0.102861
2652 0.108810
2653 0.127804
2654 0.154801
2655 0.146784
2656 0.126570
2657 0.096659
2658 0.096166
2659 0.100015
2660 0.106992
2661 0.098101
2662 0.094179
2663 0.098582
2664 0.107558
2665 0.112070
2666 0.111681
2667 0.103172
2668 0.104849
2669 0.110772
2670 0.117796
2671 0.110722
2672 0.090713
2673 0.078888
2674 0.078882
2675 0.083887
2676 0.073224
2677 0.080330
2678 0.085392
2679 0.102533
2680 0.102852
2681 0.093685
2682 0.090838
2683 0.091550
2684 0.100167
2685 0.101068
2686 0.082575
2687 0.074731
2688 0.073419
2689 0.078886
2690 0.083249
2691 0.073065
2692 0.077861
2693 0.083811
2694 0.088167
2695 0.082454
2696 0.074421
2697 0.070614
2698 0.069260
2699 0.071030
2700 0.074118
2701 0.077603
2702 0.094340
2703 0.110971
2704 0.129225
2705 0.117561
2706 0.103393
2707 0.085195
2708 0.077169
2709 0.076146
2710 0.078288
2711 0.075649
2712 0.074206
2713 0.073645
2714 0.071805
2715 0.074527
2716 0.087471
2717 0.104025
2718 0.112787
2719 0.108016
2720 0.103523
2721 0.101505
2722 0.093372
2723 0.090199
2724 0.082141
2725 0.085113
2726 0.084323
2727 0.095756
2728 0.103256
2729 0.097612
2730 0.090022
2731 0.083115
2732 0.089573
2733 0.093740
2734 0.097035
2735 0.111438
2736 0.117061
2737 0.127116
2738 0.110410
2739 0.105428
2740 0.087627
2741 0.093943
2742 0.098537
2743 0.105186
2744 0.091770
2745 0.073511
2746 0.072973
2747 0.080899
2748 0.095859
2749 0.098036
2750 0.093384
2751 0.089802
2752 0.097144
2753 0.099713
2754 0.103735
2755 0.092997
2756 0.095800
2757 0.088313
2758 0.083323
2759 0.074765
2760 0.073618
2761 0.078843
2762 0.084806
2763 0.090752
2764 0.094172
2765 0.106545
2766 0.111099
2767 0.104522
2768 0.091582
2769 0.085191
2770 0.082317
2771 0.083296
2772 0.075825
2773 0.081540
2774 0.082430
2775 0.086568
2776 0.090024
2777 0.086417
2778 0.083285
2779 0.080194
2780 0.076868
2781 0.072668
2782 0.066708
2783 0.065832
2784 0.080600
2785 0.090841
2786 0.115315
2787 0.120678
2788 0.115822
2789 0.096043
2790 0.087221
2791 0.084717
2792 0.086617
2793 0.076380
2794 0.067290
2795 0.054406
2796 0.057290
2797 0.060979
2798 0.062720
2799 0.077224
2800 0.089896
2801 0.112509
2802 0.113625
2803 0.106666
2804 0.093359
2805 0.092878
2806 0.087886
2807 0.081082
2808 0.070094
2809 0.064819
2810 0.069840
2811 0.074736
2812 0.078360
2813 0.071259
2814 0.071456
2815 0.083936
2816 0.096589
2817 0.100985
2818 0.085790
2819 0.076207
2820 0.069177
2821 0.072015
2822 0.070210
2823 0.068487
2824 0.068363
2825 0.070967
2826 0.078582
2827 0.076287
2828 0.078857
2829 0.084569
2830 0.086593
2831 0.078958
2832 0.078228
2833 0.077477
2834 0.080560
2835 0.081140
2836 0.077910
2837 0.078251
2838 0.086115
2839 0.094589
2840 0.098033
2841 0.089231
2842 0.089466
2843 0.080971
2844 0.083427
2845 0.076547
2846 0.077928
2847 0.081430
2848 0.076894
2849 0.080932
2850 0.080735
2851 0.099032
2852 0.111020
2853 0.117202
2854 0.105790
2855 0.101550
2856 0.091296
2857 0.095619
2858 0.088853
2859 0.096271
2860 0.090193
2861 0.091646
2862 0.089168
2863 0.089884
2864 0.084107
2865 0.087937
2866 0.093231
2867 0.119732
2868 0.116064
2869 0.116831
2870 0.104308
2871 0.106830
2872 0.105301
2873 0.111712
2874 0.111050
2875 0.100141
2876 0.083348
2877 0.075554
2878 0.080223
2879 0.085313
2880 0.086400
2881 0.088463
2882 0.090131
2883 0.093431
2884 0.094970
2885 0.105807
2886 0.121218
2887 0.136537
2888 0.144477
2889 0.120879
2890 0.103699
2891 0.096978
2892 0.104263
2893 0.101049
2894 0.101392
2895 0.087772
2896 0.097034
2897 0.106966
2898 0.126035
2899 0.132556
2900 0.136765
2901 0.142895
2902 0.128028
2903 0.113002
2904 0.106297
2905 0.106065
2906 0.104103
2907 0.104609
2908 0.110193
2909 0.126865
2910 0.133903
2911 0.118121
2912 0.105123
2913 0.109081
2914 0.111955
2915 0.113356
2916 0.098345
2917 0.086583
2918 0.084130
2919 0.093702
2920 0.098933
2921 0.110354
2922 0.111212
2923 0.127055
2924 0.134252
2925 0.128433
2926 0.106555
2927 0.090967
2928 0.084518
2929 0.084088
2930 0.093824
2931 0.086861
2932 0.095931
2933 0.107990
2934 0.119407
2935 0.115269
2936 0.112510
2937 0.119182
2938 0.125385
2939 0.107424
2940 0.088024
2941 0.082755
2942 0.093956
2943 0.095926
2944 0.092853
2945 0.086674
2946 0.100341
2947 0.115695
2948 0.128576
2949 0.135564
2950 0.137707
2951 0.142596
2952 0.137703
2953 0.130916
2954 0.122042
2955 0.106827
2956 0.089159
2957 0.079652
2958 0.076683
2959 0.072359
2960 0.074930
2961 0.087682
2962 0.104370
2963 0.117913
2964 0.130463
2965 0.134837
2966 0.139985
2967 0.130349
2968 0.126139
2969 0.107883
2970 0.102953
2971 0.097849
2972 0.088950
2973 0.092409
2974 0.100783
2975 0.115044
2976 0.118405
2977 0.119904
2978 0.119016
2979 0.120469
2980 0.099697
2981 0.099516
2982 0.096943
2983 0.113272
2984 0.112685
2985 0.131818
2986 0.136536
2987 0.150756
2988 0.147618
2989 0.156424
2990 0.149059
2991 0.148097
2992 0.141815
2993 0.141406
2994 0.114298
2995 0.105738
2996 0.102856
2997 0.114753
2998 0.133613
2999 0.143960
3000 0.154166
3001 0.153278
3002 0.144872
3003 0.130188
3004 0.140446
3005 0.150039
3006 0.160228
3007 0.149303
3008 0.123765
3009 0.110811
3010 0.112875
3011 0.119912
3012 0.132262
3013 0.133064
3014 0.148248
3015 0.159353
3016 0.162331
3017 0.145601
3018 0.142301
3019 0.141493
3020 0.141523
3021 0.121687
3022 0.113890
3023 0.116956
3024 0.125837
3025 0.128689
3026 0.141913
3027 0.135090
3028 0.137366
3029 0.131440
3030 0.125579
3031 0.128393
3032 0.149471
3033 0.179342
3034 0.176414
3035 0.153902
3036 0.125990
3037 0.131071
3038 0.133180
3039 0.129444
3040 0.116624
3041 0.108264
3042 0.114237
3043 0.135869
3044 0.148806
3045 0.161917
3046 0.146035
3047 0.162031
3048 0.171069
3049 0.178013
3050 0.163268
3051 0.149948
3052 0.132547
3053 0.135856
3054 0.136461
3055 0.147446
3056 0.150355
3057 0.149462
3058 0.137626
3059 0.133836
3060 0.126177
3061 0.128214
3062 0.121578
3063 0.111300
3064 0.100352
3065 0.100468
3066 0.114214
3067 0.138254
3068 0.160421
3069 0.186596
3070 0.170413
3071 0.162653
3072 0.139284
3073 0.125354
3074 0.125336
3075 0.125508
3076 0.129814
3077 0.114441
3078 0.098497
3079 0.099113
3080 0.120626
3081 0.134986
3082 0.138432
3083 0.123018
3084 0.134805
3085 0.139125
3086 0.140266
3087 0.128825
3088 0.121227
3089 0.127314
3090 0.116352
3091 0.095470
3092 0.091829
3093 0.105899
3094 0.134021
3095 0.169288
3096 0.170100
3097 0.149912
3098 0.155137
3099 0.142387
3100 0.129877
3101 0.112613
3102 0.097945
3103 0.102462
3104 0.091378
3105 0.090123
3106 0.083561
3107 0.100508
3108 0.124750
3109 0.132693
3110 0.126283
3111 0.114375
3112 0.117006
3113 0.120816
3114 0.115230
3115 0.107580
3116 0.109626
3117 0.131586
3118 0.160047
3119 0.159688
3120 0.153760
3121 0.142744
3122 0.139872
3123 0.127358
3124 0.113521
3125 0.113870
3126 0.123274
3127 0.131462
3128 0.122101
3129 0.104530
3130 0.109606
3131 0.136040
3132 0.149199
3133 0.147862
3134 0.135106
3135 0.142999
3136 0.144614
3137 0.144314
3138 0.129141
3139 0.118825
3140 0.117336
3141 0.124316
3142 0.119562
3143 0.119076
3144 0.120381
3145 0.122305
3146 0.129491
3147 0.129805
3148 0.136430
3149 0.146258
3150 0.153263
3151 0.138431
3152 0.115474
3153 0.116001
3154 0.120161
3155 0.141048
3156 0.143211
3157 0.131695
3158 0.125826
3159 0.125201
3160 0.127656
3161 0.130357
3162 0.128751
3163 0.125865
3164 0.151350
3165 0.157230
3166 0.156257
3167 0.147517
3168 0.145519
3169 0.158331
3170 0.145176
3171 0.138726
3172 0.128609
3173 0.131650
3174 0.140091
3175 0.141669
3176 0.145037
3177 0.159573
3178 0.167518
3179 0.175599
3180 0.169841
3181 0.155000
3182 0.157842
3183 0.156962
3184 0.147535
3185 0.131634
3186 0.134163
3187 0.145984
3188 0.137432
3189 0.123401
3190 0.129778
3191 0.170954
3192 0.191394
3193 0.184857
3194 0.147771
3195 0.140033
3196 0.143721
3197 0.169949
3198 0.181172
3199 0.169220
3200 0.160405
3201 0.152507
3202 0.151956
3203 0.147291
3204 0.155885
3205 0.166695
3206 0.170416
3207 0.166876
3208 0.136109
3209 0.121024
3210 0.119048
3211 0.132762
3212 0.140843
3213 0.150185
3214 0.143129
3215 0.138422
3216 0.134807
3217 0.133584
3218 0.133646
3219 0.141954
3220 0.162547
3221 0.169636
3222 0.160936
3223 0.156555
3224 0.158097
3225 0.180576
3226 0.174083
3227 0.166707
3228 0.168912
3229 0.160770
3230 0.154751
3231 0.140660
3232 0.133563
3233 0.150231
3234 0.150732
3235 0.165987
3236 0.140203
3237 0.131611
3238 0.122358
3239 0.124512
3240 0.118653
3241 0.122389
3242 0.143011
3243 0.168773
3244 0.163021
3245 0.138615
3246 0.133838
3247 0.159564
3248 0.186734
3249 0.170825
3250 0.136367
3251 0.110240
3252 0.098520
3253 0.112354
3254 0.126238
3255 0.128714
3256 0.136023
3257 0.129662
3258 0.131142
3259 0.133264
3260 0.138529
3261 0.142937
3262 0.140148
3263 0.127179
3264 0.113152
3265 0.109303
3266 0.116207
3267 0.118066
3268 0.127158
3269 0.128568
3270 0.146307
3271 0.151498
3272 0.140071
3273 0.121963
3274 0.112552
3275 0.118157
3276 0.141079
3277 0.137069
3278 0.132107
3279 0.132457
3280 0.137158
3281 0.143214
3282 0.141140
3283 0.119692
3284 0.108555
3285 0.095289
3286 0.084045
3287 0.080005
3288 0.077484
3289 0.088138
3290 0.100328
3291 0.117402
3292 0.146562
3293 0.154814
3294 0.150642
3295 0.128220
3296 0.110050
3297 0.101578
3298 0.105153
3299 0.120570
3300 0.123175
3301 0.099114
3302 0.079492
3303 0.078482
3304 0.101331
3305 0.135579
3306 0.148364
3307 0.144865
3308 0.128841
3309 0.126067
3310 0.117076
3311 0.109978
3312 0.104961
3313 0.096048
3314 0.092029
3315 0.088168
3316 0.092462
3317 0.103665
3318 0.114458
3319 0.116833
3320 0.109798
3321 0.101846
3322 0.109902
3323 0.113328
3324 0.111000
3325 0.118529
3326 0.118297
3327 0.122941
3328 0.113500
3329 0.120049
3330 0.123237
3331 0.157113
3332 0.162191
3333 0.154993
3334 0.128145
3335 0.119513
3336 0.112342
3337 0.103020
3338 0.100352
3339 0.098301
3340 0.118054
3341 0.136419
3342 0.143559
3343 0.151129
3344 0.151438
3345 0.153148
3346 0.149750
3347 0.136695
3348 0.134776
3349 0.131913
3350 0.139911
3351 0.139741
3352 0.122645
3353 0.114321
3354 0.113500
3355 0.128464
3356 0.143500
3357 0.149469
3358 0.143423
3359 0.140290
3360 0.127943
3361 0.117501
3362 0.095052
3363 0.086657
3364 0.086710
3365 0.080604
3366 0.086763
3367 0.104950
3368 0.116991
3369 0.134696
3370 0.139629
3371 0.122019
3372 0.119838
3373 0.118251
3374 0.130153
3375 0.119224
3376 0.113015
3377 0.109710
3378 0.117969
3379 0.122373
3380 0.110949
3381 0.102944
3382 0.105309
3383 0.118845
3384 0.131334
3385 0.139476
3386 0.133533
3387 0.120448
3388 0.121341
3389 0.107147
3390 0.095857
3391 0.095108
3392 0.104104
3393 0.104721
3394 0.112503
3395 0.123297
3396 0.120583
3397 0.113398
3398 0.100422
3399 0.105187
3400 0.109329
3401 0.123374
3402 0.134965
3403 0.123423
3404 0.119027
3405 0.112332
3406 0.103781
3407 0.096152
3408 0.095706
3409 0.113043
3410 0.122858
3411 0.112015
3412 0.097027
3413 0.096848
3414 0.101841
3415 0.109015
3416 0.107366
3417 0.102405
3418 0.103278
3419 0.095929
3420 0.086841
3421 0.082341
3422 0.086007
3423 0.114191
3424 0.132586
3425 0.115861
3426 0.095139
3427 0.081599
3428 0.084872
3429 0.090133
3430 0.102305
3431 0.098048
3432 0.089677
3433 0.089150
3434 0.100264
3435 0.119823
3436 0.125560
3437 0.111043
3438 0.090861
3439 0.077211
3440 0.073748
3441 0.084009
3442 0.096940
3443 0.103213
3444 0.104792
3445 0.086604
3446 0.071922
3447 0.065990
3448 0.069901
3449 0.075412
3450 0.079907
3451 0.076928
3452 0.069804
3453 0.076894
3454 0.076549
3455 0.084578
3456 0.085436
3457 0.080783
3458 0.084839
3459 0.083672
3460 0.079236
3461 0.074334
3462 0.083974
3463 0.084477
3464 0.089622
3465 0.074174
3466 0.066606
3467 0.064037
3468 0.067800
3469 0.081469
3470 0.079919
3471 0.074095
3472 0.070104
3473 0.068109
3474 0.073860
3475 0.074118
3476 0.073329
3477 0.065275
3478 0.064127
3479 0.062353
3480 0.062915
3481 0.071027
3482 0.075953
3483 0.078361
3484 0.074102
3485 0.068979
3486 0.063182
3487 0.068568
3488 0.066412
3489 0.071003
3490 0.072142
3491 0.077556
3492 0.079621
3493 0.070824
3494 0.056625
3495 0.050596
3496 0.047446
3497 0.054907
3498 0.063065
3499 0.079369
3500 0.084289
3501 0.075403
3502 0.063772
3503 0.052340
3504 0.053438
3505 0.061455
3506 0.061596
3507 0.069896
3508 0.068296
3509 0.073801
3510 0.081169
3511 0.086362
3512 0.089981
3513 0.081490
3514 0.072885
3515 0.068340
3516 0.061915
3517 0.057921
3518 0.060197
3519 0.066619
3520 0.068733
3521 0.058307
3522 0.048884
3523 0.051562
3524 0.061747
3525 0.085879
3526 0.102761
3527 0.092390
3528 0.081349
3529 0.069926
3530 0.062565
3531 0.057842
3532 0.053891
3533 0.058558
3534 0.065989
3535 0.070683
3536 0.074664
3537 0.070169
3538 0.065083
3539 0.060177
3540 0.061734
3541 0.059591
3542 0.058827
3543 0.056459
3544 0.056215
3545 0.060841
3546 0.068067
3547 0.080714
3548 0.085859
3549 0.080897
3550 0.070064
3551 0.061673
3552 0.056835
3553 0.050992
3554 0.053506
3555 0.062963
3556 0.072951
3557 0.074858
3558 0.062908
3559 0.055486
3560 0.051742
3561 0.058691
3562 0.068474
3563 0.071487
3564 0.077063
3565 0.067566
3566 0.061318
3567 0.057904
3568 0.060188
3569 0.071561
3570 0.077235
3571 0.074610
3572 0.060139
3573 0.052494
3574 0.053094
3575 0.061224
3576 0.065158
3577 0.067714
3578 0.059721
3579 0.057301
3580 0.060693
3581 0.066855
3582 0.069875
3583 0.068232
3584 0.069055
3585 0.071181
3586 0.064696
3587 0.059143
3588 0.057227
3589 0.059923
3590 0.060368
3591 0.055004
3592 0.053828
3593 0.056705
3594 0.055463
3595 0.054783
3596 0.052191
3597 0.055053
3598 0.057216
3599 0.055654
3600 0.054296
3601 0.055046
3602 0.056397
3603 0.056766
3604 0.053547
3605 0.048631
3606 0.046401
3607 0.047689
3608 0.053215
3609 0.056387
3610 0.055118
3611 0.055172
3612 0.054317
3613 0.055938
3614 0.058466
3615 0.057824
3616 0.051826
3617 0.050876
3618 0.048618
3619 0.054577
3620 0.056229
3621 0.060571
3622 0.056609
3623 0.047383
3624 0.045068
3625 0.046937
3626 0.048302
3627 0.051346
3628 0.050613
3629 0.050413
3630 0.056418
3631 0.056880
3632 0.059016
3633 0.056591
3634 0.062957
3635 0.075596
3636 0.083526
3637 0.083911
3638 0.081375
3639 0.066936
3640 0.063600
3641 0.062485
3642 0.057755
3643 0.058291
3644 0.052041
3645 0.047407
3646 0.044481
3647 0.047235
3648 0.051228
3649 0.055150
3650 0.062017
3651 0.066082
3652 0.060945
3653 0.048924
3654 0.051849
3655 0.059383
3656 0.073395
3657 0.072073
3658 0.062447
3659 0.062490
3660 0.061797
3661 0.063843
3662 0.064863
3663 0.058030
3664 0.054624
3665 0.054146
3666 0.056364
3667 0.064431
3668 0.064695
3669 0.064607
3670 0.064881
3671 0.058935
3672 0.058728
3673 0.053202
3674 0.051911
3675 0.054058
3676 0.061390
3677 0.058691
3678 0.050858
3679 0.044661
3680 0.043845
3681 0.044775
3682 0.049268
3683 0.053770
3684 0.057854
3685 0.058015
3686 0.057630
3687 0.062461
3688 0.065229
3689 0.063992
3690 0.061141
3691 0.056298
3692 0.053962
3693 0.061425
3694 0.064654
3695 0.060207
3696 0.056123
3697 0.050101
3698 0.046077
3699 0.051815
3700 0.058315
3701 0.058790
3702 0.057726
3703 0.054858
3704 0.056599
3705 0.057711
3706 0.060595
3707 0.062051
3708 0.063249
3709 0.066276
3710 0.062585
3711 0.058153
3712 0.051966
3713 0.049538
3714 0.052807
3715 0.056487
3716 0.054519
3717 0.055045
3718 0.052887
3719 0.054365
3720 0.054705
3721 0.053009
3722 0.058400
3723 0.058365
3724 0.059897
3725 0.061105
3726 0.058738
3727 0.057506
3728 0.055190
3729 0.052973
3730 0.050534
3731 0.044154
3732 0.041716
3733 0.045956
3734 0.045978
3735 0.052764
3736 0.057948
3737 0.063166
3738 0.058738
3739 0.052479
3740 0.046336
3741 0.047290
3742 0.046523
3743 0.052288
3744 0.056996
3745 0.066346
3746 0.066607
3747 0.060987
3748 0.051047
3749 0.047631
3750 0.050508
3751 0.051907
3752 0.053378
3753 0.052755
3754 0.060619
3755 0.064057
3756 0.063299
3757 0.059676
3758 0.057924
3759 0.057744
3760 0.058059
3761 0.061160
3762 0.061107
3763 0.059792
3764 0.059757
3765 0.055447
3766 0.052612
3767 0.056983
3768 0.062653
3769 0.069636
3770 0.069053
3771 0.061898
3772 0.064623
3773 0.064384
3774 0.067184
3775 0.063951
3776 0.061549
3777 0.062055
3778 0.059895
3779 0.057437
3780 0.057269
3781 0.054219
3782 0.052940
3783 0.055440
3784 0.054883
3785 0.056521
3786 0.059405
3787 0.059681
3788 0.057446
3789 0.051705
3790 0.048494
3791 0.050235
3792 0.053397
3793 0.051157
3794 0.050669
3795 0.054459
3796 0.055645
3797 0.057996
3798 0.056599
3799 0.056037
3800 0.053125
3801 0.056282
3802 0.056812
3803 0.055788
3804 0.054897
3805 0.050632
3806 0.047850
3807 0.048501
3808 0.043781
3809 0.040857
3810 0.041923
3811 0.047286
3812 0.049579
3813 0.055423
3814 0.051667
3815 0.050929
3816 0.046534
3817 0.045137
3818 0.041966
3819 0.038544
3820 0.042173
3821 0.050125
3822 0.054771
3823 0.054168
3824 0.046282
3825 0.040470
3826 0.035150
3827 0.030661
3828 0.032359
3829 0.032357
3830 0.035795
3831 0.037504
3832 0.032423
3833 0.034852
3834 0.034188
3835 0.038318
3836 0.042650
3837 0.041982
3838 0.039192
3839 0.037390
3840 0.040080
3841 0.040300
3842 0.042113
3843 0.041726
3844 0.041468
3845 0.038455
3846 0.037011
3847 0.035595
3848 0.034337
3849 0.033487
3850 0.035400
3851 0.033600
3852 0.036226
3853 0.032787
3854 0.032519
3855 0.032112
3856 0.035149
3857 0.042284
3858 0.046595
3859 0.042642
3860 0.035257
3861 0.035164
3862 0.032869
3863 0.030965
3864 0.031157
3865 0.029674
3866 0.028512
3867 0.028246
3868 0.030910
3869 0.036510
3870 0.044006
3871 0.043453
3872 0.041022
3873 0.035581
3874 0.034728
3875 0.033065
3876 0.034484
3877 0.033797
3878 0.033465
3879 0.030184
3880 0.028634
3881 0.027180
3882 0.027349
3883 0.031046
3884 0.034712
3885 0.038633
3886 0.042303
3887 0.043700
3888 0.041384
3889 0.037835
3890 0.036407
3891 0.035228
3892 0.032288
3893 0.027861
3894 0.025273
3895 0.024702
3896 0.029689
3897 0.036680
3898 0.040755
3899 0.039025
3900 0.038566
3901 0.040189
3902 0.043303
3903 0.046775
3904 0.047857
3905 0.048138
3906 0.042496
3907 0.035166
3908 0.032871
3909 0.035359
3910 0.041982
3911 0.041436
3912 0.039591
3913 0.035426
3914 0.035874
3915 0.037750
3916 0.035999
3917 0.033305
3918 0.033422
3919 0.038204
3920 0.044427
3921 0.043867
3922 0.041528
3923 0.041023
3924 0.043323
3925 0.049064
3926 0.050975
3927 0.051894
3928 0.052781
3929 0.047671
3930 0.041393
3931 0.038533
3932 0.036527
3933 0.036750
3934 0.037157
3935 0.039186
3936 0.042684
3937 0.053167
3938 0.051594
3939 0.047861
3940 0.044114
3941 0.045283
3942 0.053204
3943 0.050521
3944 0.044039
3945 0.041717
3946 0.044081
3947 0.051781
3948 0.056114
3949 0.052884
3950 0.044288
3951 0.036659
3952 0.033762
3953 0.034121
3954 0.037254
3955 0.043298
3956 0.042496
3957 0.040452
3958 0.038890
3959 0.036487
3960 0.036577
3961 0.039266
3962 0.041910
3963 0.044339
3964 0.046582
3965 0.045081
3966 0.041886
3967 0.036905
3968 0.036203
3969 0.037959
3970 0.035717
3971 0.036060
3972 0.033582
3973 0.032864
3974 0.031506
3975 0.036211
3976 0.040935
3977 0.041466
3978 0.038908
3979 0.030890
3980 0.028998
3981 0.027570
3982 0.027570
3983 0.030443
3984 0.034001
3985 0.035742
3986 0.034353
3987 0.031379
3988 0.032657
3989 0.036031
3990 0.033654
3991 0.032011
3992 0.031054
3993 0.029982
3994 0.032542
3995 0.033585
3996 0.032067
3997 0.031395
3998 0.032874
3999 0.035750
4000 0.036964
4001 0.036858
4002 0.035449
4003 0.033364
4004 0.038035
4005 0.034009
4006 0.031363
4007 0.025904
4008 0.027623
4009 0.034452
4010 0.038313
4011 0.040984
4012 0.042702
4013 0.042971
4014 0.039877
4015 0.032769
4016 0.030897
4017 0.032714
4018 0.035886
4019 0.035060
4020 0.034285
4021 0.037131
4022 0.039211
4023 0.036867
4024 0.030794
4025 0.027888
4026 0.026889
4027 0.030564
4028 0.036615
4029 0.039220
4030 0.041846
4031 0.040903
4032 0.038581
4033 0.039832
4034 0.037535
4035 0.037083
4036 0.036309
4037 0.036062
4038 0.032203
4039 0.031001
4040 0.026867
4041 0.024796
4042 0.025436
4043 0.027812
4044 0.033859
4045 0.039045
4046 0.038780
4047 0.037487
4048 0.034812
4049 0.034116
4050 0.030865
4051 0.028868
4052 0.027801
4053 0.028290
4054 0.031946
4055 0.033628
4056 0.036233
4057 0.032250
4058 0.029671
4059 0.028907
4060 0.029129
4061 0.032397
4062 0.031365
4063 0.027458
4064 0.026696
4065 0.026266
4066 0.028399
4067 0.032117
4068 0.035630
4069 0.034540
4070 0.030203
4071 0.028654
4072 0.029545
4073 0.032040
4074 0.031143
4075 0.028894
4076 0.029741
4077 0.028223
4078 0.032653
4079 0.032580
4080 0.034426
4081 0.031795
4082 0.030755
4083 0.030390
4084 0.029731
4085 0.030324
4086 0.030408
4087 0.030905
4088 0.032222
4089 0.032802
4090 0.027614
4091 0.024218
4092 0.023972
4093 0.028309
4094 0.033089
4095 0.034436
4096 0.034574
4097 0.030335
4098 0.027145
4099 0.026087
4100 0.030032
4101 0.031932
4102 0.030511
4103 0.027810
4104 0.025476
4105 0.025943
4106 0.023725
4107 0.024370
4108 0.023507
4109 0.021833
4110 0.023405
4111 0.025943
4112 0.029423
4113 0.027004
4114 0.022902
4115 0.019395
4116 0.020623
4117 0.021510
4118 0.022137
4119 0.022873
4120 0.027531
4121 0.033655
4122 0.035299
4123 0.028592
4124 0.022170
4125 0.019606
4126 0.020015
4127 0.022684
4128 0.024333
4129 0.021854
4130 0.020620
4131 0.019004
4132 0.020774
4133 0.022117
4134 0.023873
4135 0.023926
4136 0.023709
4137 0.023496
4138 0.025862
4139 0.025034
4140 0.027907
4141 0.025233
4142 0.023049
4143 0.019121
4144 0.017625
4145 0.019162
4146 0.020892
4147 0.021922
4148 0.022245
4149 0.020094
4150 0.019528
4151 0.018175
4152 0.018674
4153 0.019424
4154 0.020410
4155 0.019458
4156 0.019344
4157 0.020267
4158 0.021832
4159 0.023703
4160 0.022272
4161 0.022903
4162 0.023176
4163 0.023096
4164 0.020784
4165 0.021141
4166 0.020883
4167 0.021128
4168 0.020420
4169 0.020197
4170 0.019783
4171 0.019198
4172 0.019245
4173 0.018031
4174 0.020176
4175 0.021090
4176 0.020769
4177 0.020612
4178 0.018265
4179 0.017439
4180 0.016247
4181 0.016330
4182 0.016272
4183 0.016076
4184 0.015805
4185 0.016700
4186 0.017383
4187 0.020263
4188 0.021904
4189 0.021056
4190 0.018739
4191 0.017491
4192 0.016158
4193 0.014833
4194 0.014238
4195 0.015311
4196 0.016147
4197 0.017107
4198 0.015585
4199 0.013440
4200 0.011124
4201 0.011651
4202 0.013958
4203 0.017292
4204 0.019795
4205 0.018586
4206 0.017473
4207 0.015721
4208 0.014285
4209 0.013667
4210 0.014473
4211 0.015545
4212 0.016126
4213 0.015125
4214 0.014577
4215 0.012634
4216 0.011331
4217 0.010553
4218 0.011251
4219 0.011993
4220 0.013236
4221 0.013602
4222 0.013622
4223 0.013639
4224 0.012687
4225 0.010850
4226 0.009514
4227 0.010253
4228 0.010296
4229 0.010209
4230 0.009706
4231 0.010846
4232 0.012854
4233 0.012676
4234 0.010714
4235 0.009617
4236 0.008859
4237 0.009809
4238 0.009793
4239 0.009350
4240 0.007921
4241 0.008069
4242 0.009240
4243 0.009706
4244 0.009135
4245 0.008093
4246 0.008206
4247 0.009349
4248 0.010602
4249 0.011564
4250 0.009705
4251 0.008066
4252 0.007482
4253 0.006602
4254 0.007009
4255 0.007657
4256 0.008192
4257 0.009629
4258 0.009905
4259 0.008897
4260 0.007062
4261 0.006177
4262 0.005399
4263 0.005540
4264 0.005471
4265 0.006101
4266 0.007059
4267 0.007588
4268 0.008204
4269 0.007622
4270 0.007121
4271 0.007190
4272 0.007111
4273 0.006629
4274 0.005888
4275 0.006007
4276 0.005804
4277 0.006039
4278 0.005253
4279 0.004306
4280 0.004007
4281 0.003859
4282 0.004627
4283 0.005145
4284 0.005588
4285 0.005376
4286 0.005232
4287 0.005567
4288 0.005033
4289 0.005138
4290 0.004560
4291 0.004714
4292 0.004590
4293 0.004789
4294 0.004746
4295 0.004722
4296 0.004290
4297 0.003623
4298 0.003333
4299 0.003352
4300 0.003415
4301 0.003669
4302 0.003860
4303 0.004246
4304 0.004253
4305 0.004266
4306 0.003757
4307 0.003123
4308 0.003001
4309 0.003245
4310 0.003738
4311 0.004306
4312 0.004634
4313 0.003902
4314 0.003141
4315 0.002663
4316 0.002517
4317 0.002826
4318 0.002995
4319 0.003477
4320 0.003570
4321 0.003653
4322 0.003329
4323 0.002841
4324 0.002573
4325 0.002469
4326 0.002664
4327 0.002875
4328 0.002889
4329 0.002936
4330 0.002980
4331 0.003089
4332 0.003205
4333 0.003662
4334 0.003696
4335 0.004185
4336 0.004127
4337 0.003828
4338 0.003447
4339 0.003253
4340 0.003003
4341 0.002829
4342 0.002882
4343 0.002860
4344 0.002850
4345 0.002932
4346 0.002723
4347 0.002432
4348 0.002444
4349 0.002594
4350 0.002794
4351 0.002911
4352 0.003056
4353 0.003335
4354 0.003478
4355 0.003787
4356 0.003930
4357 0.003620
4358 0.003532
4359 0.003296
4360 0.002967
4361 0.002733
4362 0.002930
4363 0.002849
4364 0.002885
4365 0.003140
4366 0.003078
4367 0.002878
4368 0.003024
4369 0.003253
4370 0.003943
4371 0.003730
4372 0.003505
4373 0.003139
4374 0.003197
4375 0.003262
4376 0.003051
4377 0.002920
4378 0.002392
4379 0.002272
4380 0.002465
4381 0.002930
4382 0.003185
4383 0.003131
4384 0.003068
4385 0.002408
4386 0.002014
4387 0.001848
4388 0.002271
4389 0.002689
4390 0.003142
4391 0.003228
4392 0.002791
4393 0.002758
4394 0.002554
4395 0.002544
4396 0.002078
4397 0.002082
4398 0.002403
4399 0.002991
4400 0.002886
4401 0.002369
4402 0.001919
4403 0.001985
4404 0.002167
4405 0.002506
4406 0.002754
4407 0.002668
4408 0.002414
4409 0.002296
4410 0.002147
4411 0.001942
4412 0.001906
4413 0.001935
4414 0.002334
4415 0.002600
4416 0.002774
4417 0.002725
4418 0.002482
4419 0.002350
4420 0.002284
4421 0.002182
4422 0.002132
4423 0.002166
4424 0.002112
4425 0.002068
4426 0.002070
4427 0.001933
4428 0.001829
4429 0.001742
4430 0.001797
4431 0.001844
4432 0.002080
4433 0.002455
4434 0.002425
4435 0.002473
4436 0.002321
4437 0.002339
4438 0.002362
4439 0.002473
4440 0.002584
4441 0.002667
4442 0.002705
4443 0.002745
4444 0.002713
4445 0.002251
4446 0.002096
4447 0.002059
4448 0.002063
4449 0.001988
4450 0.001947
4451 0.001706
4452 0.001707
4453 0.001765
4454 0.002195
4455 0.002775
4456 0.002826
4457 0.002546
4458 0.002320
4459 0.002205
4460 0.002186
4461 0.002271
4462 0.002323
4463 0.002491
4464 0.002395
4465 0.002312
4466 0.002006
4467 0.001933
4468 0.001870
4469 0.001970
4470 0.002059
4471 0.002084
4472 0.001989
4473 0.001942
4474 0.002149
4475 0.002194
4476 0.002417
4477 0.002589
4478 0.002740
4479 0.002658
4480 0.002398
4481 0.002367
4482 0.002185
4483 0.002015
4484 0.002030
4485 0.001952
4486 0.002180
4487 0.002182
4488 0.002011
4489 0.002041
4490 0.002270
4491 0.002497
4492 0.002727
4493 0.002532
4494 0.002320
4495 0.002065
4496 0.002292
4497 0.002232
4498 0.002162
4499 0.002149
4500 0.002336
4501 0.002167
4502 0.002081
4503 0.002152
4504 0.002303
4505 0.002316
4506 0.002468
4507 0.002556
4508 0.002620
4509 0.002593
4510 0.002377
4511 0.002143
4512 0.002188
4513 0.002114
4514 0.002285
4515 0.002388
4516 0.002534
4517 0.002417
4518 0.002205
4519 0.001991
4520 0.002068
4521 0.002144
4522 0.002260
4523 0.002124
4524 0.002281
4525 0.002571
4526 0.002856
4527 0.002605
4528 0.002533
4529 0.002602
4530 0.002422
4531 0.002367
4532 0.002286
4533 0.002286
4534 0.002339
4535 0.002304
4536 0.002371
4537 0.002211
4538 0.001892
4539 0.001776
4540 0.001935
4541 0.002183
4542 0.002537
4543 0.002727
4544 0.002699
4545 0.002731
4546 0.002746
4547 0.002734
4548 0.002468
4549 0.002411
4550 0.002196
4551 0.001989
4552 0.001862
4553 0.001971
4554 0.002027
4555 0.001974
4556 0.001915
4557 0.002103
4558 0.002118
4559 0.002007
4560 0.001861
4561 0.001661
4562 0.001891
4563 0.002170
4564 0.002782
4565 0.003023
4566 0.003118
4567 0.002986
4568 0.002777
4569 0.002571
4570 0.002466
4571 0.002184
4572 0.002096
4573 0.002185
4574 0.002269
4575 0.002271
4576 0.001963
4577 0.001721
4578 0.001714
4579 0.001853
4580 0.002365
4581 0.002895
4582 0.002907
4583 0.002560
4584 0.002428
4585 0.002238
4586 0.002128
4587 0.002051
4588 0.002195
4589 0.002253
4590 0.002236
4591 0.002166
4592 0.002155
4593 0.002285
4594 0.002579
4595 0.002905
4596 0.002788
4597 0.002634
4598 0.002263
4599 0.002279
4600 0.002341
4601 0.002591
4602 0.002485
4603 0.002348
4604 0.002138
4605 0.002291
4606 0.002166
4607 0.002338
4608 0.002264
4609 0.002363
4610 0.002734
4611 0.003041
4612 0.002934
4613 0.002672
4614 0.002351
4615 0.002349
4616 0.002709
4617 0.003179
4618 0.002990
4619 0.002820
4620 0.002546
4621 0.002473
4622 0.002175
4623 0.002164
4624 0.002284
4625 0.002308
4626 0.002611
4627 0.002869
4628 0.003225
4629 0.003234
4630 0.003165
4631 0.003450
4632 0.003666
4633 0.003608
4634 0.003307
4635 0.003063
4636 0.002768
4637 0.002281
4638 0.002351
4639 0.002535
4640 0.002816
4641 0.002867
4642 0.002871
4643 0.003140
4644 0.003195
4645 0.003251
4646 0.002957
4647 0.002921
4648 0.003170
4649 0.003161
4650 0.003470
4651 0.003622
4652 0.003554
4653 0.003679
4654 0.003609
4655 0.003934
4656 0.003421
4657 0.003647
4658 0.003467
4659 0.003319
4660 0.003063
4661 0.003094
4662 0.003295
4663 0.004011
4664 0.004529
4665 0.004686
4666 0.004756
4667 0.004378
4668 0.004859
4669 0.004295
4670 0.004289
4671 0.004695
4672 0.005372
4673 0.005245
4674 0.004687
4675 0.004170
4676 0.004021
4677 0.004299
4678 0.004805
4679 0.005116
4680 0.004616
4681 0.004093
4682 0.004443
4683 0.004506
4684 0.004811
4685 0.004905
4686 0.004956
4687 0.005344
4688 0.005301
4689 0.005306
4690 0.005103
4691 0.004682
4692 0.004656
4693 0.004759
4694 0.004671
4695 0.004322
4696 0.004765
4697 0.005826
4698 0.007292
4699 0.007109
4700 0.006321
4701 0.005765
4702 0.006601
4703 0.007111
4704 0.007044
4705 0.006299
4706 0.004862
4707 0.004132
4708 0.004155
4709 0.004438
4710 0.005016
4711 0.005587
4712 0.005869
4713 0.006681
4714 0.007086
4715 0.006241
4716 0.005474
4717 0.005571
4718 0.006951
4719 0.008381
4720 0.008398
4721 0.006780
4722 0.005091
4723 0.005565
4724 0.006194
4725 0.006641
4726 0.006135
4727 0.005870
4728 0.005469
4729 0.004858
4730 0.004980
4731 0.005686
4732 0.006524
4733 0.006201
4734 0.005697
4735 0.005327
4736 0.005160
4737 0.005670
4738 0.006496
4739 0.007193
4740 0.007611
4741 0.007516
4742 0.007361
4743 0.007331
4744 0.006864
4745 0.006273
4746 0.006165
4747 0.006138
4748 0.006343
4749 0.005545
4750 0.005057
4751 0.004651
4752 0.004729
4753 0.005174
4754 0.005720
4755 0.005939
4756 0.005682
4757 0.005879
4758 0.006400
4759 0.006653
4760 0.006042
4761 0.005718
4762 0.004802
4763 0.005340
4764 0.005571
4765 0.005310
4766 0.004437
4767 0.004699
4768 0.005295
4769 0.005609
4770 0.005584
4771 0.005460
4772 0.005433
4773 0.005486
4774 0.004992
4775 0.004937
4776 0.004473
4777 0.004599
4778 0.005021
4779 0.005427
4780 0.004892
4781 0.004563
4782 0.004307
4783 0.004189
4784 0.004527
4785 0.004846
4786 0.004867
4787 0.004107
4788 0.003789
4789 0.003871
4790 0.004163
4791 0.003817
4792 0.003856
4793 0.004096
4794 0.004274
4795 0.003950
4796 0.003830
4797 0.003661
4798 0.004135
4799 0.004513
4800 0.005219
4801 0.004389
4802 0.004040
4803 0.003450
4804 0.003306
4805 0.003233
4806 0.003249
4807 0.003643
4808 0.004136
4809 0.004407
4810 0.004485
4811 0.004326
4812 0.003399
4813 0.002947
4814 0.002926
4815 0.003252
4816 0.003292
4817 0.003338
4818 0.003111
4819 0.002898
4820 0.003102
4821 0.003313
4822 0.003107
4823 0.003296
4824 0.004328
4825 0.004903
4826 0.005113
4827 0.004413
4828 0.003887
4829 0.003454
4830 0.003658
4831 0.004008
4832 0.003397
4833 0.003020
4834 0.002809
4835 0.003020
4836 0.003254
4837 0.003537
4838 0.003734
4839 0.003819
4840 0.003703
4841 0.003781
4842 0.003778
4843 0.003607
4844 0.003388
4845 0.003318
4846 0.003707
4847 0.004074
4848 0.003885
4849 0.003464
4850 0.003204
4851 0.003298
4852 0.003427
4853 0.003050
4854 0.002639
4855 0.002576
4856 0.003044
4857 0.003084
4858 0.002709
4859 0.002602
4860 0.002789
4861 0.002717
4862 0.003038
4863 0.002970
4864 0.003259
4865 0.003530
4866 0.003613
4867 0.003200
4868 0.002907
4869 0.002958
4870 0.003173
4871 0.003218
4872 0.003458
4873 0.003571
4874 0.003380
4875 0.003411
4876 0.003078
4877 0.002903
4878 0.002671
4879 0.002894
4880 0.002761
4881 0.002709
4882 0.002460
4883 0.002517
4884 0.002653
4885 0.002572
4886 0.002835
4887 0.003039
4888 0.002774
4889 0.002386
4890 0.002289
4891 0.002330
4892 0.002538
4893 0.002870
4894 0.003259
4895 0.003563
4896 0.003241
4897 0.002974
4898 0.002743
4899 0.002539
4900 0.002444
4901 0.002551
4902 0.002511
4903 0.002602
4904 0.002641
4905 0.002851
4906 0.002607
4907 0.002633
4908 0.002848
4909 0.003332
4910 0.003423
4911 0.003117
4912 0.002816
4913 0.002519
4914 0.002472
4915 0.002549
4916 0.002591
4917 0.002602
4918 0.003008
4919 0.003299
4920 0.003228
4921 0.002935
4922 0.002581
4923 0.002730
4924 0.002951
4925 0.003201
4926 0.003040
4927 0.002717
4928 0.002644
4929 0.002543
4930 0.002683
4931 0.002886
4932 0.002876
4933 0.002477
4934 0.002970
4935 0.003281
4936 0.004011
4937 0.004297
4938 0.003579
4939 0.003155
4940 0.002470
4941 0.002593
4942 0.002367
4943 0.002636
4944 0.002709
4945 0.003003
4946 0.002931
4947 0.002963
4948 0.003183
4949 0.003698
4950 0.003924
4951 0.003917
4952 0.003467
4953 0.003112
4954 0.003346
4955 0.003544
4956 0.003728
4957 0.003925
4958 0.003980
4959 0.004028
4960 0.004635
4961 0.004215
4962 0.004023
4963 0.003743
4964 0.003965
4965 0.004074
4966 0.003759
4967 0.004181
4968 0.004289
4969 0.004069
4970 0.003702
4971 0.003867
4972 0.004673
4973 0.005459
4974 0.005513
4975 0.005821
4976 0.005616
4977 0.005493
4978 0.005275
4979 0.004969
4980 0.005305
4981 0.005270
4982 0.005432
4983 0.005671
4984 0.005825
4985 0.006186
4986 0.005682
4987 0.005711
4988 0.005962
4989 0.006565
4990 0.006596
4991 0.006403
4992 0.005919
4993 0.006341
4994 0.006889
4995 0.007809
4996 0.008642
4997 0.009634
4998 0.010393
4999 0.009831
