#ite residual of mtx/s3rmq4m1.mtx
1 42.737299
2 32.160808
3 34.350921
4 34.076877
5 32.521167
6 32.193291
7 31.913886
8 32.057325
9 31.172603
10 30.942660
11 32.157550
12 33.654211
13 35.726967
14 34.556232
15 33.937711
16 32.078182
17 30.701654
18 30.783777
19 30.190977
20 29.895485
21 28.580109
22 27.861852
23 28.674786
24 29.646612
25 29.888643
26 30.761434
27 30.741168
28 30.139774
29 27.501898
30 26.418214
31 27.203000
32 27.522279
33 28.189266
34 27.914120
35 29.159651
36 29.368791
37 29.905919
38 30.998443
39 31.486017
40 33.149641
41 34.296496
42 34.970376
43 35.870226
44 33.264884
45 33.179914
46 32.778575
47 31.826088
48 31.241594
49 30.933981
50 32.059604
51 32.368310
52 32.485582
53 32.461925
54 30.920371
55 30.523654
56 30.086410
57 29.780164
58 29.228017
59 27.700383
60 27.687718
61 28.776910
62 30.618498
63 31.350475
64 31.521711
65 32.869047
66 32.359202
67 32.376956
68 31.768784
69 31.704333
70 30.707567
71 31.432032
72 31.271423
73 31.478644
74 30.263360
75 29.607970
76 30.211491
77 31.720025
78 33.210616
79 33.240143
80 31.579125
81 29.539490
82 29.674202
83 30.086270
84 30.760408
85 31.367833
86 31.860809
87 32.664528
88 33.675672
89 32.615941
90 32.389951
91 32.059036
92 34.261338
93 34.491684
94 35.473872
95 36.085985
96 34.259528
97 33.141088
98 33.524685
99 34.614828
100 34.410731
101 33.075951
102 32.564278
103 31.191953
104 32.991567
105 35.654021
106 37.538972
107 37.626185
108 36.220193
109 35.451073
110 35.824592
111 36.944593
112 37.932816
113 41.340390
114 42.493054
115 43.168522
116 41.342567
117 40.029034
118 38.996440
119 40.047989
120 40.085768
121 37.831361
122 36.769498
123 39.399873
124 41.057563
125 39.874319
126 40.117133
127 40.027705
128 39.378802
129 39.303863
130 38.046239
131 37.901851
132 38.485692
133 38.046260
134 37.599815
135 34.761314
136 34.186191
137 36.307811
138 36.606984
139 37.248402
140 38.333946
141 38.590938
142 38.742360
143 38.437646
144 40.205857
145 39.503782
146 40.371793
147 41.569732
148 41.324406
149 40.477988
150 39.502013
151 39.363044
152 40.392488
153 40.652988
154 41.418776
155 39.787118
156 39.502268
157 37.772498
158 37.651629
159 35.186831
160 35.737943
161 36.311359
162 35.249507
163 35.368722
164 35.852404
165 36.163315
166 34.488121
167 33.305472
168 34.373713
169 33.728221
170 33.385537
171 30.908567
172 31.145291
173 30.618499
174 30.675700
175 31.393041
176 33.149980
177 32.582082
178 30.638355
179 30.561110
180 31.246765
181 30.419536
182 29.803708
183 30.068971
184 30.276982
185 28.578783
186 27.657204
187 28.321185
188 29.456700
189 29.627903
190 29.829846
191 29.982614
192 30.741821
193 32.588602
194 33.704674
195 33.434870
196 33.398496
197 34.099230
198 33.554284
199 31.911132
200 31.462347
201 31.914547
202 32.436139
203 33.073686
204 31.697564
205 31.643533
206 30.186713
207 29.593317
208 29.108732
209 29.532828
210 30.699071
211 31.125659
212 30.576207
213 30.227192
214 31.519556
215 33.808129
216 35.931630
217 36.010263
218 36.663244
219 38.718287
220 39.908464
221 40.709668
222 40.718243
223 37.601357
224 35.601325
225 34.956396
226 36.386535
227 36.984377
228 37.761261
229 38.156466
230 38.034737
231 37.955682
232 38.205830
233 37.708652
234 36.780890
235 34.358837
236 33.981662
237 33.456963
238 32.462739
239 32.920771
240 32.936874
241 34.288111
242 35.891667
243 35.495714
244 36.190805
245 37.263137
246 37.843791
247 38.245974
248 37.473269
249 37.550185
250 39.010702
251 39.544559
252 40.695167
253 38.339676
254 38.337710
255 38.407655
256 41.044646
257 42.372565
258 42.406468
259 42.092027
260 42.085368
261 43.513851
262 45.431698
263 44.781711
264 44.497824
265 44.543380
266 45.609800
267 45.230988
268 45.590322
269 44.002259
270 43.256630
271 42.843296
272 43.440431
273 44.784536
274 45.471735
275 44.742421
276 44.162080
277 43.429740
278 41.824365
279 42.093021
280 42.030224
281 45.314582
282 46.805261
283 48.494524
284 50.139578
285 50.797301
286 52.931119
287 54.358795
288 52.506319
289 49.236172
290 46.602745
291 46.373788
292 47.296220
293 45.608470
294 45.645771
295 43.341839
296 43.172222
297 42.923927
298 43.660287
299 44.786933
300 45.071207
301 46.072406
302 47.516512
303 47.854044
304 48.859840
305 48.224362
306 48.695472
307 49.278726
308 49.945008
309 49.217779
310 48.650676
311 47.563663
312 47.256834
313 45.911630
314 46.009356
315 44.401470
316 41.341711
317 42.510522
318 44.660335
319 47.438108
320 48.183608
321 45.272681
322 44.965456
323 43.496047
324 41.154397
325 40.668197
326 41.264861
327 41.845233
328 44.019553
329 44.795814
330 44.527160
331 43.225849
332 44.574770
333 44.328509
334 43.713631
335 40.111470
336 39.590102
337 40.575638
338 40.065038
339 42.641558
340 42.030484
341 41.366328
342 38.334191
343 38.514170
344 37.691665
345 38.083458
346 38.380782
347 39.290082
348 37.271827
349 37.719346
350 37.074779
351 36.201036
352 34.690721
353 34.600853
354 34.027823
355 35.516771
356 36.437739
357 37.202946
358 36.871502
359 36.710326
360 37.120949
361 38.847799
362 36.238161
363 34.130585
364 33.777093
365 34.029381
366 34.042274
367 34.324981
368 35.169160
369 38.149534
370 37.554406
371 37.864900
372 37.384781
373 38.138186
374 38.292745
375 37.754940
376 36.055195
377 35.206587
378 34.988917
379 33.972786
380 32.355541
381 31.759427
382 31.524161
383 31.952063
384 33.583347
385 34.926951
386 34.968480
387 33.686821
388 31.719621
389 30.117043
390 30.357254
391 30.770543
392 30.133598
393 27.971972
394 28.384055
395 30.014933
396 32.373530
397 34.540964
398 34.935539
399 32.306261
400 32.044080
401 33.233365
402 31.628135
403 31.146409
404 30.159505
405 31.591373
406 33.295047
407 33.946880
408 31.079426
409 31.058141
410 31.799312
411 33.531701
412 33.974791
413 34.430225
414 31.521673
415 32.691027
416 33.122025
417 34.182108
418 33.543785
419 32.147993
420 31.896606
421 30.622918
422 30.492063
423 30.898342
424 32.374672
425 32.599120
426 30.567860
427 28.882852
428 28.215599
429 27.776387
430 28.638608
431 29.349881
432 29.491569
433 30.103110
434 31.337259
435 31.353163
436 30.686786
437 30.584346
438 29.010751
439 29.094052
440 28.649917
441 28.256069
442 26.938540
443 27.301267
444 28.924345
445 31.757557
446 29.667762
447 30.081410
448 30.593689
449 30.121128
450 28.935551
451 26.634072
452 26.433410
453 25.744083
454 25.321811
455 25.455880
456 26.207078
457 25.171974
458 24.599525
459 25.552592
460 24.945957
461 23.986201
462 23.026633
463 22.807411
464 22.805027
465 22.432955
466 22.628872
467 22.573347
468 22.006972
469 21.837858
470 22.014171
471 21.415043
472 22.120669
473 22.219507
474 22.211029
475 21.201042
476 20.277548
477 18.700274
478 19.029728
479 18.489725
480 17.680102
481 16.898050
482 15.695302
483 15.779988
484 16.049562
485 15.843764
486 14.905982
487 13.626034
488 12.498010
489 12.410710
490 12.165530
491 12.165934
492 12.258483
493 11.850130
494 12.149589
495 11.637845
496 11.676119
497 11.834008
498 11.611429
499 11.222747
500 11.193507
501 11.384930
502 11.251473
503 10.217322
504 9.573276
505 9.773580
506 10.250740
507 9.080969
508 8.653909
509 8.103207
510 8.201686
511 7.711111
512 7.646112
513 7.558783
514 6.807008
515 7.024632
516 7.125937
517 7.353974
518 6.883590
519 6.021803
520 5.996681
521 6.370069
522 6.566297
523 6.296447
524 6.558163
525 6.454816
526 6.507623
527 6.434965
528 6.315563
529 6.249137
530 6.847691
531 7.110469
532 7.423984
533 7.274187
534 7.355405
535 7.848183
536 7.931233
537 7.255408
538 6.702827
539 6.642827
540 6.254537
541 6.099760
542 5.903653
543 5.924044
544 6.012679
545 6.231030
546 6.282830
547 6.519503
548 6.432939
549 6.222717
550 6.126447
551 6.053228
552 5.790252
553 5.889453
554 6.124854
555 6.468381
556 5.923086
557 5.515434
558 5.297886
559 5.357445
560 5.553688
561 5.414839
562 5.564979
563 5.582197
564 5.875627
565 6.044258
566 6.057410
567 5.786397
568 5.620457
569 5.477064
570 5.586737
571 5.769325
572 5.767104
573 5.508605
574 5.209681
575 4.958606
576 4.951029
577 4.719471
578 4.450689
579 4.207647
580 4.360018
581 4.309274
582 4.431036
583 4.446277
584 4.500869
585 4.800692
586 4.683190
587 4.602288
588 4.397735
589 4.098109
590 3.963500
591 3.920109
592 4.126294
593 4.025290
594 3.852226
595 3.714297
596 3.418276
597 3.339109
598 3.320695
599 3.431349
600 3.291928
601 3.283102
602 3.133259
603 3.309735
604 3.354244
605 3.376364
606 3.243425
607 3.060471
608 3.100868
609 3.029769
610 2.976529
611 2.923509
612 2.850200
613 2.871752
614 3.046266
615 3.095424
616 2.951537
617 2.841422
618 2.774214
619 2.626438
620 2.590770
621 2.593831
622 2.557271
623 2.690698
624 2.689308
625 2.559977
626 2.397717
627 2.225414
628 2.238192
629 2.178459
630 2.224620
631 2.392858
632 2.596043
633 2.545741
634 2.447892
635 2.258510
636 2.128599
637 1.908921
638 1.875734
639 1.896302
640 1.964967
641 1.934196
642 2.032272
643 2.018416
644 1.948401
645 1.964159
646 1.955113
647 1.918704
648 1.970928
649 2.126493
650 2.213568
651 2.119946
652 2.130327
653 2.156779
654 2.179026
655 2.233862
656 2.291926
657 2.226827
658 2.217494
659 2.089103
660 2.098964
661 2.197564
662 2.268214
663 2.303989
664 2.177510
665 2.167308
666 2.209430
667 2.343861
668 2.467296
669 2.304737
670 2.127469
671 1.908821
672 1.931484
673 1.941939
674 2.090785
675 2.196916
676 2.274711
677 2.178037
678 2.074580
679 1.877988
680 1.886982
681 2.215826
682 2.573791
683 2.703566
684 2.669504
685 2.553661
686 2.609737
687 2.591167
688 2.665248
689 2.810051
690 2.850939
691 2.868120
692 2.833655
693 2.778482
694 2.792333
695 3.015942
696 3.121440
697 2.984881
698 2.880445
699 2.947250
700 3.182787
701 3.246792
702 3.223931
703 3.250902
704 3.432424
705 3.627371
706 3.424807
707 3.073292
708 2.792920
709 2.746525
710 2.833638
711 2.976274
712 2.998495
713 3.163052
714 3.125534
715 3.241524
716 3.343715
717 3.466996
718 3.441773
719 3.253349
720 3.014665
721 2.844419
722 2.740999
723 2.650077
724 2.439594
725 2.355399
726 2.393269
727 2.559789
728 2.604098
729 2.731971
730 2.801170
731 2.963996
732 2.960637
733 2.928038
734 2.806360
735 2.849785
736 2.939689
737 2.864725
738 2.818324
739 2.794330
740 2.727303
741 2.597885
742 2.447778
743 2.389928
744 2.404324
745 2.440273
746 2.356155
747 2.310559
748 2.310876
749 2.197474
750 2.003600
751 1.951747
752 1.944862
753 2.010132
754 2.021580
755 1.931904
756 1.755256
757 1.753046
758 1.732024
759 1.815422
760 1.677332
761 1.610713
762 1.586759
763 1.501799
764 1.494304
765 1.514805
766 1.513505
767 1.465577
768 1.482904
769 1.444007
770 1.473992
771 1.425188
772 1.332503
773 1.365446
774 1.473369
775 1.543275
776 1.518935
777 1.400114
778 1.406932
779 1.462006
780 1.592837
781 1.659550
782 1.641569
783 1.566383
784 1.468223
785 1.567742
786 1.687867
787 1.668234
788 1.687117
789 1.758128
790 1.775304
791 1.721912
792 1.642297
793 1.534652
794 1.479431
795 1.403878
796 1.310906
797 1.256076
798 1.192553
799 1.171290
800 1.206532
801 1.173563
802 1.157883
803 1.169029
804 1.160697
805 1.267126
806 1.226366
807 1.178613
808 1.039990
809 1.043192
810 0.978673
811 0.873533
812 0.895111
813 0.928455
814 0.940497
815 0.957498
816 0.960474
817 0.979073
818 0.951253
819 0.988628
820 0.997381
821 1.028771
822 0.999336
823 0.944449
824 0.923377
825 0.960472
826 1.008315
827 0.950799
828 0.983351
829 1.037641
830 0.968851
831 0.891137
832 0.888818
833 0.915847
834 0.963120
835 1.021360
836 1.045122
837 0.962261
838 0.896113
839 0.902717
840 0.964428
841 1.013161
842 1.064839
843 1.093147
844 1.080725
845 1.028680
846 0.904074
847 0.849956
848 0.785922
849 0.781670
850 0.747960
851 0.693776
852 0.675842
853 0.647304
854 0.633278
855 0.566381
856 0.569124
857 0.605742
858 0.648876
859 0.623073
860 0.587595
861 0.569586
862 0.534462
863 0.497688
864 0.497944
865 0.508474
866 0.514302
867 0.517887
868 0.503436
869 0.514276
870 0.500016
871 0.484126
872 0.490924
873 0.497115
874 0.492908
875 0.487407
876 0.490084
877 0.491513
878 0.463189
879 0.412085
880 0.397850
881 0.392061
882 0.421044
883 0.407977
884 0.367033
885 0.335162
886 0.321289
887 0.325601
888 0.312564
889 0.286710
890 0.273901
891 0.281263
892 0.298670
893 0.301639
894 0.279080
895 0.278236
896 0.272370
897 0.274120
898 0.265987
899 0.262318
900 0.246283
901 0.235991
902 0.237925
903 0.235255
904 0.223599
905 0.218562
906 0.201640
907 0.182699
908 0.187175
909 0.196080
910 0.191774
911 0.186797
912 0.173000
913 0.165033
914 0.173413
915 0.192933
916 0.203157
917 0.190766
918 0.169580
919 0.167916
920 0.168211
921 0.159904
922 0.152989
923 0.149592
924 0.153629
925 0.153711
926 0.154140
927 0.148266
928 0.155667
929 0.155347
930 0.163233
931 0.165960
932 0.166952
933 0.155008
934 0.133016
935 0.131904
936 0.131322
937 0.130778
938 0.121635
939 0.112742
940 0.103752
941 0.109100
942 0.104911
943 0.111942
944 0.113245
945 0.111883
946 0.111866
947 0.106425
948 0.113191
949 0.118780
950 0.121545
951 0.121134
952 0.125857
953 0.131619
954 0.132369
955 0.129101
956 0.124097
957 0.117872
958 0.107527
959 0.103278
960 0.102489
961 0.099917
962 0.099081
963 0.096417
964 0.096474
965 0.103074
966 0.103878
967 0.104357
968 0.097061
969 0.096834
970 0.096970
971 0.091697
972 0.086483
973 0.092024
974 0.090903
975 0.087281
976 0.081427
977 0.076177
978 0.074845
979 0.072860
980 0.075176
981 0.075836
982 0.078098
983 0.080606
984 0.080016
985 0.074973
986 0.069860
987 0.064974
988 0.060712
989 0.059885
990 0.059068
991 0.057320
992 0.060090
993 0.062159
994 0.066423
995 0.066819
996 0.067225
997 0.064758
998 0.061731
999 0.059511
1000 0.053123
1001 0.052129
1002 0.048205
1003 0.049492
1004 0.049288
1005 0.048278
1006 0.049463
1007 0.049569
1008 0.049086
1009 0.049963
1010 0.051168
1011 0.049946
1012 0.047489
1013 0.046485
1014 0.045564
1015 0.047392
1016 0.043878
1017 0.042571
1018 0.040428
1019 0.040530
1020 0.040367
1021 0.041302
1022 0.040081
1023 0.041132
1024 0.041923
1025 0.043033
1026 0.039989
1027 0.033657
1028 0.030416
1029 0.028501
1030 0.029628
1031 0.033602
1032 0.037746
1033 0.035534
1034 0.034004
1035 0.031272
1036 0.029530
1037 0.029070
1038 0.030319
1039 0.030657
1040 0.030872
1041 0.027871
1042 0.027143
1043 0.027175
1044 0.026915
1045 0.026529
1046 0.025105
1047 0.024034
1048 0.023866
1049 0.024390
1050 0.023367
1051 0.022266
1052 0.021413
1053 0.021562
1054 0.021437
1055 0.021872
1056 0.022077
1057 0.021733
1058 0.020565
1059 0.020819
1060 0.022407
1061 0.023457
1062 0.022237
1063 0.021197
1064 0.019871
1065 0.021514
1066 0.020977
1067 0.020105
1068 0.018869
1069 0.018044
1070 0.019529
1071 0.020244
1072 0.021390
1073 0.021299
1074 0.021131
1075 0.020665
1076 0.020649
1077 0.020610
1078 0.020562
1079 0.019521
1080 0.021124
1081 0.021383
1082 0.021423
1083 0.022369
1084 0.023734
1085 0.024552
1086 0.023893
1087 0.023721
1088 0.024216
1089 0.023558
1090 0.022020
1091 0.020727
1092 0.019956
1093 0.020231
1094 0.019710
1095 0.018067
1096 0.017885
1097 0.018703
1098 0.019412
1099 0.020904
1100 0.021808
1101 0.021617
1102 0.020575
1103 0.020083
1104 0.022237
1105 0.024731
1106 0.023010
1107 0.020365
1108 0.019246
1109 0.019382
1110 0.018784
1111 0.018607
1112 0.019738
1113 0.021336
1114 0.021439
1115 0.020843
1116 0.020450
1117 0.021838
1118 0.022192
1119 0.020920
1120 0.020023
1121 0.018533
1122 0.019438
1123 0.019860
1124 0.020698
1125 0.019895
1126 0.018912
1127 0.019070
1128 0.020368
1129 0.020746
1130 0.018411
1131 0.017165
1132 0.017617
1133 0.018868
1134 0.019841
1135 0.017858
1136 0.017982
1137 0.017921
1138 0.017957
1139 0.018250
1140 0.017250
1141 0.016870
1142 0.017219
1143 0.018344
1144 0.019442
1145 0.019712
1146 0.019721
1147 0.019769
1148 0.020424
1149 0.018813
1150 0.018996
1151 0.017811
1152 0.018095
1153 0.019081
1154 0.019049
1155 0.019640
1156 0.020403
1157 0.020986
1158 0.019566
1159 0.018753
1160 0.017621
1161 0.018086
1162 0.019301
1163 0.021412
1164 0.022132
1165 0.021142
1166 0.019084
1167 0.018511
1168 0.019004
1169 0.019430
1170 0.019738
1171 0.020558
1172 0.021179
1173 0.021239
1174 0.022395
1175 0.023019
1176 0.022219
1177 0.021343
1178 0.022513
1179 0.022717
1180 0.023665
1181 0.023923
1182 0.022250
1183 0.022259
1184 0.022625
1185 0.022669
1186 0.020823
1187 0.020033
1188 0.021631
1189 0.022631
1190 0.023500
1191 0.022402
1192 0.020927
1193 0.021097
1194 0.020698
1195 0.022321
1196 0.023002
1197 0.022801
1198 0.023562
1199 0.024053
1200 0.024915
1201 0.023704
1202 0.021922
1203 0.019899
1204 0.020554
1205 0.019694
1206 0.022020
1207 0.021944
1208 0.022170
1209 0.020839
1210 0.019747
1211 0.020224
1212 0.021803
1213 0.023800
1214 0.023538
1215 0.023551
1216 0.025483
1217 0.026421
1218 0.024494
1219 0.021831
1220 0.020665
1221 0.021414
1222 0.021487
1223 0.022380
1224 0.020689
1225 0.020156
1226 0.021134
1227 0.024678
1228 0.026574
1229 0.025389
1230 0.024768
1231 0.023523
1232 0.024615
1233 0.025452
1234 0.027430
1235 0.028423
1236 0.027147
1237 0.024820
1238 0.023019
1239 0.023743
1240 0.024931
1241 0.025995
1242 0.026190
1243 0.025090
1244 0.025463
1245 0.024603
1246 0.025250
1247 0.025250
1248 0.026063
1249 0.026263
1250 0.027528
1251 0.027471
1252 0.025616
1253 0.022807
1254 0.023200
1255 0.025185
1256 0.024767
1257 0.023036
1258 0.020102
1259 0.019392
1260 0.020396
1261 0.022089
1262 0.023299
1263 0.023201
1264 0.023017
1265 0.024493
1266 0.026388
1267 0.026494
1268 0.025628
1269 0.024747
1270 0.022794
1271 0.021057
1272 0.019749
1273 0.018612
1274 0.018636
1275 0.020342
1276 0.020540
1277 0.020470
1278 0.019415
1279 0.019397
1280 0.018747
1281 0.018755
1282 0.019877
1283 0.021474
1284 0.020504
1285 0.019183
1286 0.018421
1287 0.018189
1288 0.017446
1289 0.016410
1290 0.016515
1291 0.017533
1292 0.016257
1293 0.014842
1294 0.014371
1295 0.014878
1296 0.015121
1297 0.015268
1298 0.014058
1299 0.012842
1300 0.013683
1301 0.013718
1302 0.013873
1303 0.013700
1304 0.013299
1305 0.013408
1306 0.012890
1307 0.012971
1308 0.012486
1309 0.011831
1310 0.011659
1311 0.011949
1312 0.011829
1313 0.013043
1314 0.013467
1315 0.014313
1316 0.014108
1317 0.014762
1318 0.014430
1319 0.014479
1320 0.013924
1321 0.012224
1322 0.011524
1323 0.011302
1324 0.011225
1325 0.011419
1326 0.011179
1327 0.011396
1328 0.011510
1329 0.011799
1330 0.012397
1331 0.013119
1332 0.014511
1333 0.015455
1334 0.015956
1335 0.016022
1336 0.015223
1337 0.014057
1338 0.012795
1339 0.012445
1340 0.012026
1341 0.013169
1342 0.013445
1343 0.012770
1344 0.012574
1345 0.012419
1346 0.012306
1347 0.011913
1348 0.011754
1349 0.012355
1350 0.012897
1351 0.012683
1352 0.013775
1353 0.013455
1354 0.013524
1355 0.013325
1356 0.013067
1357 0.013750
1358 0.014298
1359 0.014870
1360 0.013162
1361 0.011251
1362 0.010686
1363 0.011358
1364 0.012547
1365 0.014629
1366 0.015120
1367 0.013148
1368 0.012363
1369 0.013025
1370 0.013981
1371 0.016037
1372 0.017024
1373 0.017362
1374 0.016600
1375 0.015190
1376 0.014003
1377 0.013294
1378 0.012985
1379 0.012878
1380 0.013920
1381 0.014263
1382 0.014294
1383 0.015355
1384 0.015348
1385 0.014422
1386 0.013593
1387 0.013570
1388 0.014197
1389 0.015085
1390 0.015556
1391 0.015416
1392 0.015910
1393 0.015653
1394 0.015112
1395 0.013580
1396 0.013438
1397 0.014173
1398 0.014339
1399 0.015781
1400 0.016718
1401 0.017208
1402 0.016893
1403 0.015973
1404 0.015237
1405 0.015445
1406 0.015632
1407 0.015843
1408 0.015232
1409 0.015082
1410 0.014848
1411 0.014249
1412 0.012782
1413 0.012701
1414 0.013134
1415 0.014678
1416 0.015404
1417 0.014808
1418 0.013781
1419 0.014552
1420 0.015205
1421 0.016702
1422 0.017255
1423 0.015181
1424 0.013043
1425 0.012234
1426 0.012614
1427 0.012835
1428 0.014360
1429 0.014850
1430 0.014499
1431 0.013498
1432 0.012802
1433 0.012375
1434 0.011815
1435 0.011355
1436 0.010063
1437 0.009248
1438 0.008419
1439 0.008740
1440 0.010085
1441 0.011016
1442 0.011381
1443 0.011512
1444 0.011656
1445 0.012051
1446 0.011562
1447 0.011876
1448 0.010771
1449 0.011111
1450 0.011136
1451 0.011077
1452 0.010290
1453 0.009347
1454 0.009218
1455 0.009220
1456 0.010090
1457 0.011497
1458 0.011760
1459 0.010539
1460 0.009348
1461 0.008971
1462 0.008790
1463 0.008901
1464 0.009038
1465 0.009346
1466 0.009375
1467 0.008944
1468 0.008838
1469 0.008856
1470 0.009333
1471 0.010270
1472 0.009876
1473 0.008765
1474 0.007888
1475 0.006607
1476 0.006774
1477 0.007215
1478 0.008216
1479 0.009005
1480 0.008989
1481 0.008146
1482 0.007658
1483 0.007443
1484 0.007483
1485 0.007761
1486 0.007439
1487 0.007486
1488 0.007076
1489 0.007401
1490 0.007715
1491 0.007877
1492 0.008115
1493 0.007594
1494 0.007129
1495 0.007488
1496 0.008088
1497 0.008122
1498 0.008372
1499 0.008759
1500 0.008200
1501 0.007343
1502 0.006456
1503 0.006414
1504 0.006487
1505 0.006743
1506 0.007221
1507 0.007948
1508 0.007914
1509 0.007851
1510 0.006976
1511 0.007308
1512 0.007947
1513 0.008765
1514 0.008589
1515 0.008655
1516 0.007566
1517 0.007535
1518 0.007901
1519 0.008052
1520 0.007592
1521 0.007345
1522 0.007466
1523 0.007391
1524 0.007089
1525 0.006324
1526 0.006409
1527 0.007388
1528 0.007922
1529 0.008052
1530 0.007897
1531 0.008267
1532 0.008251
1533 0.008125
1534 0.008634
1535 0.008493
1536 0.008205
1537 0.007490
1538 0.006556
1539 0.006295
1540 0.006060
1541 0.006488
1542 0.006839
1543 0.006921
1544 0.006751
1545 0.007068
1546 0.007863
1547 0.008146
1548 0.008442
1549 0.008536
1550 0.008882
1551 0.009914
1552 0.009794
1553 0.009162
1554 0.008432
1555 0.008239
1556 0.008414
1557 0.008978
1558 0.009422
1559 0.008591
1560 0.007808
1561 0.006987
1562 0.007289
1563 0.007911
1564 0.008380
1565 0.008450
1566 0.008160
1567 0.008201
1568 0.008616
1569 0.008771
1570 0.008965
1571 0.008484
1572 0.008379
1573 0.008007
1574 0.007950
1575 0.008803
1576 0.008854
1577 0.008832
1578 0.009065
1579 0.009273
1580 0.009292
1581 0.008797
1582 0.009009
1583 0.009162
1584 0.009439
1585 0.009553
1586 0.009004
1587 0.008068
1588 0.007027
1589 0.007071
1590 0.007322
1591 0.007222
1592 0.007325
1593 0.007620
1594 0.008276
1595 0.008546
1596 0.008753
1597 0.008246
1598 0.008299
1599 0.008083
1600 0.007504
1601 0.007705
1602 0.008201
1603 0.009753
1604 0.009781
1605 0.009099
1606 0.007740
1607 0.007111
1608 0.007120
1609 0.007658
1610 0.007749
1611 0.007466
1612 0.006822
1613 0.006493
1614 0.006270
1615 0.006309
1616 0.006769
1617 0.007816
1618 0.008220
1619 0.008682
1620 0.008206
1621 0.007947
1622 0.007577
1623 0.007819
1624 0.007457
1625 0.007644
1626 0.006701
1627 0.006064
1628 0.006114
1629 0.006325
1630 0.007679
1631 0.008131
1632 0.008449
1633 0.007905
1634 0.007658
1635 0.007835
1636 0.007629
1637 0.007798
1638 0.007515
1639 0.006701
1640 0.006013
1641 0.005355
1642 0.005688
1643 0.006131
1644 0.006734
1645 0.007559
1646 0.007973
1647 0.007371
1648 0.006776
1649 0.006106
1650 0.006144
1651 0.006120
1652 0.007192
1653 0.007848
1654 0.007255
1655 0.006429
1656 0.005702
1657 0.005776
1658 0.006230
1659 0.007136
1660 0.007284
1661 0.006834
1662 0.006338
1663 0.006374
1664 0.006929
1665 0.007420
1666 0.006766
1667 0.006599
1668 0.006518
1669 0.006662
1670 0.006738
1671 0.006866
1672 0.007221
1673 0.007654
1674 0.007584
1675 0.006799
1676 0.005630
1677 0.005273
1678 0.005339
1679 0.005770
1680 0.006452
1681 0.006808
1682 0.007206
1683 0.006624
1684 0.006137
1685 0.006097
1686 0.005844
1687 0.006579
1688 0.006834
1689 0.006949
1690 0.006841
1691 0.006655
1692 0.006597
1693 0.006247
1694 0.006208
1695 0.006600
1696 0.006879
1697 0.006897
1698 0.006501
1699 0.006632
1700 0.006342
1701 0.006725
1702 0.007131
1703 0.007126
1704 0.007188
1705 0.006560
1706 0.006375
1707 0.006333
1708 0.007255
1709 0.008466
1710 0.007697
1711 0.007007
1712 0.005870
1713 0.005724
1714 0.006377
1715 0.007366
1716 0.008044
1717 0.007907
1718 0.007533
1719 0.006879
1720 0.006085
1721 0.005808
1722 0.005720
1723 0.005712
1724 0.006147
1725 0.006626
1726 0.006519
1727 0.006572
1728 0.006103
1729 0.006420
1730 0.007102
1731 0.008062
1732 0.008218
1733 0.007604
1734 0.006639
1735 0.006144
1736 0.006129
1737 0.006092
1738 0.005820
1739 0.005381
1740 0.005085
1741 0.005315
1742 0.005599
1743 0.006577
1744 0.007131
1745 0.006466
1746 0.005839
1747 0.005461
1748 0.005484
1749 0.005773
1750 0.005488
1751 0.005560
1752 0.005675
1753 0.005858
1754 0.005258
1755 0.004869
1756 0.004862
1757 0.005321
1758 0.006069
1759 0.006320
1760 0.005667
1761 0.004951
1762 0.004537
1763 0.004614
1764 0.004819
1765 0.005037
1766 0.005257
1767 0.004538
1768 0.004116
1769 0.003849
1770 0.004117
1771 0.004382
1772 0.004861
1773 0.004958
1774 0.004352
1775 0.003904
1776 0.003631
1777 0.003676
1778 0.003819
1779 0.004238
1780 0.004522
1781 0.004569
1782 0.004704
1783 0.004876
1784 0.004924
1785 0.004685
1786 0.004432
1787 0.004440
1788 0.004100
1789 0.003860
1790 0.003636
1791 0.003467
1792 0.003708
1793 0.004083
1794 0.004313
1795 0.004262
1796 0.004191
1797 0.004442
1798 0.004514
1799 0.004811
1800 0.005404
1801 0.005051
1802 0.004690
1803 0.003978
1804 0.003801
1805 0.004032
1806 0.004231
1807 0.004410
1808 0.004640
1809 0.004478
1810 0.004328
1811 0.004187
1812 0.004112
1813 0.004277
1814 0.004814
1815 0.004510
1816 0.004152
1817 0.003624
1818 0.003504
1819 0.003640
1820 0.004030
1821 0.004569
1822 0.004837
1823 0.004701
1824 0.004185
1825 0.003639
1826 0.003260
1827 0.003418
1828 0.003978
1829 0.004346
1830 0.004494
1831 0.003886
1832 0.003364
1833 0.003109
1834 0.003028
1835 0.003352
1836 0.003374
1837 0.003260
1838 0.003067
1839 0.003004
1840 0.003185
1841 0.003511
1842 0.003664
1843 0.003320
1844 0.003034
1845 0.002929
1846 0.003041
1847 0.003316
1848 0.003382
1849 0.003553
1850 0.003203
1851 0.002928
1852 0.002609
1853 0.002390
1854 0.002639
1855 0.002812
1856 0.002983
1857 0.002949
1858 0.002716
1859 0.002553
1860 0.002541
1861 0.002565
1862 0.002599
1863 0.002571
1864 0.002516
1865 0.002313
1866 0.002396
1867 0.002496
1868 0.002646
1869 0.002838
1870 0.003022
1871 0.002933
1872 0.002537
1873 0.002161
1874 0.001978
1875 0.002080
1876 0.002585
1877 0.003026
1878 0.002942
1879 0.002656
1880 0.002310
1881 0.002062
1882 0.002039
1883 0.002209
1884 0.002514
1885 0.002715
1886 0.002838
1887 0.002554
1888 0.002203
1889 0.001945
1890 0.001892
1891 0.001909
1892 0.002102
1893 0.002361
1894 0.002575
1895 0.002658
1896 0.002491
1897 0.002246
1898 0.002313
1899 0.002264
1900 0.002366
1901 0.002157
1902 0.002013
1903 0.002094
1904 0.002360
1905 0.002600
1906 0.002666
1907 0.002418
1908 0.001862
1909 0.001643
1910 0.001722
1911 0.002139
1912 0.002784
1913 0.002970
1914 0.002771
1915 0.002564
1916 0.002295
1917 0.002295
1918 0.002225
1919 0.002320
1920 0.002587
1921 0.002752
1922 0.002385
1923 0.001892
1924 0.001673
1925 0.001775
1926 0.002227
1927 0.002596
1928 0.003110
1929 0.003140
1930 0.003071
1931 0.002689
1932 0.002455
1933 0.002450
1934 0.002568
1935 0.002633
1936 0.002396
1937 0.002061
1938 0.001916
1939 0.002115
1940 0.002488
1941 0.002516
1942 0.002256
1943 0.002062
1944 0.001801
1945 0.001957
1946 0.002208
1947 0.002437
1948 0.002301
1949 0.002031
1950 0.001783
1951 0.001766
1952 0.001899
1953 0.001892
1954 0.002105
1955 0.002154
1956 0.002142
1957 0.002193
1958 0.001961
1959 0.001889
1960 0.001725
1961 0.001780
1962 0.001977
1963 0.002028
1964 0.001997
1965 0.001911
1966 0.001869
1967 0.001909
1968 0.002059
1969 0.002225
1970 0.002066
1971 0.001784
1972 0.001497
1973 0.001360
1974 0.001552
1975 0.001847
1976 0.002218
1977 0.002364
1978 0.002271
1979 0.002221
1980 0.002172
1981 0.002423
1982 0.002317
1983 0.002327
1984 0.002263
1985 0.002110
1986 0.002152
1987 0.002121
1988 0.002113
1989 0.002052
1990 0.001926
1991 0.001744
1992 0.001565
1993 0.001515
1994 0.001657
1995 0.001830
1996 0.002093
1997 0.002204
1998 0.001903
1999 0.001711
2000 0.001629
2001 0.001863
2002 0.002229
2003 0.002427
2004 0.002285
2005 0.001866
2006 0.001534
2007 0.001397
2008 0.001409
2009 0.001545
2010 0.001844
2011 0.002048
2012 0.002040
2013 0.001890
2014 0.001699
2015 0.001518
2016 0.001496
2017 0.001621
2018 0.001821
2019 0.002234
2020 0.002251
2021 0.002137
2022 0.001605
2023 0.001429
2024 0.001446
2025 0.001578
2026 0.001834
2027 0.002173
2028 0.002494
2029 0.002139
2030 0.001657
2031 0.001251
2032 0.001281
2033 0.001595
2034 0.001987
2035 0.002198
2036 0.002235
2037 0.002101
2038 0.001863
2039 0.001743
2040 0.001507
2041 0.001463
2042 0.001533
2043 0.001848
2044 0.002013
2045 0.001755
2046 0.001543
2047 0.001396
2048 0.001585
2049 0.001887
2050 0.002262
2051 0.002277
2052 0.002242
2053 0.002207
2054 0.002311
2055 0.002137
2056 0.001882
2057 0.001581
2058 0.001418
2059 0.001595
2060 0.002028
2061 0.002485
2062 0.002439
2063 0.002194
2064 0.001999
2065 0.001879
2066 0.001776
2067 0.001843
2068 0.002073
2069 0.002248
2070 0.002459
2071 0.002400
2072 0.002220
2073 0.001937
2074 0.001660
2075 0.001680
2076 0.001883
2077 0.002213
2078 0.002393
2079 0.002208
2080 0.001917
2081 0.001694
2082 0.001835
2083 0.002093
2084 0.002445
2085 0.002829
2086 0.003132
2087 0.003239
2088 0.002870
2089 0.002462
2090 0.002116
2091 0.001803
2092 0.001614
2093 0.001632
2094 0.002041
2095 0.002465
2096 0.002601
2097 0.002412
2098 0.001901
2099 0.001643
2100 0.001611
2101 0.002082
2102 0.002602
2103 0.002986
2104 0.003090
2105 0.002829
2106 0.002521
2107 0.002405
2108 0.002335
2109 0.002354
2110 0.002572
2111 0.002685
2112 0.002512
2113 0.002415
2114 0.002063
2115 0.001930
2116 0.001932
2117 0.002179
2118 0.002804
2119 0.003220
2120 0.003424
2121 0.003312
2122 0.003353
2123 0.003204
2124 0.002683
2125 0.002112
2126 0.001932
2127 0.002153
2128 0.002584
2129 0.003245
2130 0.003729
2131 0.003455
2132 0.002878
2133 0.002503
2134 0.002541
2135 0.002988
2136 0.003314
2137 0.003383
2138 0.003201
2139 0.003193
2140 0.003075
2141 0.003176
2142 0.002966
2143 0.002915
2144 0.003114
2145 0.003729
2146 0.004429
2147 0.004567
2148 0.004175
2149 0.003921
2150 0.003389
2151 0.003345
2152 0.003513
2153 0.003950
2154 0.004089
2155 0.004258
2156 0.004602
2157 0.003938
2158 0.003308
2159 0.002591
2160 0.002519
2161 0.003052
2162 0.003636
2163 0.004255
2164 0.004370
2165 0.004317
2166 0.003647
2167 0.003333
2168 0.003777
2169 0.004376
2170 0.005271
2171 0.005616
2172 0.004854
2173 0.004603
2174 0.003822
2175 0.003852
2176 0.003398
2177 0.003070
2178 0.003257
2179 0.003789
2180 0.004569
2181 0.004687
2182 0.004516
2183 0.003826
2184 0.003819
2185 0.003699
2186 0.003749
2187 0.004105
2188 0.004333
2189 0.005290
2190 0.005711
2191 0.005449
2192 0.005006
2193 0.004001
2194 0.003314
2195 0.003440
2196 0.004313
2197 0.005747
2198 0.006396
2199 0.005950
2200 0.005361
2201 0.004841
2202 0.005169
2203 0.005619
2204 0.006239
2205 0.006118
2206 0.006018
2207 0.005170
2208 0.004827
2209 0.004654
2210 0.004242
2211 0.004179
2212 0.004432
2213 0.005604
2214 0.006473
2215 0.007329
2216 0.006695
2217 0.005641
2218 0.005082
2219 0.004536
2220 0.005009
2221 0.004908
2222 0.005532
2223 0.006104
2224 0.006907
2225 0.007169
2226 0.005896
2227 0.004776
2228 0.004037
2229 0.004530
2230 0.005965
2231 0.007472
2232 0.007938
2233 0.006941
2234 0.006038
2235 0.006054
2236 0.006529
2237 0.005948
2238 0.005317
2239 0.005297
2240 0.005759
2241 0.007179
2242 0.006717
2243 0.006269
2244 0.005009
2245 0.005214
2246 0.005310
2247 0.006227
2248 0.006772
2249 0.007106
2250 0.007507
2251 0.007719
2252 0.007709
2253 0.007020
2254 0.006477
2255 0.006112
2256 0.006466
2257 0.007536
2258 0.007723
2259 0.007326
2260 0.006424
2261 0.005975
2262 0.006208
2263 0.006955
2264 0.007011
2265 0.007346
2266 0.006724
2267 0.007526
2268 0.008966
2269 0.009001
2270 0.008889
2271 0.007628
2272 0.007839
2273 0.007662
2274 0.007587
2275 0.008658
2276 0.009412
2277 0.009387
2278 0.008410
2279 0.008196
2280 0.008387
2281 0.008813
2282 0.008520
2283 0.007526
2284 0.007627
2285 0.008861
2286 0.010998
2287 0.011209
2288 0.010169
2289 0.008383
2290 0.007491
2291 0.007353
2292 0.007038
2293 0.007379
2294 0.008120
2295 0.010754
2296 0.012889
2297 0.013135
2298 0.010558
2299 0.008622
2300 0.008573
2301 0.010452
2302 0.011745
2303 0.011505
2304 0.010411
2305 0.010490
2306 0.010241
2307 0.011570
2308 0.011843
2309 0.011676
2310 0.010986
2311 0.010454
2312 0.011869
2313 0.013500
2314 0.014366
2315 0.012591
2316 0.011833
2317 0.010667
2318 0.011348
2319 0.011123
2320 0.012828
2321 0.013699
2322 0.013975
2323 0.014436
2324 0.012764
2325 0.011282
2326 0.011125
2327 0.011616
2328 0.011914
2329 0.011103
2330 0.012002
2331 0.013673
2332 0.014905
2333 0.016147
2334 0.015400
2335 0.015211
2336 0.017008
2337 0.015608
2338 0.013941
2339 0.011646
2340 0.011763
2341 0.013116
2342 0.013945
2343 0.013958
2344 0.012565
2345 0.013206
2346 0.013599
2347 0.016592
2348 0.016486
2349 0.015273
2350 0.014698
2351 0.014120
2352 0.016689
2353 0.016375
2354 0.015229
2355 0.013462
2356 0.013195
2357 0.015213
2358 0.017054
2359 0.017434
2360 0.014687
2361 0.013007
2362 0.011936
2363 0.012817
2364 0.013567
2365 0.015030
2366 0.015900
2367 0.015919
2368 0.015157
2369 0.014983
2370 0.014181
2371 0.015166
2372 0.016043
2373 0.016196
2374 0.019115
2375 0.016309
2376 0.015093
2377 0.011998
2378 0.011988
2379 0.012210
2380 0.013464
2381 0.013692
2382 0.012196
2383 0.012695
2384 0.013499
2385 0.015657
2386 0.014689
2387 0.013332
2388 0.011906
2389 0.012117
2390 0.015000
2391 0.016864
2392 0.016135
2393 0.015556
2394 0.013759
2395 0.014583
2396 0.014225
2397 0.013596
2398 0.012421
2399 0.011357
2400 0.012484
2401 0.012425
2402 0.014631
2403 0.013649
2404 0.013939
2405 0.014556
2406 0.015226
2407 0.015999
2408 0.013959
2409 0.013140
2410 0.012520
2411 0.013361
2412 0.014552
2413 0.014178
2414 0.013456
2415 0.012961
2416 0.013357
2417 0.012818
2418 0.012868
2419 0.013140
2420 0.013332
2421 0.015649
2422 0.015714
2423 0.015091
2424 0.011759
2425 0.009718
2426 0.010044
2427 0.011164
2428 0.014568
2429 0.014589
2430 0.015002
2431 0.014467
2432 0.013549
2433 0.016132
2434 0.015015
2435 0.015616
2436 0.014209
2437 0.016465
2438 0.016732
2439 0.015522
2440 0.014177
2441 0.013883
2442 0.016545
2443 0.017766
2444 0.015946
2445 0.013522
2446 0.011850
2447 0.013041
2448 0.014918
2449 0.014954
2450 0.013757
2451 0.012831
2452 0.014374
2453 0.017243
2454 0.018019
2455 0.016815
2456 0.014541
2457 0.016073
2458 0.017676
2459 0.019876
2460 0.017325
2461 0.015623
2462 0.016097
2463 0.016007
2464 0.016304
2465 0.014979
2466 0.014076
2467 0.014967
2468 0.014890
2469 0.016678
2470 0.017897
2471 0.014278
2472 0.014932
2473 0.014683
2474 0.016773
2475 0.017156
2476 0.013485
2477 0.013588
2478 0.013428
2479 0.017257
2480 0.017219
2481 0.018255
2482 0.015615
2483 0.014125
2484 0.015677
2485 0.013737
2486 0.014102
2487 0.011993
2488 0.013272
2489 0.013490
2490 0.014102
2491 0.013226
2492 0.012933
2493 0.015197
2494 0.016059
2495 0.017373
2496 0.015642
2497 0.017487
2498 0.018848
2499 0.020965
2500 0.019657
2501 0.015457
2502 0.012553
2503 0.012325
2504 0.013603
2505 0.016438
2506 0.014711
2507 0.015269
2508 0.015220
2509 0.017247
2510 0.016427
2511 0.015049
2512 0.015987
2513 0.016601
2514 0.016685
2515 0.015252
2516 0.013521
2517 0.011419
2518 0.013893
2519 0.015665
2520 0.016315
2521 0.015235
2522 0.013192
2523 0.013743
2524 0.013041
2525 0.013538
2526 0.011769
2527 0.011852
2528 0.010984
2529 0.012785
2530 0.014608
2531 0.015277
2532 0.012846
2533 0.011875
2534 0.012441
2535 0.015251
2536 0.015704
2537 0.015056
2538 0.012119
2539 0.010568
2540 0.010747
2541 0.011622
2542 0.012058
2543 0.010605
2544 0.010526
2545 0.010281
2546 0.011971
2547 0.012270
2548 0.012016
2549 0.013898
2550 0.014368
2551 0.015011
2552 0.011010
2553 0.009206
2554 0.008943
2555 0.010047
2556 0.011623
2557 0.011260
2558 0.011816
2559 0.013267
2560 0.014903
2561 0.014667
2562 0.013100
2563 0.012259
2564 0.012349
2565 0.014017
2566 0.013791
2567 0.011974
2568 0.010364
2569 0.010670
2570 0.010334
2571 0.010712
2572 0.009176
2573 0.009948
2574 0.011127
2575 0.012130
2576 0.012714
2577 0.010095
2578 0.010511
2579 0.011356
2580 0.012899
2581 0.013570
2582 0.011574
2583 0.010745
2584 0.010600
2585 0.012076
2586 0.011812
2587 0.011422
2588 0.009482
2589 0.009581
2590 0.010717
2591 0.011928
2592 0.012926
2593 0.011031
2594 0.011235
2595 0.011615
2596 0.014203
2597 0.013426
2598 0.013247
2599 0.011669
2600 0.011961
2601 0.010963
2602 0.010570
2603 0.009471
2604 0.010086
2605 0.010542
2606 0.011574
2607 0.011700
2608 0.010344
2609 0.011606
2610 0.012015
2611 0.012616
2612 0.010171
2613 0.010489
2614 0.009802
2615 0.011157
2616 0.011619
2617 0.012267
2618 0.012155
2619 0.012278
2620 0.013391
2621 0.012422
2622 0.011196
2623 0.008994
2624 0.009110
2625 0.008741
2626 0.010015
2627 0.009666
2628 0.010248
2629 0.010530
2630 0.013394
2631 0.015103
2632 0.013590
2633 0.012322
2634 0.010443
2635 0.011936
2636 0.011177
2637 0.011706
2638 0.009842
2639 0.009597
2640 0.009427
2641 0.011683
2642 0.013121
2643 0.013814
2644 0.012667
2645 0.013601
2646 0.014385
2647 0.014535
2648 0.013079
2649 0.012016
2650 0.012499
2651 0.011742
2652 0.010481
2653 0.008716
2654 0.008152
2655 0.009093
2656 0.011631
2657 0.013950
2658 0.014918
2659 0.014815
2660 0.015314
2661 0.014439
2662 0.012355
2663 0.010118
2664 0.009915
2665 0.010372
2666 0.011353
2667 0.010812
2668 0.011434
2669 0.010746
2670 0.011677
2671 0.012821
2672 0.012343
2673 0.011594
2674 0.010777
2675 0.012515
2676 0.013093
2677 0.012440
2678 0.010093
2679 0.009448
2680 0.009841
2681 0.012882
2682 0.013524
2683 0.012826
2684 0.009637
2685 0.008120
2686 0.008039
2687 0.008680
2688 0.009377
2689 0.009213
2690 0.009080
2691 0.009071
2692 0.009619
2693 0.010240
2694 0.010580
2695 0.012544
2696 0.014303
2697 0.014930
2698 0.014162
2699 0.010671
2700 0.009233
2701 0.008489
2702 0.009828
2703 0.009853
2704 0.010012
2705 0.009540
2706 0.010091
2707 0.011003
2708 0.011779
2709 0.011526
2710 0.011210
2711 0.011608
2712 0.012608
2713 0.013310
2714 0.011471
2715 0.010625
2716 0.010790
2717 0.011738
2718 0.011866
2719 0.011400
2720 0.010419
2721 0.010697
2722 0.010969
2723 0.010588
2724 0.009467
2725 0.010008
2726 0.011015
2727 0.012924
2728 0.012847
2729 0.012571
2730 0.013084
2731 0.013263
2732 0.012741
2733 0.010297
2734 0.008701
2735 0.007891
2736 0.008465
2737 0.009429
2738 0.012745
2739 0.013767
2740 0.014681
2741 0.013842
2742 0.013626
2743 0.012696
2744 0.013010
2745 0.013233
2746 0.012472
2747 0.010696
2748 0.010291
2749 0.009992
2750 0.011941
2751 0.013350
2752 0.014527
2753 0.014897
2754 0.014759
2755 0.015411
2756 0.014130
2757 0.013461
2758 0.012672
2759 0.013117
2760 0.014953
2761 0.014915
2762 0.014532
2763 0.014110
2764 0.013628
2765 0.014892
2766 0.014442
2767 0.013921
2768 0.013236
2769 0.013002
2770 0.012493
2771 0.012519
2772 0.012089
2773 0.012432
2774 0.014415
2775 0.015872
2776 0.016509
2777 0.016777
2778 0.019648
2779 0.019410
2780 0.021921
2781 0.019678
2782 0.017527
2783 0.014051
2784 0.012651
2785 0.011108
2786 0.009481
2787 0.009270
2788 0.011285
2789 0.013406
2790 0.015794
2791 0.017103
2792 0.016294
2793 0.017025
2794 0.018315
2795 0.019727
2796 0.016950
2797 0.016027
2798 0.014502
2799 0.014234
2800 0.013999
2801 0.014698
2802 0.015689
2803 0.017798
2804 0.017083
2805 0.017028
2806 0.015809
2807 0.016672
2808 0.017908
2809 0.017522
2810 0.015976
2811 0.014915
2812 0.014904
2813 0.017258
2814 0.017310
2815 0.018308
2816 0.016508
2817 0.018974
2818 0.018766
2819 0.019717
2820 0.019144
2821 0.017794
2822 0.015432
2823 0.014503
2824 0.014520
2825 0.014640
2826 0.017162
2827 0.020033
2828 0.019746
2829 0.018984
2830 0.019958
2831 0.020831
2832 0.019680
2833 0.018202
2834 0.017021
2835 0.015096
2836 0.015088
2837 0.014389
2838 0.015896
2839 0.016083
2840 0.018624
2841 0.019108
2842 0.020954
2843 0.022936
2844 0.023446
2845 0.022134
2846 0.018257
2847 0.017073
2848 0.014956
2849 0.014847
2850 0.013113
2851 0.014034
2852 0.014514
2853 0.016185
2854 0.017371
2855 0.017746
2856 0.019520
2857 0.020518
2858 0.020892
2859 0.019906
2860 0.018337
2861 0.016174
2862 0.016859
2863 0.015349
2864 0.016008
2865 0.014407
2866 0.015186
2867 0.015408
2868 0.017913
2869 0.018622
2870 0.018782
2871 0.016353
2872 0.015860
2873 0.015961
2874 0.016991
2875 0.016845
2876 0.017060
2877 0.016217
2878 0.017029
2879 0.017768
2880 0.019325
2881 0.020108
2882 0.020349
2883 0.017721
2884 0.017348
2885 0.014644
2886 0.011864
2887 0.011155
2888 0.011517
2889 0.014402
2890 0.014233
2891 0.013264
2892 0.011339
2893 0.013511
2894 0.017153
2895 0.021518
2896 0.020161
2897 0.017921
2898 0.015583
2899 0.015120
2900 0.012880
2901 0.011750
2902 0.010797
2903 0.012060
2904 0.013071
2905 0.012718
2906 0.013086
2907 0.013226
2908 0.014056
2909 0.015474
2910 0.014427
2911 0.012951
2912 0.011572
2913 0.011442
2914 0.011058
2915 0.011171
2916 0.010357
2917 0.010935
2918 0.011822
2919 0.013333
2920 0.012718
2921 0.011609
2922 0.011138
2923 0.012777
2924 0.013896
2925 0.014096
2926 0.015193
2927 0.013930
2928 0.013861
2929 0.013189
2930 0.012277
2931 0.011482
2932 0.011047
2933 0.011061
2934 0.010604
2935 0.009813
2936 0.009870
2937 0.010754
2938 0.012137
2939 0.013626
2940 0.014551
2941 0.014939
2942 0.013612
2943 0.013295
2944 0.011628
2945 0.011820
2946 0.012302
2947 0.014307
2948 0.014995
2949 0.013866
2950 0.012645
2951 0.013350
2952 0.013931
2953 0.013521
2954 0.011489
2955 0.010640
2956 0.011425
2957 0.012817
2958 0.014200
2959 0.013928
2960 0.013282
2961 0.014283
2962 0.014405
2963 0.014974
2964 0.014790
2965 0.014615
2966 0.014970
2967 0.014393
2968 0.012466
2969 0.011436
2970 0.010273
2971 0.010857
2972 0.011569
2973 0.011294
2974 0.010802
2975 0.011597
2976 0.014788
2977 0.017293
2978 0.016862
2979 0.016223
2980 0.015206
2981 0.014498
2982 0.013009
2983 0.011306
2984 0.009815
2985 0.010161
2986 0.010965
2987 0.011150
2988 0.012572
2989 0.013392
2990 0.014923
2991 0.015906
2992 0.016032
2993 0.015032
2994 0.013270
2995 0.011861
2996 0.010822
2997 0.010180
2998 0.011777
2999 0.014016
3000 0.016343
3001 0.015330
3002 0.013809
3003 0.013201
3004 0.014348
3005 0.013281
3006 0.012305
3007 0.011024
3008 0.010745
3009 0.011826
3010 0.011508
3011 0.011092
3012 0.011390
3013 0.012544
3014 0.013104
3015 0.012343
3016 0.010638
3017 0.010133
3018 0.010229
3019 0.010325
3020 0.009741
3021 0.010205
3022 0.011057
3023 0.011420
3024 0.010996
3025 0.012100
3026 0.014848
3027 0.017311
3028 0.016426
3029 0.012946
3030 0.010428
3031 0.009741
3032 0.009023
3033 0.008988
3034 0.007229
3035 0.006608
3036 0.007040
3037 0.007708
3038 0.008965
3039 0.009796
3040 0.011483
3041 0.011543
3042 0.011350
3043 0.009957
3044 0.007882
3045 0.007334
3046 0.006519
3047 0.005831
3048 0.006183
3049 0.006204
3050 0.007426
3051 0.007910
3052 0.007962
3053 0.008534
3054 0.009174
3055 0.009753
3056 0.009201
3057 0.008308
3058 0.007810
3059 0.006863
3060 0.006863
3061 0.006643
3062 0.006650
3063 0.007295
3064 0.007960
3065 0.007817
3066 0.007309
3067 0.006427
3068 0.007147
3069 0.008157
3070 0.007850
3071 0.008077
3072 0.007292
3073 0.007211
3074 0.006070
3075 0.005345
3076 0.005379
3077 0.006109
3078 0.007384
3079 0.007495
3080 0.006436
3081 0.005652
3082 0.005422
3083 0.005972
3084 0.005812
3085 0.005464
3086 0.005400
3087 0.005335
3088 0.005876
3089 0.006065
3090 0.006332
3091 0.006782
3092 0.006419
3093 0.005509
3094 0.004651
3095 0.004357
3096 0.005023
3097 0.005239
3098 0.005063
3099 0.004764
3100 0.004787
3101 0.005275
3102 0.005376
3103 0.005421
3104 0.005432
3105 0.005643
3106 0.006670
3107 0.006826
3108 0.006048
3109 0.005160
3110 0.005246
3111 0.005699
3112 0.005603
3113 0.004841
3114 0.004620
3115 0.004358
3116 0.004334
3117 0.004306
3118 0.004402
3119 0.004902
3120 0.005857
3121 0.006801
3122 0.007161
3123 0.006848
3124 0.006847
3125 0.006442
3126 0.006194
3127 0.005617
3128 0.005247
3129 0.004696
3130 0.004162
3131 0.003577
3132 0.004054
3133 0.005109
3134 0.006043
3135 0.005876
3136 0.005092
3137 0.004736
3138 0.005037
3139 0.005038
3140 0.004620
3141 0.004027
3142 0.003606
3143 0.003453
3144 0.003957
3145 0.004070
3146 0.003992
3147 0.004117
3148 0.004275
3149 0.004342
3150 0.004542
3151 0.004823
3152 0.004818
3153 0.004461
3154 0.003908
3155 0.003575
3156 0.003457
3157 0.003821
3158 0.003894
3159 0.003317
3160 0.003222
3161 0.003620
3162 0.004095
3163 0.004512
3164 0.004063
3165 0.003698
3166 0.003455
3167 0.003406
3168 0.003080
3169 0.002964
3170 0.003226
3171 0.003829
3172 0.004005
3173 0.004119
3174 0.003689
3175 0.003771
3176 0.003829
3177 0.003500
3178 0.003126
3179 0.002695
3180 0.002553
3181 0.002716
3182 0.002717
3183 0.002908
3184 0.002946
3185 0.003353
3186 0.004092
3187 0.004105
3188 0.004140
3189 0.004055
3190 0.003843
3191 0.003230
3192 0.002437
3193 0.002416
3194 0.002724
3195 0.002963
3196 0.003034
3197 0.002820
3198 0.002517
3199 0.002651
3200 0.002954
3201 0.003401
3202 0.004091
3203 0.003690
3204 0.003587
3205 0.002894
3206 0.002654
3207 0.002953
3208 0.003454
3209 0.003712
3210 0.003496
3211 0.003011
3212 0.003104
3213 0.003399
3214 0.004134
3215 0.004266
3216 0.003515
3217 0.003328
3218 0.003518
3219 0.003467
3220 0.003534
3221 0.003398
3222 0.003607
3223 0.003761
3224 0.003642
3225 0.003329
3226 0.002809
3227 0.003100
3228 0.003364
3229 0.003803
3230 0.003745
3231 0.003946
3232 0.003988
3233 0.004336
3234 0.004162
3235 0.004262
3236 0.004548
3237 0.004660
3238 0.004355
3239 0.003723
3240 0.003557
3241 0.003650
3242 0.003644
3243 0.003611
3244 0.003617
3245 0.004052
3246 0.003963
3247 0.003277
3248 0.003163
3249 0.002993
3250 0.003682
3251 0.003958
3252 0.004204
3253 0.004019
3254 0.003801
3255 0.004054
3256 0.004539
3257 0.004930
3258 0.005232
3259 0.004866
3260 0.004826
3261 0.004437
3262 0.003892
3263 0.003479
3264 0.003318
3265 0.003837
3266 0.004474
3267 0.004745
3268 0.004996
3269 0.005044
3270 0.005178
3271 0.004996
3272 0.004650
3273 0.004639
3274 0.004613
3275 0.004152
3276 0.004042
3277 0.004185
3278 0.004429
3279 0.004428
3280 0.004328
3281 0.004703
3282 0.004802
3283 0.004731
3284 0.004365
3285 0.004128
3286 0.004515
3287 0.004647
3288 0.004660
3289 0.004075
3290 0.003537
3291 0.003684
3292 0.004010
3293 0.004598
3294 0.004723
3295 0.004931
3296 0.005010
3297 0.004794
3298 0.004399
3299 0.004358
3300 0.004446
3301 0.004830
3302 0.004652
3303 0.004048
3304 0.003280
3305 0.003075
3306 0.003331
3307 0.004048
3308 0.004314
3309 0.004667
3310 0.004257
3311 0.003755
3312 0.003746
3313 0.003758
3314 0.004602
3315 0.005156
3316 0.004720
3317 0.003994
3318 0.003333
3319 0.003534
3320 0.003338
3321 0.003236
3322 0.003116
3323 0.002849
3324 0.003164
3325 0.003762
3326 0.003495
3327 0.003297
3328 0.003008
3329 0.002731
3330 0.002436
3331 0.002467
3332 0.002873
3333 0.003209
3334 0.003752
3335 0.003440
3336 0.003294
3337 0.003311
3338 0.003689
3339 0.003709
3340 0.003127
3341 0.003021
3342 0.003241
3343 0.003257
3344 0.003388
3345 0.003539
3346 0.003589
3347 0.003540
3348 0.003272
3349 0.003314
3350 0.003461
3351 0.003853
3352 0.003911
3353 0.003232
3354 0.002855
3355 0.002445
3356 0.002614
3357 0.002675
3358 0.002824
3359 0.002977
3360 0.003508
3361 0.004240
3362 0.004461
3363 0.003865
3364 0.003165
3365 0.003216
3366 0.003036
3367 0.002996
3368 0.002605
3369 0.002504
3370 0.002374
3371 0.002313
3372 0.002146
3373 0.002194
3374 0.002281
3375 0.002598
3376 0.002641
3377 0.002783
3378 0.002702
3379 0.002841
3380 0.002718
3381 0.002671
3382 0.002792
3383 0.003093
3384 0.003187
3385 0.002965
3386 0.002568
3387 0.002785
3388 0.002852
3389 0.002978
3390 0.002672
3391 0.002359
3392 0.002208
3393 0.002401
3394 0.002568
3395 0.002714
3396 0.002752
3397 0.002725
3398 0.002781
3399 0.002670
3400 0.002676
3401 0.002805
3402 0.002913
3403 0.002651
3404 0.002044
3405 0.001841
3406 0.001942
3407 0.002267
3408 0.002480
3409 0.002760
3410 0.002720
3411 0.002673
3412 0.002533
3413 0.002504
3414 0.002622
3415 0.002504
3416 0.002638
3417 0.002732
3418 0.002701
3419 0.002630
3420 0.002586
3421 0.002504
3422 0.002353
3423 0.002226
3424 0.002343
3425 0.002404
3426 0.002354
3427 0.002197
3428 0.002189
3429 0.002311
3430 0.002809
3431 0.003153
3432 0.003038
3433 0.002331
3434 0.001969
3435 0.001914
3436 0.002009
3437 0.001947
3438 0.002101
3439 0.002234
3440 0.002480
3441 0.002288
3442 0.002012
3443 0.002030
3444 0.002177
3445 0.002482
3446 0.002489
3447 0.002347
3448 0.002267
3449 0.002442
3450 0.002464
3451 0.002416
3452 0.002379
3453 0.002543
3454 0.002561
3455 0.002197
3456 0.002022
3457 0.001697
3458 0.001592
3459 0.001526
3460 0.001448
3461 0.001679
3462 0.001927
3463 0.002095
3464 0.002054
3465 0.002086
3466 0.002350
3467 0.002707
3468 0.002741
3469 0.002615
3470 0.002098
3471 0.001762
3472 0.001735
3473 0.001477
3474 0.001362
3475 0.001447
3476 0.001454
3477 0.001439
3478 0.001414
3479 0.001659
3480 0.002134
3481 0.002527
3482 0.002354
3483 0.002054
3484 0.001627
3485 0.001478
3486 0.001592
3487 0.001905
3488 0.002012
3489 0.002047
3490 0.001837
3491 0.001530
3492 0.001400
3493 0.001530
3494 0.001770
3495 0.001901
3496 0.001867
3497 0.001779
3498 0.001722
3499 0.001660
3500 0.001484
3501 0.001465
3502 0.001372
3503 0.001349
3504 0.001301
3505 0.001319
3506 0.001178
3507 0.001216
3508 0.001474
3509 0.001665
3510 0.001671
3511 0.001309
3512 0.001210
3513 0.001263
3514 0.001331
3515 0.001538
3516 0.001626
3517 0.001602
3518 0.001655
3519 0.001530
3520 0.001530
3521 0.001568
3522 0.001683
3523 0.001537
3524 0.001085
3525 0.000836
3526 0.000843
3527 0.001030
3528 0.001330
3529 0.001406
3530 0.001216
3531 0.001081
3532 0.001059
3533 0.001204
3534 0.001425
3535 0.001496
3536 0.001468
3537 0.001237
3538 0.000996
3539 0.000921
3540 0.000936
3541 0.000967
3542 0.000979
3543 0.000924
3544 0.001024
3545 0.001017
3546 0.001005
3547 0.001036
3548 0.000991
3549 0.001006
3550 0.001010
3551 0.001015
3552 0.000991
3553 0.000980
3554 0.000900
3555 0.001009
3556 0.000988
3557 0.001050
3558 0.001038
3559 0.000865
3560 0.000783
3561 0.000753
3562 0.000850
3563 0.001026
3564 0.001039
3565 0.000943
3566 0.000796
3567 0.000814
3568 0.000912
3569 0.000972
3570 0.000964
3571 0.000959
3572 0.000963
3573 0.000840
3574 0.000685
3575 0.000657
3576 0.000731
3577 0.000848
3578 0.000826
3579 0.000805
3580 0.000686
3581 0.000654
3582 0.000627
3583 0.000655
3584 0.000702
3585 0.000790
3586 0.000771
3587 0.000696
3588 0.000560
3589 0.000555
3590 0.000531
3591 0.000555
3592 0.000617
3593 0.000607
3594 0.000610
3595 0.000620
3596 0.000668
3597 0.000737
3598 0.000724
3599 0.000702
3600 0.000678
3601 0.000620
3602 0.000576
3603 0.000589
3604 0.000520
3605 0.000511
3606 0.000512
3607 0.000526
3608 0.000512
3609 0.000477
3610 0.000468
3611 0.000494
3612 0.000553
3613 0.000530
3614 0.000506
3615 0.000414
3616 0.000374
3617 0.000349
3618 0.000382
3619 0.000423
3620 0.000508
3621 0.000542
3622 0.000526
3623 0.000469
3624 0.000432
3625 0.000435
3626 0.000435
3627 0.000440
3628 0.000419
3629 0.000397
3630 0.000336
3631 0.000308
3632 0.000293
3633 0.000308
3634 0.000387
3635 0.000422
3636 0.000426
3637 0.000392
3638 0.000357
3639 0.000376
3640 0.000412
3641 0.000436
3642 0.000417
3643 0.000375
3644 0.000339
3645 0.000355
3646 0.000412
3647 0.000442
3648 0.000418
3649 0.000384
3650 0.000361
3651 0.000336
3652 0.000326
3653 0.000314
3654 0.000356
3655 0.000393
3656 0.000397
3657 0.000397
3658 0.000382
3659 0.000421
3660 0.000425
3661 0.000430
3662 0.000397
3663 0.000361
3664 0.000344
3665 0.000340
3666 0.000337
3667 0.000353
3668 0.000393
3669 0.000460
3670 0.000489
3671 0.000447
3672 0.000371
3673 0.000368
3674 0.000347
3675 0.000387
3676 0.000374
3677 0.000395
3678 0.000381
3679 0.000351
3680 0.000349
3681 0.000345
3682 0.000363
3683 0.000361
3684 0.000357
3685 0.000302
3686 0.000289
3687 0.000311
3688 0.000320
3689 0.000342
3690 0.000351
3691 0.000355
3692 0.000345
3693 0.000366
3694 0.000365
3695 0.000404
3696 0.000401
3697 0.000404
3698 0.000344
3699 0.000321
3700 0.000316
3701 0.000300
3702 0.000282
3703 0.000270
3704 0.000247
3705 0.000250
3706 0.000246
3707 0.000277
3708 0.000306
3709 0.000316
3710 0.000305
3711 0.000289
3712 0.000254
3713 0.000269
3714 0.000271
3715 0.000301
3716 0.000281
3717 0.000243
3718 0.000223
3719 0.000253
3720 0.000253
3721 0.000252
3722 0.000253
3723 0.000251
3724 0.000246
3725 0.000260
3726 0.000255
3727 0.000268
3728 0.000268
3729 0.000272
3730 0.000220
3731 0.000205
3732 0.000214
3733 0.000257
3734 0.000303
3735 0.000310
3736 0.000275
3737 0.000234
3738 0.000207
3739 0.000212
3740 0.000206
3741 0.000212
3742 0.000219
3743 0.000218
3744 0.000204
3745 0.000202
3746 0.000204
3747 0.000231
3748 0.000249
3749 0.000252
3750 0.000262
3751 0.000225
3752 0.000215
3753 0.000205
3754 0.000227
3755 0.000264
3756 0.000254
3757 0.000260
3758 0.000240
3759 0.000216
3760 0.000205
3761 0.000193
3762 0.000182
3763 0.000164
3764 0.000175
3765 0.000197
3766 0.000216
3767 0.000211
3768 0.000220
3769 0.000215
3770 0.000194
3771 0.000204
3772 0.000221
3773 0.000234
3774 0.000242
3775 0.000223
3776 0.000239
3777 0.000242
3778 0.000229
3779 0.000208
3780 0.000197
3781 0.000195
3782 0.000222
3783 0.000213
3784 0.000217
3785 0.000203
3786 0.000203
3787 0.000193
3788 0.000178
3789 0.000166
3790 0.000151
3791 0.000155
3792 0.000179
3793 0.000201
3794 0.000216
3795 0.000210
3796 0.000202
3797 0.000173
3798 0.000171
3799 0.000178
3800 0.000197
3801 0.000205
3802 0.000211
3803 0.000199
3804 0.000204
3805 0.000214
3806 0.000217
3807 0.000203
3808 0.000201
3809 0.000221
3810 0.000208
3811 0.000184
3812 0.000174
3813 0.000181
3814 0.000193
3815 0.000193
3816 0.000187
3817 0.000150
3818 0.000145
3819 0.000155
3820 0.000163
3821 0.000176
3822 0.000182
3823 0.000193
3824 0.000190
3825 0.000186
3826 0.000177
3827 0.000167
3828 0.000162
3829 0.000162
3830 0.000180
3831 0.000201
3832 0.000216
3833 0.000216
3834 0.000207
3835 0.000173
3836 0.000139
3837 0.000141
3838 0.000149
3839 0.000173
3840 0.000189
3841 0.000202
3842 0.000204
3843 0.000182
3844 0.000172
3845 0.000162
3846 0.000165
3847 0.000181
3848 0.000182
3849 0.000175
3850 0.000162
3851 0.000157
3852 0.000162
3853 0.000167
3854 0.000172
3855 0.000154
3856 0.000151
3857 0.000151
3858 0.000149
3859 0.000149
3860 0.000138
3861 0.000137
3862 0.000149
3863 0.000166
3864 0.000173
3865 0.000167
3866 0.000150
3867 0.000141
3868 0.000142
3869 0.000148
3870 0.000143
3871 0.000145
3872 0.000142
3873 0.000129
3874 0.000121
3875 0.000122
3876 0.000122
3877 0.000124
3878 0.000138
3879 0.000167
3880 0.000185
3881 0.000174
3882 0.000139
3883 0.000109
3884 0.000098
3885 0.000101
3886 0.000107
3887 0.000110
3888 0.000130
3889 0.000139
3890 0.000143
3891 0.000144
3892 0.000151
3893 0.000150
3894 0.000143
3895 0.000135
3896 0.000131
3897 0.000122
3898 0.000119
3899 0.000119
3900 0.000125
3901 0.000124
3902 0.000113
3903 0.000102
3904 0.000095
3905 0.000091
3906 0.000102
3907 0.000113
3908 0.000117
3909 0.000102
3910 0.000090
3911 0.000086
3912 0.000097
3913 0.000112
3914 0.000115
3915 0.000100
3916 0.000091
3917 0.000097
3918 0.000103
3919 0.000093
3920 0.000092
3921 0.000092
3922 0.000092
3923 0.000085
3924 0.000080
3925 0.000087
3926 0.000091
3927 0.000087
3928 0.000086
3929 0.000086
3930 0.000091
3931 0.000099
3932 0.000094
3933 0.000081
3934 0.000075
3935 0.000076
3936 0.000079
3937 0.000086
3938 0.000081
3939 0.000079
3940 0.000077
3941 0.000069
3942 0.000065
3943 0.000056
3944 0.000050
3945 0.000052
3946 0.000060
3947 0.000068
3948 0.000060
3949 0.000055
3950 0.000047
3951 0.000049
3952 0.000051
3953 0.000055
3954 0.000054
3955 0.000050
3956 0.000047
3957 0.000045
3958 0.000044
3959 0.000046
3960 0.000046
3961 0.000042
3962 0.000039
3963 0.000038
3964 0.000040
3965 0.000044
3966 0.000046
3967 0.000043
3968 0.000035
3969 0.000032
3970 0.000031
3971 0.000029
3972 0.000031
3973 0.000035
3974 0.000036
3975 0.000039
3976 0.000036
3977 0.000035
3978 0.000035
3979 0.000037
3980 0.000039
3981 0.000038
3982 0.000040
3983 0.000034
3984 0.000029
3985 0.000026
3986 0.000023
3987 0.000025
3988 0.000026
3989 0.000027
3990 0.000028
3991 0.000031
3992 0.000034
3993 0.000033
3994 0.000030
3995 0.000023
3996 0.000022
3997 0.000023
3998 0.000023
3999 0.000022
4000 0.000022
4001 0.000022
4002 0.000023
4003 0.000022
4004 0.000022
4005 0.000025
4006 0.000028
4007 0.000028
4008 0.000027
4009 0.000026
4010 0.000025
4011 0.000022
4012 0.000019
4013 0.000016
4014 0.000016
4015 0.000017
4016 0.000019
4017 0.000020
4018 0.000021
4019 0.000022
4020 0.000021
4021 0.000021
4022 0.000024
4023 0.000024
4024 0.000022
4025 0.000020
4026 0.000022
4027 0.000022
4028 0.000021
4029 0.000020
4030 0.000018
4031 0.000016
4032 0.000015
4033 0.000015
4034 0.000015
4035 0.000014
4036 0.000014
4037 0.000015
4038 0.000017
4039 0.000015
4040 0.000015
4041 0.000014
4042 0.000015
4043 0.000016
4044 0.000017
4045 0.000019
4046 0.000020
4047 0.000017
4048 0.000015
4049 0.000012
4050 0.000013
4051 0.000013
4052 0.000013
4053 0.000012
4054 0.000012
4055 0.000012
4056 0.000013
4057 0.000013
4058 0.000014
4059 0.000012
4060 0.000012
4061 0.000012
4062 0.000012
4063 0.000013
4064 0.000014
4065 0.000017
4066 0.000017
4067 0.000016
4068 0.000013
4069 0.000012
4070 0.000012
4071 0.000012
4072 0.000012
4073 0.000012
4074 0.000011
4075 0.000010
4076 0.000010
4077 0.000011
4078 0.000011
4079 0.000011
4080 0.000012
4081 0.000013
4082 0.000014
4083 0.000013
4084 0.000012
4085 0.000011
4086 0.000010
4087 0.000008
4088 0.000009
4089 0.000009
4090 0.000011
4091 0.000013
4092 0.000012
4093 0.000012
4094 0.000011
4095 0.000011
4096 0.000011
4097 0.000009
4098 0.000009
4099 0.000009
4100 0.000010
4101 0.000010
4102 0.000009
4103 0.000009
4104 0.000010
4105 0.000010
4106 0.000010
4107 0.000009
4108 0.000009
4109 0.000009
4110 0.000010
4111 0.000010
4112 0.000009
4113 0.000008
4114 0.000007
4115 0.000007
4116 0.000007
4117 0.000007
4118 0.000008
4119 0.000007
4120 0.000006
4121 0.000006
4122 0.000006
4123 0.000006
4124 0.000007
4125 0.000006
4126 0.000006
4127 0.000006
4128 0.000006
4129 0.000006
4130 0.000006
4131 0.000007
4132 0.000008
4133 0.000007
4134 0.000007
4135 0.000005
4136 0.000004
4137 0.000004
4138 0.000005
4139 0.000005
4140 0.000006
4141 0.000005
4142 0.000004
4143 0.000004
4144 0.000005
4145 0.000005
4146 0.000005
4147 0.000004
4148 0.000005
4149 0.000005
4150 0.000005
4151 0.000005
4152 0.000004
4153 0.000004
4154 0.000004
4155 0.000005
4156 0.000005
4157 0.000006
4158 0.000005
4159 0.000004
4160 0.000003
4161 0.000003
4162 0.000003
4163 0.000003
4164 0.000003
4165 0.000004
4166 0.000004
4167 0.000005
4168 0.000004
4169 0.000004
4170 0.000004
4171 0.000004
4172 0.000004
4173 0.000004
4174 0.000004
4175 0.000004
4176 0.000004
4177 0.000004
4178 0.000004
4179 0.000004
4180 0.000003
4181 0.000003
4182 0.000003
4183 0.000003
4184 0.000004
4185 0.000004
4186 0.000004
4187 0.000003
4188 0.000003
4189 0.000003
4190 0.000003
4191 0.000003
4192 0.000003
4193 0.000004
4194 0.000004
4195 0.000003
4196 0.000003
4197 0.000003
4198 0.000003
4199 0.000004
4200 0.000004
4201 0.000004
4202 0.000004
4203 0.000003
4204 0.000003
4205 0.000002
4206 0.000002
4207 0.000003
4208 0.000003
4209 0.000003
4210 0.000003
4211 0.000003
4212 0.000003
4213 0.000003
4214 0.000003
4215 0.000003
4216 0.000003
4217 0.000003
4218 0.000003
4219 0.000003
4220 0.000003
4221 0.000002
4222 0.000002
4223 0.000002
4224 0.000002
4225 0.000003
4226 0.000003
4227 0.000003
4228 0.000002
4229 0.000002
4230 0.000002
4231 0.000002
4232 0.000002
4233 0.000002
4234 0.000002
4235 0.000003
4236 0.000003
4237 0.000003
4238 0.000002
4239 0.000002
4240 0.000002
4241 0.000002
4242 0.000002
4243 0.000002
4244 0.000002
4245 0.000002
4246 0.000002
4247 0.000002
4248 0.000002
4249 0.000002
4250 0.000002
4251 0.000002
4252 0.000002
4253 0.000002
4254 0.000002
4255 0.000002
4256 0.000002
4257 0.000002
4258 0.000002
4259 0.000002
4260 0.000002
4261 0.000002
4262 0.000002
4263 0.000002
4264 0.000002
4265 0.000002
4266 0.000002
4267 0.000001
4268 0.000001
4269 0.000001
4270 0.000001
4271 0.000002
4272 0.000002
4273 0.000001
4274 0.000001
4275 0.000001
4276 0.000001
4277 0.000002
4278 0.000002
4279 0.000002
4280 0.000002
4281 0.000001
4282 0.000001
4283 0.000001
4284 0.000001
4285 0.000001
4286 0.000001
4287 0.000001
4288 0.000001
4289 0.000001
4290 0.000001
4291 0.000001
4292 0.000001
4293 0.000001
4294 0.000001
