#ite residual of mtx/s3rmq4m1.mtx
1 42.737509
2 32.161281
3 34.351870
4 34.078531
5 32.523563
6 32.196067
7 31.916742
8 32.059073
9 31.173042
10 30.942503
11 32.156416
12 33.652843
13 35.724139
14 34.552725
15 33.934810
16 32.076136
17 30.700365
18 30.783795
19 30.192780
20 29.897407
21 28.581538
22 27.864163
23 28.678735
24 29.657024
25 29.920353
26 30.865560
27 30.848464
28 30.124872
29 27.398285
30 26.378578
31 27.207892
32 27.585807
33 28.288772
34 28.027709
35 29.193365
36 29.246870
37 29.730093
38 30.913252
39 31.475525
40 33.208468
41 34.480501
42 35.147650
43 35.794487
44 33.112641
45 33.128202
46 32.829602
47 31.885047
48 31.232452
49 30.906332
50 32.043247
51 32.361716
52 32.453893
53 32.427678
54 30.906053
55 30.495290
56 30.051485
57 29.772657
58 29.238442
59 27.735147
60 27.763300
61 28.802399
62 30.543042
63 31.271635
64 31.488485
65 32.851285
66 32.346163
67 32.366021
68 31.759527
69 31.701999
70 30.710093
71 31.439228
72 31.277491
73 31.482990
74 30.266088
75 29.609360
76 30.212342
77 31.721401
78 33.213160
79 33.242661
80 31.580934
81 29.539380
82 29.671691
83 30.081084
84 30.753055
85 31.356054
86 31.828166
87 32.584942
88 33.716339
89 32.721114
90 32.421990
91 32.059444
92 34.220146
93 34.283275
94 34.605654
95 35.288066
96 35.133719
97 33.785464
98 33.667896
99 34.643029
100 34.427516
101 33.148111
102 32.920525
103 32.305298
104 34.970157
105 35.652136
106 35.226599
107 35.806696
108 35.760088
109 35.351566
110 35.799347
111 36.915724
112 37.831885
113 40.947430
114 41.477533
115 42.436293
116 42.855405
117 40.713074
118 38.548920
119 38.347533
120 37.224802
121 37.002153
122 38.199222
123 42.084394
124 42.917649
125 40.703311
126 40.659388
127 40.546866
128 39.572172
129 39.047104
130 37.620611
131 37.440092
132 37.533648
133 35.732543
134 35.395301
135 35.135179
136 36.632546
137 37.990056
138 36.765488
139 36.050105
140 35.810720
141 38.039609
142 39.929370
143 40.938007
144 41.518543
145 39.930362
146 40.403282
147 41.367235
148 40.981791
149 40.646587
150 39.844543
151 39.562568
152 40.438797
153 40.632642
154 41.302190
155 39.616215
156 39.573883
157 37.886568
158 37.769858
159 35.370800
160 36.171195
161 37.146922
162 36.664798
163 35.869055
164 35.853729
165 35.213493
166 35.135538
167 34.773370
168 33.774676
169 32.088691
170 32.431599
171 30.575932
172 31.053002
173 30.636893
174 30.866844
175 32.079936
176 33.490315
177 31.909554
178 30.354397
179 30.480963
180 31.220902
181 30.355260
182 29.466196
183 28.755402
184 27.939107
185 28.291565
186 29.489226
187 29.945183
188 30.080827
189 30.014421
190 30.399418
191 30.626131
192 30.904019
193 32.122547
194 33.280437
195 33.116576
196 33.018715
197 33.962883
198 33.533526
199 32.104478
200 32.076280
201 32.753559
202 31.999506
203 32.270963
204 30.970982
205 31.149893
206 30.073030
207 29.671105
208 29.116355
209 29.273395
210 30.086183
211 31.497746
212 31.464358
213 30.579192
214 31.563489
215 33.737272
216 35.900057
217 35.953211
218 36.606240
219 38.523881
220 39.163972
221 38.848384
222 39.834239
223 38.662461
224 36.851552
225 35.441910
226 36.246642
227 35.963255
228 35.282086
229 36.487898
230 38.251772
231 38.452234
232 40.407062
233 38.812487
234 37.281465
235 34.828969
236 35.358186
237 35.603008
238 34.179551
239 32.812962
240 32.109925
241 34.089376
242 35.725994
243 35.055211
244 34.972099
245 36.309418
246 37.090135
247 37.839133
248 37.860550
249 38.743689
250 40.230556
251 38.848810
252 39.239937
253 38.746181
254 39.690427
255 39.348335
256 39.442098
257 40.875663
258 41.613682
259 41.719005
260 41.394922
261 41.812576
262 43.575430
263 44.791901
264 45.984489
265 45.564713
266 45.495040
267 43.850048
268 43.527745
269 45.556479
270 45.828248
271 43.716489
272 43.650613
273 44.870313
274 45.553000
275 44.871586
276 44.453126
277 44.078992
278 43.113639
279 43.636752
280 42.369942
281 45.016135
282 45.231160
283 47.957098
284 52.155124
285 52.562022
286 51.606561
287 51.078566
288 50.049834
289 48.541744
290 46.421223
291 46.352280
292 47.338226
293 45.769157
294 46.304800
295 45.341429
296 45.579388
297 43.512580
298 41.947846
299 42.550570
300 43.971356
301 45.581707
302 47.313101
303 47.785319
304 48.825507
305 48.220709
306 48.588781
307 48.546230
308 47.724778
309 47.921662
310 49.750179
311 49.959406
312 48.261671
313 45.726921
314 44.608388
315 43.856942
316 42.651534
317 43.008805
318 43.911957
319 44.806837
320 45.230364
321 46.114582
322 47.259583
323 46.085639
324 43.135692
325 42.387721
326 42.025105
327 42.247252
328 41.945192
329 42.001776
330 42.555956
331 41.885422
332 43.894012
333 44.196012
334 44.161172
335 42.053977
336 40.177031
337 40.621921
338 39.494156
339 40.381275
340 39.135779
341 39.719829
342 39.196063
343 40.289794
344 39.673798
345 39.348040
346 39.710557
347 40.812850
348 38.166577
349 37.336534
350 36.562247
351 35.937448
352 34.030500
353 33.621496
354 33.558285
355 35.738274
356 37.192691
357 38.097534
358 38.004760
359 37.606847
360 36.669293
361 37.749293
362 36.383988
363 35.769655
364 35.653789
365 35.427895
366 34.481448
367 34.358848
368 34.412983
369 36.665543
370 37.638994
371 37.332511
372 37.219409
373 37.649209
374 36.848745
375 36.202805
376 35.338256
377 34.953708
378 35.049495
379 34.602835
380 34.270128
381 34.286633
382 32.842792
383 31.736344
384 32.566850
385 33.109046
386 32.506882
387 32.404910
388 31.878316
389 31.680906
390 31.634506
391 30.184740
392 29.027433
393 27.628151
394 28.246500
395 30.017697
396 32.504199
397 34.648161
398 35.033919
399 32.878957
400 32.243138
401 32.897569
402 31.450094
403 30.871385
404 29.956320
405 30.800421
406 31.321358
407 31.563247
408 30.661852
409 31.607693
410 34.096822
411 33.978283
412 32.476383
413 32.324230
414 31.161853
415 32.214306
416 33.905423
417 33.033472
418 32.983071
419 31.604519
420 31.789461
421 30.576393
422 30.949479
423 31.333065
424 31.847243
425 31.306144
426 30.616302
427 28.938366
428 28.220150
429 29.007048
430 31.146271
431 31.244095
432 30.056013
433 30.226105
434 31.358484
435 31.376841
436 30.812231
437 31.147661
438 30.773480
439 31.404824
440 30.094498
441 28.664002
442 27.548344
443 26.728335
444 27.454962
445 29.472577
446 29.599565
447 30.328689
448 30.702887
449 28.924816
450 27.976233
451 26.750587
452 27.143175
453 26.451147
454 25.594047
455 24.558172
456 25.829613
457 25.578324
458 24.969325
459 24.925808
460 24.238862
461 24.598256
462 23.940787
463 22.927723
464 22.358616
465 22.403768
466 23.563220
467 23.935384
468 22.722032
469 22.681657
470 22.618280
471 22.965015
472 22.642973
473 22.799530
474 22.136496
475 20.972145
476 19.602763
477 19.604386
478 19.944707
479 19.918242
480 17.757335
481 16.153075
482 15.708207
483 15.390108
484 15.429964
485 15.293814
486 14.641517
487 13.575041
488 12.406043
489 12.388348
490 11.864410
491 11.546401
492 11.451727
493 11.578971
494 11.856754
495 11.715311
496 11.657853
497 11.916673
498 11.348422
499 10.928870
500 11.160148
501 11.190100
502 11.248797
503 9.886931
504 9.588035
505 9.505741
506 9.301596
507 8.911605
508 8.945312
509 8.400592
510 8.111408
511 7.619733
512 7.737716
513 7.061525
514 6.806194
515 7.270872
516 7.446884
517 7.351505
518 6.677957
519 6.081008
520 6.341006
521 6.659877
522 6.740081
523 6.447612
524 6.809742
525 6.838695
526 6.620007
527 6.206011
528 5.841811
529 6.064715
530 6.740206
531 7.048353
532 7.531051
533 7.795796
534 7.712750
535 7.541089
536 7.432045
537 7.016110
538 6.691144
539 6.681363
540 6.244107
541 6.177383
542 5.969735
543 6.085923
544 6.375212
545 6.544321
546 6.369161
547 6.323778
548 6.189448
549 6.242664
550 6.454830
551 6.303522
552 6.097566
553 5.761981
554 5.910082
555 6.085881
556 5.928947
557 5.617562
558 5.444436
559 5.144234
560 5.364219
561 5.369830
562 5.627328
563 5.705170
564 5.902081
565 5.751434
566 5.857618
567 5.775693
568 5.768813
569 5.791984
570 5.811846
571 5.801062
572 5.848742
573 5.462637
574 5.113447
575 4.835685
576 4.725097
577 4.439764
578 4.180376
579 4.216296
580 4.301063
581 4.241089
582 4.261780
583 4.392484
584 4.645675
585 4.948778
586 5.015751
587 4.866405
588 4.498583
589 4.107626
590 3.944107
591 3.872095
592 4.016203
593 4.146990
594 4.034786
595 3.747279
596 3.370543
597 3.221080
598 3.230873
599 3.429300
600 3.304472
601 3.231038
602 3.147424
603 3.268509
604 3.299651
605 3.316321
606 3.328896
607 3.176836
608 3.105712
609 3.026895
610 2.940812
611 2.926687
612 2.846513
613 2.895661
614 3.069729
615 3.119899
616 2.882954
617 2.644670
618 2.635129
619 2.707575
620 2.775352
621 2.672232
622 2.587087
623 2.681411
624 2.640396
625 2.504322
626 2.495802
627 2.352080
628 2.262459
629 2.197993
630 2.207263
631 2.369829
632 2.554380
633 2.534276
634 2.466505
635 2.297699
636 2.177115
637 2.046060
638 1.920867
639 1.944972
640 1.936775
641 1.904803
642 1.904828
643 1.974744
644 1.954931
645 1.934156
646 1.912065
647 1.859767
648 1.915200
649 2.045819
650 2.099546
651 2.039750
652 2.190274
653 2.269603
654 2.314556
655 2.295349
656 2.282301
657 2.159527
658 2.097661
659 2.125718
660 2.164413
661 2.191211
662 2.142505
663 2.176859
664 2.221270
665 2.337663
666 2.301210
667 2.271144
668 2.314996
669 2.226692
670 2.130333
671 2.001491
672 2.042244
673 1.991277
674 2.087072
675 2.130088
676 2.259600
677 2.178488
678 2.086090
679 1.938822
680 2.030312
681 2.236475
682 2.518092
683 2.675928
684 2.728844
685 2.563159
686 2.616982
687 2.559186
688 2.577917
689 2.665816
690 2.731147
691 2.893869
692 2.991897
693 2.946955
694 2.755514
695 2.835126
696 2.891270
697 2.872706
698 2.851055
699 2.957422
700 3.240148
701 3.461163
702 3.578543
703 3.322551
704 3.342633
705 3.354562
706 3.255400
707 3.109639
708 2.877611
709 2.759982
710 2.714549
711 2.875644
712 3.031370
713 3.358193
714 3.337879
715 3.268206
716 3.275773
717 3.435528
718 3.502681
719 3.508700
720 3.178916
721 2.910425
722 2.654195
723 2.522030
724 2.354053
725 2.317882
726 2.357346
727 2.510184
728 2.540819
729 2.691406
730 2.791862
731 2.941384
732 2.913388
733 2.939629
734 2.959236
735 2.933563
736 2.861073
737 2.739068
738 2.716849
739 2.720669
740 2.584895
741 2.588571
742 2.423275
743 2.409001
744 2.417706
745 2.445793
746 2.442271
747 2.303842
748 2.171315
749 2.068253
750 1.972335
751 2.048530
752 2.025284
753 1.995170
754 1.898380
755 1.842583
756 1.796627
757 1.835530
758 1.861567
759 1.826971
760 1.678689
761 1.595846
762 1.577728
763 1.507452
764 1.498719
765 1.516858
766 1.521041
767 1.472193
768 1.489178
769 1.454946
770 1.499767
771 1.449056
772 1.363322
773 1.323505
774 1.391446
775 1.464127
776 1.505083
777 1.502250
778 1.470496
779 1.482396
780 1.610466
781 1.674708
782 1.604240
783 1.547841
784 1.499858
785 1.568155
786 1.687759
787 1.634279
788 1.652520
789 1.742836
790 1.758078
791 1.712942
792 1.649678
793 1.552154
794 1.510491
795 1.415061
796 1.335002
797 1.244372
798 1.184477
799 1.162800
800 1.206460
801 1.191566
802 1.247246
803 1.211768
804 1.191948
805 1.180583
806 1.164475
807 1.171237
808 1.134800
809 1.109365
810 1.019836
811 0.911452
812 0.871517
813 0.905691
814 0.931570
815 0.936441
816 0.948006
817 0.979370
818 0.954098
819 0.975996
820 0.990532
821 0.966236
822 0.930964
823 0.926800
824 0.956047
825 1.042324
826 1.055224
827 0.984065
828 0.948602
829 0.972818
830 0.919973
831 0.866404
832 0.871735
833 0.904335
834 0.959108
835 1.044662
836 1.073029
837 0.972556
838 0.895182
839 0.887609
840 0.944657
841 1.001109
842 1.085553
843 1.112362
844 1.087895
845 1.042381
846 0.931305
847 0.913405
848 0.824657
849 0.757542
850 0.694562
851 0.681925
852 0.703775
853 0.659885
854 0.618517
855 0.557647
856 0.564028
857 0.601943
858 0.641145
859 0.618414
860 0.571155
861 0.538278
862 0.495183
863 0.495592
864 0.513894
865 0.531172
866 0.533858
867 0.526248
868 0.512437
869 0.523982
870 0.510867
871 0.491415
872 0.491720
873 0.494605
874 0.490446
875 0.490766
876 0.513906
877 0.503806
878 0.451429
879 0.406789
880 0.394826
881 0.390776
882 0.421415
883 0.408610
884 0.369127
885 0.335134
886 0.317135
887 0.313443
888 0.305836
889 0.292156
890 0.279589
891 0.284200
892 0.295198
893 0.292773
894 0.276277
895 0.279405
896 0.271767
897 0.273723
898 0.262401
899 0.260358
900 0.251538
901 0.243216
902 0.231185
903 0.224619
904 0.221026
905 0.219102
906 0.202812
907 0.190944
908 0.194587
909 0.199464
910 0.193313
911 0.186695
912 0.176144
913 0.168403
914 0.171571
915 0.183424
916 0.192452
917 0.187028
918 0.171514
919 0.177163
920 0.179192
921 0.162143
922 0.150991
923 0.145546
924 0.146162
925 0.143262
926 0.149386
927 0.153432
928 0.166807
929 0.159997
930 0.162046
931 0.157981
932 0.158931
933 0.150818
934 0.132113
935 0.130925
936 0.126142
937 0.120528
938 0.117192
939 0.108975
940 0.107688
941 0.113566
942 0.112658
943 0.114605
944 0.115408
945 0.118006
946 0.116290
947 0.104951
948 0.106850
949 0.114754
950 0.120884
951 0.120308
952 0.125594
953 0.132651
954 0.134617
955 0.130463
956 0.124991
957 0.118337
958 0.110457
959 0.107170
960 0.099880
961 0.092555
962 0.095910
963 0.094917
964 0.095095
965 0.100665
966 0.098057
967 0.097431
968 0.097519
969 0.099953
970 0.099466
971 0.092050
972 0.087767
973 0.092050
974 0.089278
975 0.086300
976 0.081732
977 0.076467
978 0.074356
979 0.071880
980 0.075001
981 0.074096
982 0.075033
983 0.078057
984 0.078358
985 0.075104
986 0.069715
987 0.064543
988 0.060340
989 0.059433
990 0.058663
991 0.056768
992 0.059291
993 0.061042
994 0.064433
995 0.066242
996 0.068190
997 0.064810
998 0.058905
999 0.055798
1000 0.051516
1001 0.053215
1002 0.048443
1003 0.049150
1004 0.049359
1005 0.049447
1006 0.048585
1007 0.046999
1008 0.047293
1009 0.049295
1010 0.053165
1011 0.052290
1012 0.047940
1013 0.045100
1014 0.043609
1015 0.043885
1016 0.043072
1017 0.044273
1018 0.040993
1019 0.040524
1020 0.040124
1021 0.040501
1022 0.039786
1023 0.039189
1024 0.040237
1025 0.039793
1026 0.037367
1027 0.032473
1028 0.029590
1029 0.027622
1030 0.028435
1031 0.030757
1032 0.033094
1033 0.033294
1034 0.032055
1035 0.031718
1036 0.029831
1037 0.028372
1038 0.029112
1039 0.029732
1040 0.031299
1041 0.028560
1042 0.027026
1043 0.024299
1044 0.024492
1045 0.024828
1046 0.024092
1047 0.023081
1048 0.022537
1049 0.022036
1050 0.021907
1051 0.021720
1052 0.020314
1053 0.019571
1054 0.019343
1055 0.020176
1056 0.020332
1057 0.019905
1058 0.019147
1059 0.019262
1060 0.019935
1061 0.020249
1062 0.020054
1063 0.020380
1064 0.018678
1065 0.018786
1066 0.017884
1067 0.017181
1068 0.016599
1069 0.016297
1070 0.017622
1071 0.018244
1072 0.019279
1073 0.019076
1074 0.018102
1075 0.017499
1076 0.017841
1077 0.017666
1078 0.017914
1079 0.018123
1080 0.020101
1081 0.018985
1082 0.018416
1083 0.019118
1084 0.020424
1085 0.021495
1086 0.021370
1087 0.019781
1088 0.019283
1089 0.019706
1090 0.019507
1091 0.018791
1092 0.016612
1093 0.016110
1094 0.016281
1095 0.015927
1096 0.015612
1097 0.015465
1098 0.015715
1099 0.016950
1100 0.018113
1101 0.017912
1102 0.016855
1103 0.016274
1104 0.017814
1105 0.019338
1106 0.017770
1107 0.016420
1108 0.015666
1109 0.015864
1110 0.015391
1111 0.015307
1112 0.016099
1113 0.017492
1114 0.017541
1115 0.016634
1116 0.015981
1117 0.016626
1118 0.016883
1119 0.015967
1120 0.015160
1121 0.013894
1122 0.015663
1123 0.016769
1124 0.016711
1125 0.015656
1126 0.014867
1127 0.015259
1128 0.016333
1129 0.015339
1130 0.013772
1131 0.013129
1132 0.013553
1133 0.014524
1134 0.015295
1135 0.013824
1136 0.013655
1137 0.013249
1138 0.013388
1139 0.013702
1140 0.013216
1141 0.013791
1142 0.013227
1143 0.012828
1144 0.013371
1145 0.014203
1146 0.014209
1147 0.013863
1148 0.014509
1149 0.014760
1150 0.014596
1151 0.013196
1152 0.012887
1153 0.013619
1154 0.014351
1155 0.015066
1156 0.015095
1157 0.015547
1158 0.015056
1159 0.014410
1160 0.013296
1161 0.012737
1162 0.013534
1163 0.014666
1164 0.015331
1165 0.014834
1166 0.013496
1167 0.012870
1168 0.012926
1169 0.013128
1170 0.013784
1171 0.014689
1172 0.015393
1173 0.015753
1174 0.016524
1175 0.015778
1176 0.014805
1177 0.015316
1178 0.015934
1179 0.016463
1180 0.016551
1181 0.016523
1182 0.016124
1183 0.016405
1184 0.016252
1185 0.016019
1186 0.015148
1187 0.014564
1188 0.015812
1189 0.016453
1190 0.016692
1191 0.015986
1192 0.014750
1193 0.014878
1194 0.015035
1195 0.016118
1196 0.016928
1197 0.016844
1198 0.017266
1199 0.017677
1200 0.018923
1201 0.019160
1202 0.016524
1203 0.014063
1204 0.013787
1205 0.014021
1206 0.016337
1207 0.016963
1208 0.017141
1209 0.014916
1210 0.014284
1211 0.014672
1212 0.016001
1213 0.017411
1214 0.017294
1215 0.017029
1216 0.018779
1217 0.019748
1218 0.018171
1219 0.016208
1220 0.015401
1221 0.015982
1222 0.015698
1223 0.015846
1224 0.015449
1225 0.016358
1226 0.016560
1227 0.019027
1228 0.020726
1229 0.020359
1230 0.019817
1231 0.018382
1232 0.018992
1233 0.019447
1234 0.021794
1235 0.021956
1236 0.021692
1237 0.019729
1238 0.018412
1239 0.018538
1240 0.020166
1241 0.021630
1242 0.020594
1243 0.019226
1244 0.019352
1245 0.019600
1246 0.020085
1247 0.019938
1248 0.020634
1249 0.021595
1250 0.022322
1251 0.022073
1252 0.020054
1253 0.019654
1254 0.020148
1255 0.021337
1256 0.020959
1257 0.019218
1258 0.018201
1259 0.017265
1260 0.017950
1261 0.019249
1262 0.020770
1263 0.020976
1264 0.020531
1265 0.021290
1266 0.022033
1267 0.023440
1268 0.022780
1269 0.021359
1270 0.020807
1271 0.019615
1272 0.019231
1273 0.018006
1274 0.017736
1275 0.019484
1276 0.019954
1277 0.019287
1278 0.018020
1279 0.018033
1280 0.017587
1281 0.017548
1282 0.018623
1283 0.020160
1284 0.019677
1285 0.019017
1286 0.017960
1287 0.017529
1288 0.016831
1289 0.015751
1290 0.015354
1291 0.015502
1292 0.015260
1293 0.014654
1294 0.015843
1295 0.015766
1296 0.015165
1297 0.015108
1298 0.013823
1299 0.012479
1300 0.012992
1301 0.013704
1302 0.014611
1303 0.014314
1304 0.013547
1305 0.013444
1306 0.012815
1307 0.012827
1308 0.012500
1309 0.011959
1310 0.011792
1311 0.012187
1312 0.011941
1313 0.012699
1314 0.013217
1315 0.014485
1316 0.015217
1317 0.015378
1318 0.015688
1319 0.015374
1320 0.014463
1321 0.012692
1322 0.011688
1323 0.011390
1324 0.011519
1325 0.012044
1326 0.011540
1327 0.012084
1328 0.012526
1329 0.012747
1330 0.013462
1331 0.013903
1332 0.015315
1333 0.016450
1334 0.016875
1335 0.017025
1336 0.015399
1337 0.014297
1338 0.013858
1339 0.014175
1340 0.013705
1341 0.014350
1342 0.014490
1343 0.013685
1344 0.013829
1345 0.013753
1346 0.013367
1347 0.012772
1348 0.012420
1349 0.012755
1350 0.013562
1351 0.014563
1352 0.016151
1353 0.015258
1354 0.015052
1355 0.014664
1356 0.014459
1357 0.015182
1358 0.015601
1359 0.015610
1360 0.014397
1361 0.012668
1362 0.012675
1363 0.013450
1364 0.014205
1365 0.015258
1366 0.015625
1367 0.014298
1368 0.014381
1369 0.015689
1370 0.015991
1371 0.017534
1372 0.019047
1373 0.020365
1374 0.020076
1375 0.018790
1376 0.016502
1377 0.015645
1378 0.014718
1379 0.014571
1380 0.015077
1381 0.015329
1382 0.015800
1383 0.016855
1384 0.016477
1385 0.016004
1386 0.015467
1387 0.015554
1388 0.016575
1389 0.017637
1390 0.018530
1391 0.018430
1392 0.018876
1393 0.018374
1394 0.017226
1395 0.016020
1396 0.016327
1397 0.016759
1398 0.017096
1399 0.018966
1400 0.019210
1401 0.019886
1402 0.019167
1403 0.018507
1404 0.018841
1405 0.019052
1406 0.018471
1407 0.018452
1408 0.017954
1409 0.018091
1410 0.018290
1411 0.017167
1412 0.015703
1413 0.015535
1414 0.016735
1415 0.019121
1416 0.020372
1417 0.018681
1418 0.016713
1419 0.017602
1420 0.018598
1421 0.020725
1422 0.021152
1423 0.018423
1424 0.016469
1425 0.015773
1426 0.016481
1427 0.016344
1428 0.017070
1429 0.017283
1430 0.017611
1431 0.016743
1432 0.015729
1433 0.014639
1434 0.013766
1435 0.013774
1436 0.013142
1437 0.011855
1438 0.010522
1439 0.010726
1440 0.012190
1441 0.013123
1442 0.013437
1443 0.014028
1444 0.014815
1445 0.015031
1446 0.013816
1447 0.014267
1448 0.013841
1449 0.014231
1450 0.013926
1451 0.013410
1452 0.012334
1453 0.011289
1454 0.011310
1455 0.011474
1456 0.012240
1457 0.013541
1458 0.013076
1459 0.011857
1460 0.011330
1461 0.010960
1462 0.011052
1463 0.011019
1464 0.010932
1465 0.011338
1466 0.011329
1467 0.010773
1468 0.010516
1469 0.010276
1470 0.010723
1471 0.011316
1472 0.011439
1473 0.009998
1474 0.009233
1475 0.007912
1476 0.008389
1477 0.008927
1478 0.009568
1479 0.009780
1480 0.009760
1481 0.009433
1482 0.009200
1483 0.008470
1484 0.008255
1485 0.008539
1486 0.008152
1487 0.008201
1488 0.007782
1489 0.008015
1490 0.008470
1491 0.008849
1492 0.009033
1493 0.008296
1494 0.007560
1495 0.007891
1496 0.008193
1497 0.008694
1498 0.009371
1499 0.010022
1500 0.009180
1501 0.007777
1502 0.006583
1503 0.006295
1504 0.006538
1505 0.007272
1506 0.007694
1507 0.008245
1508 0.007996
1509 0.007663
1510 0.006997
1511 0.007424
1512 0.007769
1513 0.008069
1514 0.008597
1515 0.008747
1516 0.008042
1517 0.007406
1518 0.007112
1519 0.006822
1520 0.006855
1521 0.006836
1522 0.007024
1523 0.006871
1524 0.006462
1525 0.005947
1526 0.006029
1527 0.006844
1528 0.007260
1529 0.006917
1530 0.007083
1531 0.007152
1532 0.007525
1533 0.007592
1534 0.007451
1535 0.007397
1536 0.006618
1537 0.006165
1538 0.005553
1539 0.005193
1540 0.005327
1541 0.005603
1542 0.005716
1543 0.005557
1544 0.005705
1545 0.006233
1546 0.006833
1547 0.006784
1548 0.006916
1549 0.007039
1550 0.007375
1551 0.007582
1552 0.007148
1553 0.006906
1554 0.006498
1555 0.006313
1556 0.006509
1557 0.006761
1558 0.006769
1559 0.006179
1560 0.005685
1561 0.005120
1562 0.005336
1563 0.005835
1564 0.006182
1565 0.006283
1566 0.006321
1567 0.006138
1568 0.006097
1569 0.006024
1570 0.006076
1571 0.006113
1572 0.005911
1573 0.006057
1574 0.005917
1575 0.006091
1576 0.005826
1577 0.005875
1578 0.006062
1579 0.006208
1580 0.006276
1581 0.005984
1582 0.005923
1583 0.005929
1584 0.006283
1585 0.006422
1586 0.005998
1587 0.005244
1588 0.004480
1589 0.004318
1590 0.004464
1591 0.004552
1592 0.004670
1593 0.004708
1594 0.005098
1595 0.005521
1596 0.005486
1597 0.005076
1598 0.004768
1599 0.004629
1600 0.004556
1601 0.004879
1602 0.005261
1603 0.005795
1604 0.005633
1605 0.005184
1606 0.004510
1607 0.004222
1608 0.004221
1609 0.004278
1610 0.004167
1611 0.003977
1612 0.003765
1613 0.003650
1614 0.003462
1615 0.003479
1616 0.004085
1617 0.004519
1618 0.004477
1619 0.004624
1620 0.004302
1621 0.004241
1622 0.004146
1623 0.004249
1624 0.003957
1625 0.003958
1626 0.003382
1627 0.003003
1628 0.002990
1629 0.003096
1630 0.003696
1631 0.003981
1632 0.003882
1633 0.003871
1634 0.003811
1635 0.003841
1636 0.003757
1637 0.003641
1638 0.003424
1639 0.003045
1640 0.002785
1641 0.002574
1642 0.002526
1643 0.002689
1644 0.003098
1645 0.003631
1646 0.003713
1647 0.003264
1648 0.002973
1649 0.002761
1650 0.002783
1651 0.002700
1652 0.002986
1653 0.003221
1654 0.002921
1655 0.002702
1656 0.002411
1657 0.002456
1658 0.002741
1659 0.003022
1660 0.003014
1661 0.002799
1662 0.002556
1663 0.002483
1664 0.002551
1665 0.002601
1666 0.002596
1667 0.002636
1668 0.002778
1669 0.002754
1670 0.002601
1671 0.002492
1672 0.002742
1673 0.002855
1674 0.002828
1675 0.002412
1676 0.002081
1677 0.001957
1678 0.001954
1679 0.002114
1680 0.002444
1681 0.002526
1682 0.002551
1683 0.002279
1684 0.002082
1685 0.002114
1686 0.002168
1687 0.002458
1688 0.002478
1689 0.002500
1690 0.002408
1691 0.002289
1692 0.002273
1693 0.002147
1694 0.002118
1695 0.002100
1696 0.002167
1697 0.002185
1698 0.002103
1699 0.002145
1700 0.002166
1701 0.002318
1702 0.002421
1703 0.002383
1704 0.002417
1705 0.002195
1706 0.002072
1707 0.002202
1708 0.002455
1709 0.002742
1710 0.002402
1711 0.001950
1712 0.001784
1713 0.001904
1714 0.002290
1715 0.002695
1716 0.002854
1717 0.002639
1718 0.002497
1719 0.002304
1720 0.001986
1721 0.001901
1722 0.001940
1723 0.002143
1724 0.002199
1725 0.002153
1726 0.002056
1727 0.001976
1728 0.002085
1729 0.002288
1730 0.002661
1731 0.002796
1732 0.002744
1733 0.002482
1734 0.002282
1735 0.002170
1736 0.002147
1737 0.002114
1738 0.001990
1739 0.001837
1740 0.001778
1741 0.001884
1742 0.002307
1743 0.002583
1744 0.002534
1745 0.002303
1746 0.002113
1747 0.002141
1748 0.002016
1749 0.002018
1750 0.001922
1751 0.002139
1752 0.002174
1753 0.002181
1754 0.002035
1755 0.001876
1756 0.001890
1757 0.002088
1758 0.002320
1759 0.002359
1760 0.002140
1761 0.001888
1762 0.001731
1763 0.001750
1764 0.001838
1765 0.001926
1766 0.001998
1767 0.001761
1768 0.001694
1769 0.001573
1770 0.001611
1771 0.001663
1772 0.001876
1773 0.001937
1774 0.001704
1775 0.001555
1776 0.001460
1777 0.001442
1778 0.001475
1779 0.001654
1780 0.001783
1781 0.001796
1782 0.001827
1783 0.001863
1784 0.001883
1785 0.001857
1786 0.001794
1787 0.001832
1788 0.001689
1789 0.001592
1790 0.001472
1791 0.001450
1792 0.001621
1793 0.001808
1794 0.001870
1795 0.001799
1796 0.001684
1797 0.001704
1798 0.001941
1799 0.002138
1800 0.002379
1801 0.002302
1802 0.001984
1803 0.001782
1804 0.001778
1805 0.001909
1806 0.001954
1807 0.002028
1808 0.002014
1809 0.001931
1810 0.001948
1811 0.001987
1812 0.002066
1813 0.002251
1814 0.002153
1815 0.002094
1816 0.001891
1817 0.001897
1818 0.001888
1819 0.002081
1820 0.002244
1821 0.002551
1822 0.002551
1823 0.002386
1824 0.002049
1825 0.001785
1826 0.001716
1827 0.001968
1828 0.002258
1829 0.002568
1830 0.002423
1831 0.002182
1832 0.001849
1833 0.001756
1834 0.001910
1835 0.002137
1836 0.002059
1837 0.001973
1838 0.001879
1839 0.001970
1840 0.002218
1841 0.002341
1842 0.002312
1843 0.002076
1844 0.001884
1845 0.001931
1846 0.001987
1847 0.002167
1848 0.002289
1849 0.002388
1850 0.002131
1851 0.001947
1852 0.001763
1853 0.001669
1854 0.001869
1855 0.002065
1856 0.002263
1857 0.002271
1858 0.002025
1859 0.001849
1860 0.001811
1861 0.001847
1862 0.001881
1863 0.001881
1864 0.001898
1865 0.001792
1866 0.001761
1867 0.001781
1868 0.002000
1869 0.002189
1870 0.002247
1871 0.002112
1872 0.001940
1873 0.001700
1874 0.001628
1875 0.001812
1876 0.002125
1877 0.002434
1878 0.002290
1879 0.002071
1880 0.001836
1881 0.001757
1882 0.001823
1883 0.001926
1884 0.002176
1885 0.002507
1886 0.002543
1887 0.002191
1888 0.001863
1889 0.001692
1890 0.001701
1891 0.001781
1892 0.002029
1893 0.002225
1894 0.002387
1895 0.002329
1896 0.002166
1897 0.002196
1898 0.002132
1899 0.002273
1900 0.002114
1901 0.001994
1902 0.002032
1903 0.002224
1904 0.002612
1905 0.002792
1906 0.002696
1907 0.002119
1908 0.001817
1909 0.001785
1910 0.002081
1911 0.002736
1912 0.003129
1913 0.003100
1914 0.002955
1915 0.002716
1916 0.002627
1917 0.002604
1918 0.002684
1919 0.003029
1920 0.003195
1921 0.002988
1922 0.002541
1923 0.002174
1924 0.002175
1925 0.002503
1926 0.002886
1927 0.003263
1928 0.003805
1929 0.004155
1930 0.003858
1931 0.003699
1932 0.003418
1933 0.003640
1934 0.003740
1935 0.003593
1936 0.003196
1937 0.002896
1938 0.002810
1939 0.003096
1940 0.003459
1941 0.003726
1942 0.003543
1943 0.003425
1944 0.002952
1945 0.003033
1946 0.003235
1947 0.003486
1948 0.003780
1949 0.003291
1950 0.002900
1951 0.002819
1952 0.003150
1953 0.003507
1954 0.003605
1955 0.003575
1956 0.003465
1957 0.003537
1958 0.003280
1959 0.003307
1960 0.003265
1961 0.003352
1962 0.003654
1963 0.003624
1964 0.003193
1965 0.003131
1966 0.003236
1967 0.003851
1968 0.004485
1969 0.004388
1970 0.003740
1971 0.002956
1972 0.002553
1973 0.002842
1974 0.003312
1975 0.004229
1976 0.004677
1977 0.004684
1978 0.004656
1979 0.004485
1980 0.004938
1981 0.004730
1982 0.004759
1983 0.004730
1984 0.004330
1985 0.004612
1986 0.004822
1987 0.004865
1988 0.004992
1989 0.004610
1990 0.004118
1991 0.003995
1992 0.003744
1993 0.003983
1994 0.004212
1995 0.005084
1996 0.005408
1997 0.005296
1998 0.004725
1999 0.004011
2000 0.004155
2001 0.004918
2002 0.006114
2003 0.006308
2004 0.005668
2005 0.004498
2006 0.003823
2007 0.003574
2008 0.003721
2009 0.004343
2010 0.005046
2011 0.005472
2012 0.005556
2013 0.005539
2014 0.004634
2015 0.004099
2016 0.003974
2017 0.004600
2018 0.005505
2019 0.006324
2020 0.006188
2021 0.005196
2022 0.004373
2023 0.003998
2024 0.004197
2025 0.004415
2026 0.005349
2027 0.006539
2028 0.007010
2029 0.005922
2030 0.004359
2031 0.003829
2032 0.004082
2033 0.004969
2034 0.005298
2035 0.005800
2036 0.005946
2037 0.006258
2038 0.006250
2039 0.005777
2040 0.004758
2041 0.004170
2042 0.004247
2043 0.005046
2044 0.005814
2045 0.005693
2046 0.005235
2047 0.004675
2048 0.004602
2049 0.004752
2050 0.005263
2051 0.005407
2052 0.006041
2053 0.006965
2054 0.007076
2055 0.006115
2056 0.004748
2057 0.003976
2058 0.004285
2059 0.005436
2060 0.006797
2061 0.006624
2062 0.005964
2063 0.005877
2064 0.005894
2065 0.005785
2066 0.005474
2067 0.005443
2068 0.005908
2069 0.006659
2070 0.006971
2071 0.006895
2072 0.006503
2073 0.005689
2074 0.005169
2075 0.004925
2076 0.005066
2077 0.005527
2078 0.005873
2079 0.006277
2080 0.006224
2081 0.006382
2082 0.005764
2083 0.005647
2084 0.005797
2085 0.006988
2086 0.008057
2087 0.009259
2088 0.008653
2089 0.007063
2090 0.005733
2091 0.004663
2092 0.004234
2093 0.004733
2094 0.005866
2095 0.007235
2096 0.006762
2097 0.005508
2098 0.004592
2099 0.004251
2100 0.004647
2101 0.005601
2102 0.006802
2103 0.007023
2104 0.007218
2105 0.007095
2106 0.006691
2107 0.006284
2108 0.005782
2109 0.005757
2110 0.006210
2111 0.006472
2112 0.006445
2113 0.005647
2114 0.005359
2115 0.004550
2116 0.004614
2117 0.005167
2118 0.006305
2119 0.007184
2120 0.007487
2121 0.008064
2122 0.008219
2123 0.007244
2124 0.005712
2125 0.004502
2126 0.004390
2127 0.004784
2128 0.005947
2129 0.007383
2130 0.007207
2131 0.006181
2132 0.005412
2133 0.005393
2134 0.006124
2135 0.006776
2136 0.007065
2137 0.006682
2138 0.006721
2139 0.006526
2140 0.006712
2141 0.006449
2142 0.005745
2143 0.005286
2144 0.005894
2145 0.007342
2146 0.008642
2147 0.008712
2148 0.007936
2149 0.006441
2150 0.006257
2151 0.006604
2152 0.007378
2153 0.007507
2154 0.007975
2155 0.008221
2156 0.007754
2157 0.006818
2158 0.005038
2159 0.004557
2160 0.004855
2161 0.005750
2162 0.007096
2163 0.007638
2164 0.007842
2165 0.006653
2166 0.005748
2167 0.005857
2168 0.006627
2169 0.008510
2170 0.009418
2171 0.008155
2172 0.007039
2173 0.005892
2174 0.005911
2175 0.005539
2176 0.005115
2177 0.005446
2178 0.006001
2179 0.006901
2180 0.006887
2181 0.006473
2182 0.005684
2183 0.005437
2184 0.005492
2185 0.005424
2186 0.006221
2187 0.006769
2188 0.008109
2189 0.008314
2190 0.008017
2191 0.007169
2192 0.006138
2193 0.005062
2194 0.004756
2195 0.005293
2196 0.006834
2197 0.008110
2198 0.008609
2199 0.007655
2200 0.007053
2201 0.006342
2202 0.006630
2203 0.007285
2204 0.007543
2205 0.007944
2206 0.007164
2207 0.006637
2208 0.006197
2209 0.005960
2210 0.005154
2211 0.004906
2212 0.005642
2213 0.007156
2214 0.008876
2215 0.009042
2216 0.008101
2217 0.006429
2218 0.005902
2219 0.005440
2220 0.005541
2221 0.005812
2222 0.006139
2223 0.007525
2224 0.007979
2225 0.007930
2226 0.006184
2227 0.005323
2228 0.004607
2229 0.004985
2230 0.006378
2231 0.007652
2232 0.007844
2233 0.006960
2234 0.006157
2235 0.006497
2236 0.006162
2237 0.005597
2238 0.005231
2239 0.005403
2240 0.006739
2241 0.006639
2242 0.006396
2243 0.005196
2244 0.004726
2245 0.005132
2246 0.005919
2247 0.006674
2248 0.006898
2249 0.007202
2250 0.007007
2251 0.006892
2252 0.006675
2253 0.005956
2254 0.005723
2255 0.005975
2256 0.007152
2257 0.007499
2258 0.006727
2259 0.005411
2260 0.004956
2261 0.005344
2262 0.006070
2263 0.006352
2264 0.006685
2265 0.006687
2266 0.006700
2267 0.007714
2268 0.007629
2269 0.007664
2270 0.006699
2271 0.006531
2272 0.006477
2273 0.006435
2274 0.007381
2275 0.007969
2276 0.008087
2277 0.006944
2278 0.006425
2279 0.006504
2280 0.006944
2281 0.007060
2282 0.006513
2283 0.006555
2284 0.007304
2285 0.008813
2286 0.008995
2287 0.008379
2288 0.006920
2289 0.006685
2290 0.005999
2291 0.006001
2292 0.005724
2293 0.005874
2294 0.006967
2295 0.009035
2296 0.009929
2297 0.009602
2298 0.007893
2299 0.006989
2300 0.007012
2301 0.007843
2302 0.008377
2303 0.008288
2304 0.007742
2305 0.008003
2306 0.008032
2307 0.008689
2308 0.008618
2309 0.007698
2310 0.007798
2311 0.007612
2312 0.009456
2313 0.009900
2314 0.009484
2315 0.008431
2316 0.007046
2317 0.007525
2318 0.008201
2319 0.009612
2320 0.010849
2321 0.010518
2322 0.010558
2323 0.009232
2324 0.008325
2325 0.007707
2326 0.007932
2327 0.008131
2328 0.007839
2329 0.008414
2330 0.009854
2331 0.010433
2332 0.011126
2333 0.011061
2334 0.010176
2335 0.011036
2336 0.010550
2337 0.009420
2338 0.008918
2339 0.008644
2340 0.009420
2341 0.009047
2342 0.009228
2343 0.009144
2344 0.009360
2345 0.010118
2346 0.011385
2347 0.011866
2348 0.009927
2349 0.009789
2350 0.010323
2351 0.011949
2352 0.012280
2353 0.010894
2354 0.009940
2355 0.009054
2356 0.010150
2357 0.011041
2358 0.012246
2359 0.010937
2360 0.009436
2361 0.008401
2362 0.008590
2363 0.009391
2364 0.010136
2365 0.011273
2366 0.010696
2367 0.010566
2368 0.010656
2369 0.010239
2370 0.011185
2371 0.011343
2372 0.012022
2373 0.012083
2374 0.012580
2375 0.011125
2376 0.008753
2377 0.007870
2378 0.008414
2379 0.009251
2380 0.009920
2381 0.009624
2382 0.008978
2383 0.008690
2384 0.009563
2385 0.010634
2386 0.009660
2387 0.009300
2388 0.008526
2389 0.010816
2390 0.011359
2391 0.011857
2392 0.011080
2393 0.009362
2394 0.010174
2395 0.010008
2396 0.010295
2397 0.008906
2398 0.007531
2399 0.008556
2400 0.008834
2401 0.010631
2402 0.010335
2403 0.009849
2404 0.010862
2405 0.011374
2406 0.011726
2407 0.010412
2408 0.009391
2409 0.009506
2410 0.009714
2411 0.010252
2412 0.009916
2413 0.010045
2414 0.010166
2415 0.010052
2416 0.010319
2417 0.009618
2418 0.010015
2419 0.009755
2420 0.011473
2421 0.012087
2422 0.011198
2423 0.010040
2424 0.007797
2425 0.008804
2426 0.008385
2427 0.010251
2428 0.010508
2429 0.011099
2430 0.011886
2431 0.011028
2432 0.012730
2433 0.011810
2434 0.011179
2435 0.012279
2436 0.012498
2437 0.014709
2438 0.012722
2439 0.012632
2440 0.012474
2441 0.014220
2442 0.014586
2443 0.013042
2444 0.011803
2445 0.010479
2446 0.011263
2447 0.012054
2448 0.012155
2449 0.011050
2450 0.010723
2451 0.012597
2452 0.015295
2453 0.016061
2454 0.014877
2455 0.013352
2456 0.014216
2457 0.015131
2458 0.018441
2459 0.017453
2460 0.014956
2461 0.013767
2462 0.012677
2463 0.013174
2464 0.013237
2465 0.013597
2466 0.014515
2467 0.014899
2468 0.015890
2469 0.017966
2470 0.014678
2471 0.015201
2472 0.014448
2473 0.017104
2474 0.017758
2475 0.015483
2476 0.013658
2477 0.012490
2478 0.016232
2479 0.016324
2480 0.016401
2481 0.014945
2482 0.014890
2483 0.016280
2484 0.016549
2485 0.016518
2486 0.012409
2487 0.012991
2488 0.013871
2489 0.016761
2490 0.015495
2491 0.015930
2492 0.015558
2493 0.017148
2494 0.018072
2495 0.017471
2496 0.018739
2497 0.019733
2498 0.021149
2499 0.023485
2500 0.019564
2501 0.015450
2502 0.013880
2503 0.014399
2504 0.018792
2505 0.017855
2506 0.018440
2507 0.018571
2508 0.020465
2509 0.020058
2510 0.018973
2511 0.019210
2512 0.018802
2513 0.020900
2514 0.018771
2515 0.017411
2516 0.014807
2517 0.017437
2518 0.020803
2519 0.022665
2520 0.021052
2521 0.017928
2522 0.016868
2523 0.015779
2524 0.016553
2525 0.015813
2526 0.015760
2527 0.015961
2528 0.017968
2529 0.019249
2530 0.019335
2531 0.017019
2532 0.015857
2533 0.017359
2534 0.020009
2535 0.022637
2536 0.020148
2537 0.017721
2538 0.014338
2539 0.015616
2540 0.016812
2541 0.017741
2542 0.015278
2543 0.014322
2544 0.015242
2545 0.018170
2546 0.020602
2547 0.017632
2548 0.018921
2549 0.018888
2550 0.020473
2551 0.018043
2552 0.015868
2553 0.015604
2554 0.015559
2555 0.016698
2556 0.016255
2557 0.016724
2558 0.017622
2559 0.021519
2560 0.023266
2561 0.023349
2562 0.019473
2563 0.018561
2564 0.020362
2565 0.021254
2566 0.019499
2567 0.016043
2568 0.017112
2569 0.016364
2570 0.018005
2571 0.015716
2572 0.016287
2573 0.016984
2574 0.018020
2575 0.019713
2576 0.016517
2577 0.017362
2578 0.018331
2579 0.022037
2580 0.021709
2581 0.019556
2582 0.016550
2583 0.016172
2584 0.018976
2585 0.019192
2586 0.020477
2587 0.016744
2588 0.016496
2589 0.015979
2590 0.017679
2591 0.018858
2592 0.016853
2593 0.017862
2594 0.020197
2595 0.025104
2596 0.023740
2597 0.022482
2598 0.017706
2599 0.017965
2600 0.017504
2601 0.017196
2602 0.015162
2603 0.015198
2604 0.018942
2605 0.019884
2606 0.022464
2607 0.017850
2608 0.017416
2609 0.016550
2610 0.019718
2611 0.017551
2612 0.018457
2613 0.017133
2614 0.017903
2615 0.018809
2616 0.018069
2617 0.019599
2618 0.018805
2619 0.021691
2620 0.020356
2621 0.019635
2622 0.015211
2623 0.013761
2624 0.013390
2625 0.015839
2626 0.016499
2627 0.017611
2628 0.017900
2629 0.020342
2630 0.022797
2631 0.023714
2632 0.020925
2633 0.018145
2634 0.018240
2635 0.018527
2636 0.018754
2637 0.015578
2638 0.013585
2639 0.013222
2640 0.016917
2641 0.019817
2642 0.022933
2643 0.020138
2644 0.020284
2645 0.019949
2646 0.022650
2647 0.021569
2648 0.020343
2649 0.018107
2650 0.017099
2651 0.015396
2652 0.013098
2653 0.011744
2654 0.012596
2655 0.015503
2656 0.019678
2657 0.021530
2658 0.020929
2659 0.020932
2660 0.020077
2661 0.018510
2662 0.014812
2663 0.014299
2664 0.013682
2665 0.015004
2666 0.014436
2667 0.014864
2668 0.015162
2669 0.015210
2670 0.017207
2671 0.016693
2672 0.016806
2673 0.015263
2674 0.015151
2675 0.014879
2676 0.015174
2677 0.013501
2678 0.013669
2679 0.013306
2680 0.014853
2681 0.014627
2682 0.013396
2683 0.012317
2684 0.010960
2685 0.010531
2686 0.010748
2687 0.011190
2688 0.011092
2689 0.010069
2690 0.010275
2691 0.010769
2692 0.012465
2693 0.013580
2694 0.014133
2695 0.014333
2696 0.014677
2697 0.015843
2698 0.013911
2699 0.012872
2700 0.010215
2701 0.009118
2702 0.008764
2703 0.009666
2704 0.010568
2705 0.010707
2706 0.011762
2707 0.012162
2708 0.013165
2709 0.012641
2710 0.011873
2711 0.010909
2712 0.011493
2713 0.011638
2714 0.012025
2715 0.011321
2716 0.010022
2717 0.010158
2718 0.011357
2719 0.011185
2720 0.010487
2721 0.009380
2722 0.009184
2723 0.009171
2724 0.010159
2725 0.010148
2726 0.010443
2727 0.010381
2728 0.011660
2729 0.012091
2730 0.011538
2731 0.010206
2732 0.008847
2733 0.008803
2734 0.007954
2735 0.007585
2736 0.006651
2737 0.008600
2738 0.009776
2739 0.010839
2740 0.010589
2741 0.010083
2742 0.010428
2743 0.011449
2744 0.011405
2745 0.009636
2746 0.008007
2747 0.007426
2748 0.008263
2749 0.009043
2750 0.010057
2751 0.009453
2752 0.009753
2753 0.010780
2754 0.012219
2755 0.012112
2756 0.011493
2757 0.010031
2758 0.009327
2759 0.009022
2760 0.009347
2761 0.009288
2762 0.010796
2763 0.012172
2764 0.011972
2765 0.010607
2766 0.009166
2767 0.008971
2768 0.009442
2769 0.008959
2770 0.008290
2771 0.008252
2772 0.008153
2773 0.010047
2774 0.010190
2775 0.010898
2776 0.011728
2777 0.013066
2778 0.013346
2779 0.013544
2780 0.013592
2781 0.011427
2782 0.010898
2783 0.009389
2784 0.007600
2785 0.005913
2786 0.006204
2787 0.007105
2788 0.009608
2789 0.009778
2790 0.010095
2791 0.009168
2792 0.010716
2793 0.012322
2794 0.012899
2795 0.011940
2796 0.011122
2797 0.010665
2798 0.010258
2799 0.008633
2800 0.008104
2801 0.008718
2802 0.010754
2803 0.011408
2804 0.011356
2805 0.011730
2806 0.010822
2807 0.010981
2808 0.009704
2809 0.009177
2810 0.009272
2811 0.010755
2812 0.011521
2813 0.011164
2814 0.009455
2815 0.010072
2816 0.010845
2817 0.012507
2818 0.012128
2819 0.011412
2820 0.010526
2821 0.009761
2822 0.009250
2823 0.008235
2824 0.009908
2825 0.011801
2826 0.013753
2827 0.012193
2828 0.012457
2829 0.012420
2830 0.012672
2831 0.012632
2832 0.011943
2833 0.011267
2834 0.010303
2835 0.009556
2836 0.008772
2837 0.009225
2838 0.010595
2839 0.011139
2840 0.012592
2841 0.013955
2842 0.015378
2843 0.015252
2844 0.014261
2845 0.012532
2846 0.012422
2847 0.011363
2848 0.010535
2849 0.008327
2850 0.008282
2851 0.008330
2852 0.009984
2853 0.010506
2854 0.011540
2855 0.012046
2856 0.013125
2857 0.013367
2858 0.012231
2859 0.012096
2860 0.011305
2861 0.012193
2862 0.010665
2863 0.010106
2864 0.009021
2865 0.009263
2866 0.010135
2867 0.011442
2868 0.012246
2869 0.012876
2870 0.011425
2871 0.010984
2872 0.010547
2873 0.010289
2874 0.010897
2875 0.011945
2876 0.012194
2877 0.012565
2878 0.012044
2879 0.012173
2880 0.012052
2881 0.012528
2882 0.012498
2883 0.011222
2884 0.010447
2885 0.008700
2886 0.008090
2887 0.008226
2888 0.009095
2889 0.009788
2890 0.009362
2891 0.008929
2892 0.009522
2893 0.011026
2894 0.013019
2895 0.013524
2896 0.012682
2897 0.011927
2898 0.010648
2899 0.009892
2900 0.009192
2901 0.009235
2902 0.009021
2903 0.008860
2904 0.008673
2905 0.009407
2906 0.009326
2907 0.009964
2908 0.010562
2909 0.009937
2910 0.008989
2911 0.009043
2912 0.009266
2913 0.008746
2914 0.008481
2915 0.008246
2916 0.008401
2917 0.009165
2918 0.009239
2919 0.008432
2920 0.007497
2921 0.007823
2922 0.008992
2923 0.009955
2924 0.010808
2925 0.011973
2926 0.011948
2927 0.012495
2928 0.012195
2929 0.010706
2930 0.008991
2931 0.007712
2932 0.007488
2933 0.007328
2934 0.007423
2935 0.007930
2936 0.008861
2937 0.009926
2938 0.010491
2939 0.010331
2940 0.010722
2941 0.010257
2942 0.010405
2943 0.009659
2944 0.009772
2945 0.010125
2946 0.011377
2947 0.011646
2948 0.011221
2949 0.010916
2950 0.010774
2951 0.011346
2952 0.011703
2953 0.010206
2954 0.009067
2955 0.008619
2956 0.010163
2957 0.011047
2958 0.011281
2959 0.010309
2960 0.010603
2961 0.011929
2962 0.012424
2963 0.013374
2964 0.013433
2965 0.013451
2966 0.012979
2967 0.011036
2968 0.009517
2969 0.009610
2970 0.010136
2971 0.010534
2972 0.010005
2973 0.009522
2974 0.010654
2975 0.013194
2976 0.014152
2977 0.014556
2978 0.014504
2979 0.014451
2980 0.012822
2981 0.011740
2982 0.009522
2983 0.009591
2984 0.010193
2985 0.010808
2986 0.011771
2987 0.012378
2988 0.013867
2989 0.015705
2990 0.016053
2991 0.015483
2992 0.014328
2993 0.013243
2994 0.012061
2995 0.010460
2996 0.010910
2997 0.013186
2998 0.016215
2999 0.016705
3000 0.015539
3001 0.013614
3002 0.015163
3003 0.014560
3004 0.014330
3005 0.012864
3006 0.012144
3007 0.013010
3008 0.013694
3009 0.013552
3010 0.013728
3011 0.013717
3012 0.014143
3013 0.014269
3014 0.014334
3015 0.014494
3016 0.013761
3017 0.012721
3018 0.011280
3019 0.010431
3020 0.011767
3021 0.012649
3022 0.012867
3023 0.013328
3024 0.014218
3025 0.019567
3026 0.021936
3027 0.019863
3028 0.015418
3029 0.012440
3030 0.011940
3031 0.012216
3032 0.011690
3033 0.010228
3034 0.009017
3035 0.009216
3036 0.009447
3037 0.011126
3038 0.012065
3039 0.013983
3040 0.014434
3041 0.013403
3042 0.011674
3043 0.009979
3044 0.010222
3045 0.010467
3046 0.009847
3047 0.009521
3048 0.008917
3049 0.009778
3050 0.009499
3051 0.009902
3052 0.009628
3053 0.010814
3054 0.011885
3055 0.011358
3056 0.009980
3057 0.010344
3058 0.011350
3059 0.011490
3060 0.011139
3061 0.010350
3062 0.009566
3063 0.009530
3064 0.008895
3065 0.008563
3066 0.009022
3067 0.009293
3068 0.011162
3069 0.010985
3070 0.011370
3071 0.012277
3072 0.011883
3073 0.010918
3074 0.009618
3075 0.009345
3076 0.009383
3077 0.009195
3078 0.008037
3079 0.007482
3080 0.007329
3081 0.008838
3082 0.009038
3083 0.008443
3084 0.008168
3085 0.007953
3086 0.008402
3087 0.008799
3088 0.008893
3089 0.009296
3090 0.008560
3091 0.007316
3092 0.006553
3093 0.006535
3094 0.007408
3095 0.008478
3096 0.008579
3097 0.008852
3098 0.007883
3099 0.006984
3100 0.006351
3101 0.006081
3102 0.006602
3103 0.007006
3104 0.007568
3105 0.007543
3106 0.007223
3107 0.007997
3108 0.009666
3109 0.010760
3110 0.009317
3111 0.007256
3112 0.006369
3113 0.006217
3114 0.006670
3115 0.006407
3116 0.005887
3117 0.006166
3118 0.006961
3119 0.008333
3120 0.007957
3121 0.008840
3122 0.009816
3123 0.010654
3124 0.010435
3125 0.009373
3126 0.007631
3127 0.007013
3128 0.006091
3129 0.005657
3130 0.005249
3131 0.005698
3132 0.006936
3133 0.008269
3134 0.008081
3135 0.006835
3136 0.006632
3137 0.007334
3138 0.007280
3139 0.006790
3140 0.005905
3141 0.005201
3142 0.004547
3143 0.004774
3144 0.004831
3145 0.005079
3146 0.005731
3147 0.005987
3148 0.005911
3149 0.005825
3150 0.006108
3151 0.005992
3152 0.005262
3153 0.004769
3154 0.004621
3155 0.005188
3156 0.005905
3157 0.005038
3158 0.004494
3159 0.004750
3160 0.005169
3161 0.005921
3162 0.005194
3163 0.004717
3164 0.004390
3165 0.004398
3166 0.004009
3167 0.003573
3168 0.003678
3169 0.004690
3170 0.005014
3171 0.005308
3172 0.004947
3173 0.004793
3174 0.004907
3175 0.004851
3176 0.004688
3177 0.004036
3178 0.003399
3179 0.003267
3180 0.003081
3181 0.003041
3182 0.003293
3183 0.003737
3184 0.004416
3185 0.004411
3186 0.004101
3187 0.004124
3188 0.004302
3189 0.004585
3190 0.003811
3191 0.003279
3192 0.003142
3193 0.003160
3194 0.003137
3195 0.002989
3196 0.002741
3197 0.002900
3198 0.002958
3199 0.003292
3200 0.003217
3201 0.003339
3202 0.003305
3203 0.003041
3204 0.002815
3205 0.002698
3206 0.003130
3207 0.003657
3208 0.003472
3209 0.002736
3210 0.002473
3211 0.002405
3212 0.002897
3213 0.003234
3214 0.003174
3215 0.002791
3216 0.002905
3217 0.003169
3218 0.003248
3219 0.003389
3220 0.003426
3221 0.003479
3222 0.003339
3223 0.002759
3224 0.002359
3225 0.001974
3226 0.002155
3227 0.002376
3228 0.002594
3229 0.002509
3230 0.002525
3231 0.002648
3232 0.002985
3233 0.002937
3234 0.003030
3235 0.003209
3236 0.003076
3237 0.002842
3238 0.002486
3239 0.002462
3240 0.002635
3241 0.002542
3242 0.002229
3243 0.002379
3244 0.002401
3245 0.002162
3246 0.002161
3247 0.002045
3248 0.002274
3249 0.002212
3250 0.002187
3251 0.001988
3252 0.001923
3253 0.002226
3254 0.002719
3255 0.002932
3256 0.002860
3257 0.002455
3258 0.002421
3259 0.002609
3260 0.002591
3261 0.002554
3262 0.002312
3263 0.002094
3264 0.002039
3265 0.001910
3266 0.002129
3267 0.002609
3268 0.002964
3269 0.002857
3270 0.002671
3271 0.002603
3272 0.002585
3273 0.002395
3274 0.002490
3275 0.002651
3276 0.002645
3277 0.002419
3278 0.001969
3279 0.001828
3280 0.002077
3281 0.002382
3282 0.002485
3283 0.002292
3284 0.002389
3285 0.002419
3286 0.002521
3287 0.002726
3288 0.002654
3289 0.002637
3290 0.002556
3291 0.002433
3292 0.002114
3293 0.001912
3294 0.001962
3295 0.002096
3296 0.002221
3297 0.002216
3298 0.002074
3299 0.002267
3300 0.002683
3301 0.002741
3302 0.002536
3303 0.002195
3304 0.002149
3305 0.002188
3306 0.001914
3307 0.001964
3308 0.001972
3309 0.001996
3310 0.002081
3311 0.002073
3312 0.002265
3313 0.002279
3314 0.002021
3315 0.001929
3316 0.001814
3317 0.002081
3318 0.002223
3319 0.001958
3320 0.001734
3321 0.001446
3322 0.001479
3323 0.002001
3324 0.002134
3325 0.002206
3326 0.001906
3327 0.001643
3328 0.001375
3329 0.001247
3330 0.001233
3331 0.001425
3332 0.001486
3333 0.001552
3334 0.001412
3335 0.001357
3336 0.001563
3337 0.001732
3338 0.001766
3339 0.001826
3340 0.001786
3341 0.001827
3342 0.001678
3343 0.001519
3344 0.001511
3345 0.001482
3346 0.001550
3347 0.001582
3348 0.001670
3349 0.001727
3350 0.001828
3351 0.001772
3352 0.001500
3353 0.001322
3354 0.001305
3355 0.001353
3356 0.001499
3357 0.001364
3358 0.001379
3359 0.001471
3360 0.001710
3361 0.001705
3362 0.001607
3363 0.001416
3364 0.001546
3365 0.001592
3366 0.001433
3367 0.001316
3368 0.001331
3369 0.001433
3370 0.001428
3371 0.001176
3372 0.001096
3373 0.001094
3374 0.001178
3375 0.001121
3376 0.000974
3377 0.001000
3378 0.001024
3379 0.001043
3380 0.001034
3381 0.001064
3382 0.001181
3383 0.001284
3384 0.001178
3385 0.001202
3386 0.001137
3387 0.001123
3388 0.001095
3389 0.001048
3390 0.001047
3391 0.001202
3392 0.001348
3393 0.001275
3394 0.001100
3395 0.000964
3396 0.000997
3397 0.001059
3398 0.001119
3399 0.001230
3400 0.001261
3401 0.001197
3402 0.000956
3403 0.000837
3404 0.000806
3405 0.000864
3406 0.000839
3407 0.000919
3408 0.000958
3409 0.000993
3410 0.001055
3411 0.000945
3412 0.000958
3413 0.000975
3414 0.001069
3415 0.001204
3416 0.001270
3417 0.001254
3418 0.001131
3419 0.000973
3420 0.000823
3421 0.000743
3422 0.000771
3423 0.000833
3424 0.000853
3425 0.000813
3426 0.000807
3427 0.000851
3428 0.001079
3429 0.001265
3430 0.001250
3431 0.000969
3432 0.000756
3433 0.000747
3434 0.000819
3435 0.000793
3436 0.000791
3437 0.000787
3438 0.000878
3439 0.000870
3440 0.000788
3441 0.000834
3442 0.000845
3443 0.000901
3444 0.000812
3445 0.000697
3446 0.000665
3447 0.000768
3448 0.000920
3449 0.001013
3450 0.001046
3451 0.001054
3452 0.001029
3453 0.000841
3454 0.000740
3455 0.000649
3456 0.000666
3457 0.000732
3458 0.000658
3459 0.000606
3460 0.000577
3461 0.000603
3462 0.000688
3463 0.000745
3464 0.000830
3465 0.000949
3466 0.000940
3467 0.000847
3468 0.000703
3469 0.000673
3470 0.000675
3471 0.000661
3472 0.000565
3473 0.000561
3474 0.000619
3475 0.000676
3476 0.000673
3477 0.000660
3478 0.000740
3479 0.000859
3480 0.000853
3481 0.000775
3482 0.000599
3483 0.000496
3484 0.000517
3485 0.000614
3486 0.000668
3487 0.000729
3488 0.000721
3489 0.000680
3490 0.000588
3491 0.000598
3492 0.000650
3493 0.000772
3494 0.000832
3495 0.000828
3496 0.000732
3497 0.000682
3498 0.000655
3499 0.000667
3500 0.000631
3501 0.000535
3502 0.000459
3503 0.000458
3504 0.000503
3505 0.000534
3506 0.000642
3507 0.000639
3508 0.000584
3509 0.000492
3510 0.000433
3511 0.000468
3512 0.000498
3513 0.000605
3514 0.000724
3515 0.000739
3516 0.000733
3517 0.000684
3518 0.000674
3519 0.000703
3520 0.000730
3521 0.000774
3522 0.000594
3523 0.000432
3524 0.000389
3525 0.000393
3526 0.000477
3527 0.000518
3528 0.000489
3529 0.000449
3530 0.000434
3531 0.000502
3532 0.000545
3533 0.000557
3534 0.000579
3535 0.000592
3536 0.000564
3537 0.000488
3538 0.000461
3539 0.000476
3540 0.000515
3541 0.000479
3542 0.000494
3543 0.000466
3544 0.000428
3545 0.000424
3546 0.000400
3547 0.000403
3548 0.000442
3549 0.000448
3550 0.000423
3551 0.000407
3552 0.000378
3553 0.000450
3554 0.000484
3555 0.000487
3556 0.000467
3557 0.000419
3558 0.000388
3559 0.000434
3560 0.000458
3561 0.000468
3562 0.000457
3563 0.000400
3564 0.000369
3565 0.000368
3566 0.000420
3567 0.000491
3568 0.000488
3569 0.000488
3570 0.000463
3571 0.000412
3572 0.000376
3573 0.000366
3574 0.000402
3575 0.000428
3576 0.000393
3577 0.000364
3578 0.000325
3579 0.000332
3580 0.000339
3581 0.000338
3582 0.000355
3583 0.000396
3584 0.000375
3585 0.000333
3586 0.000282
3587 0.000290
3588 0.000335
3589 0.000348
3590 0.000337
3591 0.000306
3592 0.000262
3593 0.000274
3594 0.000308
3595 0.000328
3596 0.000331
3597 0.000319
3598 0.000293
3599 0.000308
3600 0.000280
3601 0.000319
3602 0.000307
3603 0.000287
3604 0.000282
3605 0.000286
3606 0.000274
3607 0.000278
3608 0.000283
3609 0.000304
3610 0.000305
3611 0.000262
3612 0.000233
3613 0.000183
3614 0.000168
3615 0.000175
3616 0.000189
3617 0.000196
3618 0.000207
3619 0.000218
3620 0.000228
3621 0.000230
3622 0.000245
3623 0.000260
3624 0.000251
3625 0.000226
3626 0.000204
3627 0.000181
3628 0.000155
3629 0.000150
3630 0.000141
3631 0.000148
3632 0.000155
3633 0.000158
3634 0.000159
3635 0.000149
3636 0.000154
3637 0.000166
3638 0.000198
3639 0.000222
3640 0.000206
3641 0.000168
3642 0.000134
3643 0.000125
3644 0.000141
3645 0.000171
3646 0.000181
3647 0.000163
3648 0.000143
3649 0.000126
3650 0.000128
3651 0.000134
3652 0.000136
3653 0.000146
3654 0.000135
3655 0.000151
3656 0.000161
3657 0.000173
3658 0.000166
3659 0.000145
3660 0.000129
3661 0.000125
3662 0.000123
3663 0.000127
3664 0.000128
3665 0.000132
3666 0.000136
3667 0.000162
3668 0.000189
3669 0.000196
3670 0.000159
3671 0.000146
3672 0.000140
3673 0.000131
3674 0.000128
3675 0.000111
3676 0.000120
3677 0.000129
3678 0.000130
3679 0.000128
3680 0.000129
3681 0.000128
3682 0.000145
3683 0.000140
3684 0.000134
3685 0.000118
3686 0.000114
3687 0.000108
3688 0.000115
3689 0.000124
3690 0.000137
3691 0.000149
3692 0.000151
3693 0.000142
3694 0.000127
3695 0.000129
3696 0.000126
3697 0.000121
3698 0.000117
3699 0.000113
3700 0.000114
3701 0.000109
3702 0.000096
3703 0.000089
3704 0.000086
3705 0.000095
3706 0.000109
3707 0.000104
3708 0.000107
3709 0.000104
3710 0.000103
3711 0.000100
3712 0.000089
3713 0.000086
3714 0.000086
3715 0.000088
3716 0.000092
3717 0.000095
3718 0.000100
3719 0.000087
3720 0.000081
3721 0.000074
3722 0.000075
3723 0.000080
3724 0.000080
3725 0.000075
3726 0.000065
3727 0.000072
3728 0.000074
3729 0.000081
3730 0.000082
3731 0.000081
3732 0.000079
3733 0.000077
3734 0.000072
3735 0.000078
3736 0.000076
3737 0.000081
3738 0.000073
3739 0.000058
3740 0.000049
3741 0.000046
3742 0.000047
3743 0.000053
3744 0.000063
3745 0.000070
3746 0.000070
3747 0.000059
3748 0.000056
3749 0.000058
3750 0.000060
3751 0.000067
3752 0.000063
3753 0.000062
3754 0.000056
3755 0.000057
3756 0.000059
3757 0.000054
3758 0.000049
3759 0.000043
3760 0.000037
3761 0.000031
3762 0.000035
3763 0.000041
3764 0.000049
3765 0.000052
3766 0.000051
3767 0.000049
3768 0.000042
3769 0.000042
3770 0.000045
3771 0.000049
3772 0.000053
3773 0.000046
3774 0.000042
3775 0.000040
3776 0.000040
3777 0.000041
3778 0.000043
3779 0.000043
3780 0.000041
3781 0.000039
3782 0.000037
3783 0.000032
3784 0.000033
3785 0.000031
3786 0.000032
3787 0.000031
3788 0.000031
3789 0.000029
3790 0.000025
3791 0.000029
3792 0.000030
3793 0.000033
3794 0.000035
3795 0.000031
3796 0.000029
3797 0.000028
3798 0.000027
3799 0.000027
3800 0.000028
3801 0.000028
3802 0.000029
3803 0.000030
3804 0.000032
3805 0.000029
3806 0.000026
3807 0.000024
3808 0.000022
3809 0.000020
3810 0.000020
3811 0.000023
3812 0.000024
3813 0.000025
3814 0.000022
3815 0.000021
3816 0.000019
3817 0.000020
3818 0.000021
3819 0.000021
3820 0.000022
3821 0.000022
3822 0.000022
3823 0.000021
3824 0.000020
3825 0.000018
3826 0.000016
3827 0.000014
3828 0.000016
3829 0.000017
3830 0.000020
3831 0.000022
3832 0.000021
3833 0.000019
3834 0.000015
3835 0.000014
3836 0.000015
3837 0.000016
3838 0.000018
3839 0.000018
3840 0.000018
3841 0.000016
3842 0.000015
3843 0.000016
3844 0.000015
3845 0.000015
3846 0.000013
3847 0.000014
3848 0.000014
3849 0.000013
3850 0.000013
3851 0.000013
3852 0.000013
3853 0.000012
3854 0.000011
3855 0.000012
3856 0.000012
3857 0.000012
3858 0.000011
3859 0.000011
3860 0.000011
3861 0.000012
3862 0.000013
3863 0.000013
3864 0.000012
3865 0.000011
3866 0.000010
3867 0.000009
3868 0.000009
3869 0.000009
3870 0.000009
3871 0.000008
3872 0.000008
3873 0.000008
3874 0.000008
3875 0.000008
3876 0.000008
3877 0.000009
3878 0.000010
3879 0.000011
3880 0.000009
3881 0.000008
3882 0.000006
3883 0.000006
3884 0.000007
3885 0.000006
3886 0.000007
3887 0.000007
3888 0.000008
3889 0.000008
3890 0.000008
3891 0.000008
3892 0.000008
3893 0.000007
3894 0.000007
3895 0.000006
3896 0.000006
3897 0.000006
3898 0.000007
3899 0.000007
3900 0.000006
3901 0.000006
3902 0.000005
3903 0.000006
3904 0.000006
3905 0.000007
3906 0.000007
3907 0.000006
3908 0.000005
3909 0.000005
3910 0.000005
3911 0.000006
3912 0.000006
3913 0.000006
3914 0.000005
3915 0.000005
3916 0.000006
3917 0.000006
3918 0.000006
3919 0.000005
3920 0.000005
3921 0.000005
3922 0.000005
3923 0.000005
3924 0.000005
3925 0.000006
3926 0.000006
3927 0.000006
3928 0.000006
3929 0.000007
3930 0.000007
3931 0.000007
3932 0.000006
3933 0.000006
3934 0.000005
3935 0.000005
3936 0.000005
3937 0.000005
3938 0.000005
3939 0.000005
3940 0.000005
3941 0.000005
3942 0.000005
3943 0.000005
3944 0.000005
3945 0.000006
3946 0.000005
3947 0.000005
3948 0.000005
3949 0.000004
3950 0.000004
3951 0.000005
3952 0.000005
3953 0.000005
3954 0.000005
3955 0.000004
3956 0.000004
3957 0.000004
3958 0.000004
3959 0.000004
3960 0.000004
3961 0.000004
3962 0.000004
3963 0.000004
3964 0.000005
3965 0.000005
3966 0.000004
3967 0.000003
3968 0.000003
3969 0.000003
3970 0.000003
3971 0.000003
3972 0.000003
3973 0.000004
3974 0.000004
3975 0.000004
3976 0.000004
3977 0.000004
3978 0.000004
3979 0.000004
3980 0.000004
3981 0.000004
3982 0.000003
3983 0.000003
3984 0.000003
3985 0.000003
3986 0.000003
3987 0.000003
3988 0.000003
3989 0.000003
3990 0.000003
3991 0.000004
3992 0.000003
3993 0.000003
3994 0.000003
3995 0.000003
3996 0.000003
3997 0.000003
3998 0.000002
3999 0.000002
4000 0.000002
4001 0.000003
4002 0.000003
4003 0.000003
4004 0.000003
4005 0.000003
4006 0.000002
4007 0.000002
4008 0.000002
4009 0.000002
4010 0.000002
4011 0.000002
4012 0.000002
4013 0.000002
4014 0.000002
4015 0.000002
4016 0.000002
4017 0.000002
4018 0.000002
4019 0.000002
4020 0.000002
4021 0.000002
4022 0.000002
4023 0.000002
4024 0.000002
4025 0.000002
4026 0.000002
4027 0.000002
4028 0.000002
4029 0.000002
4030 0.000002
4031 0.000002
4032 0.000002
4033 0.000001
4034 0.000001
4035 0.000001
4036 0.000002
4037 0.000002
4038 0.000002
4039 0.000002
4040 0.000001
4041 0.000001
4042 0.000001
4043 0.000002
4044 0.000002
4045 0.000001
4046 0.000001
4047 0.000001
4048 0.000001
4049 0.000001
4050 0.000001
4051 0.000001
4052 0.000001
4053 0.000001
4054 0.000001
4055 0.000001
4056 0.000001
4057 0.000001
4058 0.000001
4059 0.000001
