#ite residual of mtx/s3rmq4m1.mtx
1 42.737593
2 32.162682
3 34.350924
4 34.074303
5 32.515932
6 32.193175
7 31.916536
8 32.064486
9 31.176565
10 30.940743
11 32.153598
12 33.650988
13 35.727722
14 34.559173
15 33.946426
16 32.082606
17 30.718175
18 30.834712
19 30.299698
20 29.898171
21 28.494476
22 27.823905
23 28.676697
24 29.678456
25 29.938989
26 30.819833
27 30.652990
28 30.042106
29 27.608093
30 26.624352
31 27.273494
32 27.475686
33 27.924486
34 27.624923
35 29.016396
36 29.529207
37 30.114366
38 31.039606
39 31.463090
40 33.134835
41 34.317713
42 35.062544
43 35.912202
44 33.215586
45 33.139564
46 32.789349
47 31.882227
48 31.286399
49 30.935900
50 32.039207
51 32.355311
52 32.481801
53 32.452907
54 30.900160
55 30.486342
56 30.070338
57 29.779846
58 29.231538
59 27.725777
60 27.755689
61 28.806425
62 30.564443
63 31.280010
64 31.483608
65 32.837318
66 32.323910
67 32.349502
68 31.734139
69 31.708719
70 30.726998
71 31.467567
72 31.290622
73 31.470232
74 30.209238
75 29.514611
76 30.083469
77 31.590811
78 33.155099
79 33.188791
80 31.639309
81 29.654795
82 29.813668
83 30.165700
84 30.820717
85 31.409261
86 31.905328
87 32.771645
88 33.728418
89 32.563666
90 32.334352
91 32.032737
92 34.209155
93 34.220175
94 34.247200
95 34.397052
96 35.184120
97 34.648263
98 33.954343
99 34.727034
100 34.440476
101 33.081244
102 32.613283
103 31.469417
104 34.048569
105 36.844484
106 36.301895
107 36.137241
108 35.801035
109 35.352108
110 35.812442
111 36.944857
112 37.849994
113 40.904289
114 41.144981
115 41.263702
116 42.464876
117 41.565765
118 38.963279
119 38.864752
120 38.409698
121 38.875539
122 38.370069
123 40.212884
124 41.381132
125 40.191769
126 40.599562
127 40.616782
128 39.449361
129 38.791492
130 37.482036
131 37.600263
132 38.385239
133 38.115621
134 37.552755
135 34.657573
136 34.170564
137 36.408485
138 36.942042
139 38.031778
140 38.351449
141 37.841976
142 38.567495
143 38.519681
144 40.383331
145 39.662509
146 40.508346
147 41.705113
148 41.648905
149 40.449491
150 39.372800
151 39.062112
152 40.251219
153 40.384223
154 41.053318
155 39.452098
156 39.654969
157 38.011410
158 37.788881
159 35.342463
160 36.125500
161 37.102969
162 36.732183
163 35.981302
164 36.077821
165 35.631374
166 35.946149
167 34.350332
168 33.184938
169 32.018275
170 32.476961
171 30.614874
172 31.064106
173 30.642715
174 30.870616
175 32.199841
176 33.439630
177 31.810416
178 30.385251
179 30.509928
180 31.277514
181 30.491568
182 29.924217
183 30.161771
184 30.191749
185 28.466025
186 27.625461
187 28.243263
188 29.394838
189 29.536817
190 29.744973
191 29.831424
192 30.543059
193 32.504488
194 33.852483
195 33.718198
196 33.530928
197 34.176780
198 33.629824
199 32.231516
200 32.173009
201 32.587082
202 31.957594
203 32.542907
204 31.370558
205 31.410075
206 29.940286
207 29.388081
208 28.846087
209 28.931549
210 29.223866
211 30.061829
212 31.425804
213 31.912955
214 32.525535
215 34.191070
216 36.227697
217 36.798986
218 39.026611
219 40.828402
220 39.861478
221 38.976747
222 38.304570
223 36.996596
224 35.582472
225 35.034831
226 37.410336
227 38.455125
228 37.216968
229 36.285412
230 37.263300
231 37.791600
232 38.149033
233 37.975609
234 37.558948
235 36.034214
236 35.828376
237 33.877850
238 33.765628
239 34.015428
240 33.848945
241 33.159616
242 33.520794
243 34.003237
244 34.568972
245 36.611624
246 38.799351
247 39.735109
248 38.092949
249 37.599716
250 38.554870
251 38.055102
252 39.133024
253 38.863539
254 39.239858
255 38.868251
256 39.326134
257 40.902943
258 41.683787
259 41.872564
260 41.875898
261 42.589968
262 44.373419
263 44.672737
264 44.957500
265 45.223571
266 47.078745
267 47.453704
268 45.282132
269 42.612193
270 42.711768
271 42.728326
272 43.456630
273 44.808584
274 45.480020
275 44.759475
276 44.236886
277 43.605191
278 42.214388
279 42.905729
280 42.851821
281 46.131332
282 46.023656
283 47.840280
284 51.316806
285 53.074084
286 52.617334
287 51.502183
288 50.171312
289 48.617740
290 46.427247
291 46.401717
292 47.441692
293 45.679639
294 45.664790
295 43.336287
296 43.046470
297 42.796386
298 43.857451
299 45.251141
300 45.308909
301 46.029494
302 47.552554
303 47.925780
304 49.749653
305 50.092857
306 50.987834
307 50.291894
308 48.624080
309 47.044342
310 49.640042
311 50.608446
312 49.219626
313 46.204274
314 44.213844
315 41.632222
316 40.099656
317 42.792583
318 46.398942
319 47.553889
320 46.181239
321 44.638543
322 46.417311
323 46.877869
324 44.373635
325 41.196200
326 40.678303
327 41.776159
328 41.613789
329 42.703972
330 43.029035
331 43.368887
332 43.847188
333 43.698852
334 43.249135
335 39.713831
336 39.516334
337 40.507916
338 39.890026
339 42.019847
340 41.922970
341 42.012291
342 38.678517
343 38.734728
344 38.010863
345 38.787498
346 39.530516
347 40.056391
348 37.683397
349 36.954780
350 36.458108
351 35.913094
352 33.958425
353 33.780024
354 34.225217
355 36.698799
356 37.035104
357 37.174190
358 36.831670
359 36.100687
360 35.640983
361 37.456416
362 36.522548
363 35.864225
364 35.205507
365 35.471663
366 35.482292
367 35.150468
368 34.219458
369 35.947531
370 37.622722
371 38.310137
372 37.774908
373 37.935049
374 36.946300
375 36.258234
376 35.509374
377 35.608443
378 37.182147
379 37.150231
380 34.034982
381 32.279756
382 31.833609
383 31.522166
384 32.626695
385 33.551410
386 33.725673
387 34.255179
388 33.701696
389 31.102353
390 29.315738
391 29.342262
392 29.013367
393 28.917101
394 30.199992
395 30.542239
396 30.953101
397 32.248538
398 33.357007
399 31.969113
400 31.497932
401 33.474499
402 32.774766
403 31.259012
404 30.170100
405 30.539106
406 31.211202
407 32.086761
408 31.485846
409 32.753206
410 32.539814
411 32.981985
412 32.404708
413 33.615447
414 32.033352
415 33.297480
416 33.302889
417 33.761128
418 33.275137
419 31.929201
420 33.047275
421 32.948715
422 31.469006
423 30.976303
424 31.277121
425 30.689220
426 29.774070
427 28.906042
428 28.411744
429 27.934133
430 28.745688
431 29.409641
432 29.509877
433 30.091230
434 31.319358
435 31.346472
436 30.707545
437 30.651701
438 29.205420
439 29.727157
440 30.597009
441 30.613453
442 28.473182
443 27.134793
444 27.901391
445 30.187924
446 31.261803
447 30.107689
448 30.922961
449 29.820715
450 29.021612
451 27.891882
452 26.725665
453 26.354929
454 25.583379
455 24.629419
456 26.098360
457 25.831310
458 24.700474
459 24.107665
460 23.532840
461 23.209495
462 22.499847
463 22.390001
464 23.056116
465 23.737871
466 23.555233
467 22.993992
468 22.209209
469 22.709010
470 22.828461
471 22.517288
472 22.286412
473 23.047876
474 23.046536
475 21.789380
476 19.914667
477 19.555647
478 19.304962
479 19.582445
480 17.797177
481 16.208790
482 15.746740
483 15.422790
484 15.446191
485 15.291507
486 14.634557
487 13.584344
488 12.497271
489 12.802720
490 12.666064
491 12.141389
492 11.910038
493 11.373287
494 11.927209
495 11.662407
496 12.135738
497 12.224943
498 11.837753
499 11.060817
500 10.787795
501 10.825719
502 10.686946
503 9.779705
504 9.607963
505 9.945192
506 10.346701
507 8.750544
508 8.510124
509 8.057305
510 8.188503
511 7.757080
512 7.825987
513 7.637717
514 6.997497
515 7.263404
516 7.451256
517 7.365474
518 6.910819
519 6.066425
520 5.955979
521 6.363430
522 6.522753
523 6.350870
524 6.535707
525 6.442186
526 6.425596
527 6.286183
528 6.292820
529 6.351150
530 6.940404
531 7.237313
532 7.565317
533 7.336473
534 7.443615
535 7.488345
536 7.499589
537 7.115699
538 6.814073
539 7.052931
540 6.930741
541 6.224500
542 6.131522
543 5.876784
544 5.999122
545 6.111319
546 6.244536
547 6.298808
548 6.251769
549 6.294485
550 6.330538
551 6.206353
552 6.100549
553 5.781438
554 6.050584
555 6.327814
556 6.192311
557 5.517054
558 5.313834
559 5.021433
560 5.333769
561 5.438679
562 5.721667
563 5.693504
564 5.752706
565 5.632036
566 5.798038
567 5.717542
568 5.602627
569 5.480268
570 5.621459
571 5.911004
572 6.156022
573 5.779176
574 5.227340
575 4.882239
576 4.763144
577 4.540314
578 4.504639
579 4.381893
580 4.450771
581 4.273592
582 4.337594
583 4.445735
584 4.536169
585 4.824443
586 4.795670
587 4.782928
588 4.629703
589 4.476099
590 4.123116
591 3.986410
592 4.036041
593 4.016566
594 4.027174
595 3.897782
596 3.823103
597 3.342281
598 3.202008
599 3.199001
600 3.246207
601 3.139074
602 3.023151
603 3.229928
604 3.258449
605 3.298688
606 3.192934
607 3.042615
608 3.096954
609 3.025370
610 2.982350
611 2.948445
612 2.973076
613 3.108618
614 3.174178
615 3.109527
616 3.038035
617 2.709421
618 2.696739
619 2.805888
620 2.698924
621 2.639284
622 2.538473
623 2.636658
624 2.664518
625 2.529181
626 2.321776
627 2.220212
628 2.202488
629 2.188432
630 2.199208
631 2.344182
632 2.525043
633 2.571529
634 2.490441
635 2.284343
636 2.134025
637 1.938169
638 1.869981
639 1.903780
640 1.971023
641 1.939410
642 1.995629
643 1.991034
644 1.933083
645 1.968822
646 2.014855
647 1.958173
648 1.986450
649 2.137363
650 2.242623
651 2.137859
652 2.089025
653 2.162388
654 2.178530
655 2.239174
656 2.368425
657 2.258838
658 2.179034
659 2.075364
660 2.182040
661 2.214407
662 2.198836
663 2.184142
664 2.141324
665 2.161306
666 2.196930
667 2.288360
668 2.404933
669 2.332935
670 2.189778
671 1.992812
672 2.015865
673 2.056335
674 2.014303
675 2.020366
676 2.193157
677 2.206553
678 2.200467
679 2.057069
680 1.916668
681 2.080136
682 2.481459
683 2.683303
684 2.743148
685 2.583153
686 2.645420
687 2.653345
688 2.733849
689 2.759109
690 2.771530
691 2.876754
692 2.981398
693 2.947393
694 2.797724
695 2.791553
696 2.880537
697 2.892664
698 2.861544
699 2.921854
700 3.138285
701 3.284883
702 3.481271
703 3.497740
704 3.415780
705 3.387719
706 3.292587
707 3.038418
708 2.797787
709 2.703658
710 2.681000
711 2.869516
712 2.998681
713 3.275306
714 3.397491
715 3.360449
716 3.357441
717 3.483105
718 3.508857
719 3.517893
720 3.324408
721 3.028300
722 2.773068
723 2.608424
724 2.487829
725 2.414926
726 2.382766
727 2.450841
728 2.505342
729 2.584448
730 2.706716
731 2.863987
732 2.928868
733 2.870254
734 2.788037
735 2.797913
736 2.903460
737 2.877325
738 2.795995
739 2.770606
740 2.724195
741 2.567847
742 2.466521
743 2.397792
744 2.426252
745 2.442828
746 2.347924
747 2.281520
748 2.217068
749 2.219838
750 2.103320
751 1.999284
752 1.977980
753 1.955724
754 1.901967
755 1.855088
756 1.731927
757 1.746376
758 1.765238
759 1.788126
760 1.683573
761 1.607328
762 1.575315
763 1.493125
764 1.502987
765 1.558263
766 1.592241
767 1.533794
768 1.544707
769 1.528273
770 1.563527
771 1.508366
772 1.448230
773 1.282723
774 1.385217
775 1.405310
776 1.458822
777 1.382489
778 1.423552
779 1.498934
780 1.640035
781 1.658443
782 1.550693
783 1.507380
784 1.510384
785 1.630682
786 1.746369
787 1.647888
788 1.635613
789 1.732612
790 1.777281
791 1.778093
792 1.687207
793 1.579016
794 1.596594
795 1.500193
796 1.462189
797 1.278372
798 1.243545
799 1.164533
800 1.180970
801 1.193368
802 1.209626
803 1.222555
804 1.227619
805 1.182220
806 1.222648
807 1.143227
808 1.133091
809 1.042259
810 1.050986
811 0.955321
812 0.868684
813 0.904815
814 0.910573
815 0.886668
816 0.904818
817 0.961050
818 0.951737
819 0.971409
820 0.987688
821 0.964884
822 0.939733
823 0.965155
824 0.995093
825 0.997975
826 1.010130
827 0.987381
828 0.980139
829 1.048735
830 1.005650
831 0.882801
832 0.883283
833 0.876458
834 0.925597
835 0.982483
836 1.034061
837 0.991195
838 0.936561
839 0.912203
840 0.914067
841 0.974097
842 1.043132
843 1.096945
844 1.120458
845 1.119490
846 1.023700
847 0.889881
848 0.813252
849 0.784099
850 0.738371
851 0.698324
852 0.671189
853 0.607567
854 0.618283
855 0.607921
856 0.605583
857 0.576242
858 0.609588
859 0.602445
860 0.590115
861 0.581445
862 0.535542
863 0.493462
864 0.498113
865 0.510705
866 0.515270
867 0.517720
868 0.502361
869 0.525521
870 0.529754
871 0.505101
872 0.492732
873 0.493953
874 0.491930
875 0.491582
876 0.506238
877 0.487930
878 0.452959
879 0.417670
880 0.417092
881 0.425368
882 0.427936
883 0.418372
884 0.395114
885 0.352707
886 0.340235
887 0.324167
888 0.308278
889 0.284454
890 0.275552
891 0.272427
892 0.291402
893 0.288418
894 0.279848
895 0.285115
896 0.285266
897 0.276684
898 0.274785
899 0.259631
900 0.245058
901 0.229684
902 0.228757
903 0.233670
904 0.233582
905 0.231499
906 0.214550
907 0.188906
908 0.187373
909 0.198258
910 0.195173
911 0.188975
912 0.181981
913 0.173191
914 0.176978
915 0.190859
916 0.197018
917 0.192191
918 0.174446
919 0.170170
920 0.170513
921 0.168458
922 0.167350
923 0.153779
924 0.148380
925 0.146538
926 0.148472
927 0.150471
928 0.164055
929 0.171753
930 0.168811
931 0.161350
932 0.164011
933 0.157317
934 0.143057
935 0.139906
936 0.135049
937 0.127726
938 0.120500
939 0.116510
940 0.108054
941 0.113076
942 0.108423
943 0.117163
944 0.116832
945 0.119244
946 0.114854
947 0.107321
948 0.112693
949 0.126092
950 0.134196
951 0.125441
952 0.127915
953 0.131029
954 0.131681
955 0.132700
956 0.135487
957 0.129922
958 0.118345
959 0.108609
960 0.102847
961 0.099830
962 0.108022
963 0.106637
964 0.103571
965 0.103485
966 0.106572
967 0.102539
968 0.099385
969 0.102005
970 0.103415
971 0.100632
972 0.093048
973 0.095195
974 0.090953
975 0.091315
976 0.087210
977 0.082511
978 0.079728
979 0.077406
980 0.081531
981 0.080322
982 0.081984
983 0.086820
984 0.089500
985 0.082393
986 0.075607
987 0.069576
988 0.065399
989 0.065356
990 0.064986
991 0.063582
992 0.066936
993 0.070476
994 0.076572
995 0.075215
996 0.076230
997 0.073606
998 0.069502
999 0.064454
1000 0.059115
1001 0.057577
1002 0.056672
1003 0.058792
1004 0.058120
1005 0.056992
1006 0.054618
1007 0.057743
1008 0.056609
1009 0.058038
1010 0.060032
1011 0.062506
1012 0.059480
1013 0.056423
1014 0.054623
1015 0.051984
1016 0.050912
1017 0.049966
1018 0.048701
1019 0.049056
1020 0.049063
1021 0.050040
1022 0.049755
1023 0.049364
1024 0.050978
1025 0.050954
1026 0.049513
1027 0.045795
1028 0.041415
1029 0.037810
1030 0.038289
1031 0.041013
1032 0.048220
1033 0.047158
1034 0.046284
1035 0.042495
1036 0.041252
1037 0.039479
1038 0.040880
1039 0.042830
1040 0.045496
1041 0.044109
1042 0.039755
1043 0.037893
1044 0.037496
1045 0.037477
1046 0.038147
1047 0.035951
1048 0.035795
1049 0.034810
1050 0.034480
1051 0.033905
1052 0.032777
1053 0.033129
1054 0.034915
1055 0.038051
1056 0.036769
1057 0.034866
1058 0.034440
1059 0.036343
1060 0.039520
1061 0.041162
1062 0.040047
1063 0.038912
1064 0.036348
1065 0.038662
1066 0.037979
1067 0.037579
1068 0.037763
1069 0.037535
1070 0.040704
1071 0.041212
1072 0.042047
1073 0.041082
1074 0.040957
1075 0.041990
1076 0.044955
1077 0.046585
1078 0.045048
1079 0.043154
1080 0.047457
1081 0.050301
1082 0.048399
1083 0.049424
1084 0.053069
1085 0.056323
1086 0.057272
1087 0.053501
1088 0.053337
1089 0.056018
1090 0.054582
1091 0.050981
1092 0.045871
1093 0.045172
1094 0.044744
1095 0.043229
1096 0.042543
1097 0.044807
1098 0.047516
1099 0.052410
1100 0.055481
1101 0.054617
1102 0.052024
1103 0.051395
1104 0.057380
1105 0.062115
1106 0.056415
1107 0.052341
1108 0.051171
1109 0.053568
1110 0.053202
1111 0.050752
1112 0.052070
1113 0.058688
1114 0.060355
1115 0.058283
1116 0.056435
1117 0.056807
1118 0.058619
1119 0.059685
1120 0.055850
1121 0.054575
1122 0.052188
1123 0.055567
1124 0.057093
1125 0.057306
1126 0.058475
1127 0.056319
1128 0.057407
1129 0.055640
1130 0.052593
1131 0.048889
1132 0.049448
1133 0.055146
1134 0.057925
1135 0.057578
1136 0.053160
1137 0.050573
1138 0.051886
1139 0.054657
1140 0.053969
1141 0.052877
1142 0.051529
1143 0.056813
1144 0.057380
1145 0.060517
1146 0.057595
1147 0.058011
1148 0.059062
1149 0.056876
1150 0.059293
1151 0.056884
1152 0.058531
1153 0.059174
1154 0.058823
1155 0.060767
1156 0.063868
1157 0.067239
1158 0.065977
1159 0.062466
1160 0.057564
1161 0.055447
1162 0.059441
1163 0.064370
1164 0.067062
1165 0.064589
1166 0.059116
1167 0.057432
1168 0.059969
1169 0.061850
1170 0.062055
1171 0.063994
1172 0.065634
1173 0.065761
1174 0.067019
1175 0.067784
1176 0.067593
1177 0.067620
1178 0.071018
1179 0.070473
1180 0.070727
1181 0.068916
1182 0.066264
1183 0.068754
1184 0.068436
1185 0.066540
1186 0.064316
1187 0.064316
1188 0.067332
1189 0.067635
1190 0.070268
1191 0.065346
1192 0.060854
1193 0.061428
1194 0.061167
1195 0.066592
1196 0.070545
1197 0.070739
1198 0.068971
1199 0.068649
1200 0.070442
1201 0.071879
1202 0.065156
1203 0.056785
1204 0.054162
1205 0.055587
1206 0.063496
1207 0.063916
1208 0.065917
1209 0.058616
1210 0.057057
1211 0.056029
1212 0.059871
1213 0.064087
1214 0.066445
1215 0.065032
1216 0.071003
1217 0.072622
1218 0.067240
1219 0.061870
1220 0.060033
1221 0.057525
1222 0.059751
1223 0.057214
1224 0.055416
1225 0.054650
1226 0.057719
1227 0.065007
1228 0.070754
1229 0.071291
1230 0.069481
1231 0.067938
1232 0.064066
1233 0.066835
1234 0.069872
1235 0.072692
1236 0.069939
1237 0.064213
1238 0.060122
1239 0.057766
1240 0.061031
1241 0.064051
1242 0.063745
1243 0.061032
1244 0.059318
1245 0.060998
1246 0.060807
1247 0.059516
1248 0.061925
1249 0.064262
1250 0.068860
1251 0.066020
1252 0.059611
1253 0.053536
1254 0.054538
1255 0.060460
1256 0.060618
1257 0.055841
1258 0.048317
1259 0.046648
1260 0.049472
1261 0.053403
1262 0.055817
1263 0.054897
1264 0.053631
1265 0.056144
1266 0.059683
1267 0.066528
1268 0.064753
1269 0.059254
1270 0.053256
1271 0.049001
1272 0.046680
1273 0.044743
1274 0.045629
1275 0.049815
1276 0.049867
1277 0.046952
1278 0.044823
1279 0.046073
1280 0.046445
1281 0.048420
1282 0.049295
1283 0.050127
1284 0.045952
1285 0.044697
1286 0.046032
1287 0.047829
1288 0.046130
1289 0.041871
1290 0.039717
1291 0.040314
1292 0.039871
1293 0.040491
1294 0.039789
1295 0.039639
1296 0.038323
1297 0.039845
1298 0.036970
1299 0.034159
1300 0.034501
1301 0.035646
1302 0.039543
1303 0.039837
1304 0.038709
1305 0.036383
1306 0.036304
1307 0.036224
1308 0.036657
1309 0.036432
1310 0.035577
1311 0.035007
1312 0.035353
1313 0.036259
1314 0.039345
1315 0.043839
1316 0.046680
1317 0.047252
1318 0.045923
1319 0.046827
1320 0.045563
1321 0.041243
1322 0.037375
1323 0.035286
1324 0.035879
1325 0.037438
1326 0.036724
1327 0.038653
1328 0.041328
1329 0.043623
1330 0.045783
1331 0.046604
1332 0.051039
1333 0.056785
1334 0.059890
1335 0.059882
1336 0.056153
1337 0.050820
1338 0.045906
1339 0.045089
1340 0.045681
1341 0.051385
1342 0.052019
1343 0.047909
1344 0.046812
1345 0.047739
1346 0.048628
1347 0.046688
1348 0.045257
1349 0.048193
1350 0.050753
1351 0.050721
1352 0.055345
1353 0.053950
1354 0.053589
1355 0.052496
1356 0.053395
1357 0.057020
1358 0.060330
1359 0.061024
1360 0.051620
1361 0.047245
1362 0.043936
1363 0.047562
1364 0.053135
1365 0.058707
1366 0.063221
1367 0.056392
1368 0.051358
1369 0.053352
1370 0.056925
1371 0.066321
1372 0.074333
1373 0.075191
1374 0.071033
1375 0.065355
1376 0.057629
1377 0.055800
1378 0.054469
1379 0.056846
1380 0.056709
1381 0.057140
1382 0.057909
1383 0.061767
1384 0.064128
1385 0.059291
1386 0.057334
1387 0.055111
1388 0.055578
1389 0.058076
1390 0.059399
1391 0.061959
1392 0.064975
1393 0.064277
1394 0.061377
1395 0.054826
1396 0.054527
1397 0.058205
1398 0.059270
1399 0.063671
1400 0.067550
1401 0.067767
1402 0.067874
1403 0.063823
1404 0.060202
1405 0.059833
1406 0.059513
1407 0.060437
1408 0.057887
1409 0.058220
1410 0.057650
1411 0.055283
1412 0.050503
1413 0.051051
1414 0.053614
1415 0.060850
1416 0.064099
1417 0.061272
1418 0.055158
1419 0.055861
1420 0.059924
1421 0.066064
1422 0.067691
1423 0.059428
1424 0.051301
1425 0.049339
1426 0.052019
1427 0.051996
1428 0.054955
1429 0.057159
1430 0.058217
1431 0.054110
1432 0.055097
1433 0.048163
1434 0.043746
1435 0.042922
1436 0.040299
1437 0.038624
1438 0.036227
1439 0.039165
1440 0.041106
1441 0.045522
1442 0.048091
1443 0.050154
1444 0.052044
1445 0.051459
1446 0.048256
1447 0.050120
1448 0.049078
1449 0.052814
1450 0.053308
1451 0.052807
1452 0.045863
1453 0.041732
1454 0.043068
1455 0.044518
1456 0.049948
1457 0.054076
1458 0.056418
1459 0.052634
1460 0.045702
1461 0.043051
1462 0.042579
1463 0.044836
1464 0.047612
1465 0.047741
1466 0.048747
1467 0.047249
1468 0.046918
1469 0.047699
1470 0.047766
1471 0.052962
1472 0.052213
1473 0.049280
1474 0.044960
1475 0.041243
1476 0.040952
1477 0.044213
1478 0.049315
1479 0.051056
1480 0.051926
1481 0.047507
1482 0.048139
1483 0.046429
1484 0.048245
1485 0.050080
1486 0.047573
1487 0.048578
1488 0.047364
1489 0.051056
1490 0.055864
1491 0.059733
1492 0.060467
1493 0.054760
1494 0.051243
1495 0.055070
1496 0.061387
1497 0.066726
1498 0.069616
1499 0.070306
1500 0.064637
1501 0.058643
1502 0.051093
1503 0.049751
1504 0.053069
1505 0.059263
1506 0.061922
1507 0.064926
1508 0.066352
1509 0.068251
1510 0.064508
1511 0.065792
1512 0.068192
1513 0.075500
1514 0.074569
1515 0.078731
1516 0.069780
1517 0.069880
1518 0.072586
1519 0.074084
1520 0.069254
1521 0.067562
1522 0.070354
1523 0.069603
1524 0.066808
1525 0.063849
1526 0.067631
1527 0.075270
1528 0.078983
1529 0.084480
1530 0.082197
1531 0.084570
1532 0.085492
1533 0.085859
1534 0.090620
1535 0.091358
1536 0.089215
1537 0.078322
1538 0.074926
1539 0.069159
1540 0.068724
1541 0.070488
1542 0.071395
1543 0.072607
1544 0.071898
1545 0.075498
1546 0.084643
1547 0.094637
1548 0.096595
1549 0.094404
1550 0.096480
1551 0.100048
1552 0.103016
1553 0.103072
1554 0.098080
1555 0.095287
1556 0.090779
1557 0.096591
1558 0.100666
1559 0.096354
1560 0.089300
1561 0.078456
1562 0.079510
1563 0.085358
1564 0.091508
1565 0.096389
1566 0.099213
1567 0.099526
1568 0.100838
1569 0.098021
1570 0.098393
1571 0.096296
1572 0.099841
1573 0.092219
1574 0.096067
1575 0.098352
1576 0.092455
1577 0.091696
1578 0.094127
1579 0.098869
1580 0.106513
1581 0.108730
1582 0.111717
1583 0.102002
1584 0.098553
1585 0.099583
1586 0.096377
1587 0.093413
1588 0.085092
1589 0.079492
1590 0.079339
1591 0.080002
1592 0.079518
1593 0.079817
1594 0.083097
1595 0.093546
1596 0.102977
1597 0.099639
1598 0.091176
1599 0.082746
1600 0.079814
1601 0.081537
1602 0.089482
1603 0.099861
1604 0.107338
1605 0.106406
1606 0.092843
1607 0.077274
1608 0.072404
1609 0.075688
1610 0.076355
1611 0.075040
1612 0.072008
1613 0.071067
1614 0.071019
1615 0.072548
1616 0.073569
1617 0.083784
1618 0.088866
1619 0.092454
1620 0.088786
1621 0.082831
1622 0.082030
1623 0.085524
1624 0.082036
1625 0.081936
1626 0.070146
1627 0.065835
1628 0.062217
1629 0.066787
1630 0.073241
1631 0.083841
1632 0.089737
1633 0.084382
1634 0.082907
1635 0.080616
1636 0.080000
1637 0.080027
1638 0.076032
1639 0.069158
1640 0.064203
1641 0.057669
1642 0.058305
1643 0.060408
1644 0.067771
1645 0.079615
1646 0.082685
1647 0.076970
1648 0.074773
1649 0.065809
1650 0.065604
1651 0.065885
1652 0.075343
1653 0.079843
1654 0.073307
1655 0.067885
1656 0.060051
1657 0.061457
1658 0.068407
1659 0.078512
1660 0.081307
1661 0.074916
1662 0.068840
1663 0.069060
1664 0.069458
1665 0.071473
1666 0.067546
1667 0.070014
1668 0.073346
1669 0.078813
1670 0.076178
1671 0.071472
1672 0.073520
1673 0.080922
1674 0.081051
1675 0.076805
1676 0.061642
1677 0.054431
1678 0.053516
1679 0.058410
1680 0.064250
1681 0.070851
1682 0.073758
1683 0.073676
1684 0.067709
1685 0.062636
1686 0.063479
1687 0.066436
1688 0.075741
1689 0.079244
1690 0.076031
1691 0.076282
1692 0.069392
1693 0.063416
1694 0.062817
1695 0.062281
1696 0.069169
1697 0.070482
1698 0.070611
1699 0.066606
1700 0.064837
1701 0.068765
1702 0.070719
1703 0.076586
1704 0.076785
1705 0.072535
1706 0.070053
1707 0.067996
1708 0.076294
1709 0.086323
1710 0.077620
1711 0.066761
1712 0.056642
1713 0.056192
1714 0.062582
1715 0.070922
1716 0.078298
1717 0.080918
1718 0.080222
1719 0.074674
1720 0.065654
1721 0.060003
1722 0.061000
1723 0.062811
1724 0.067451
1725 0.069768
1726 0.068205
1727 0.063720
1728 0.060769
1729 0.063197
1730 0.068286
1731 0.075607
1732 0.076277
1733 0.073221
1734 0.065630
1735 0.062971
1736 0.062733
1737 0.061897
1738 0.059797
1739 0.057402
1740 0.056674
1741 0.056355
1742 0.057047
1743 0.065419
1744 0.070653
1745 0.065433
1746 0.062832
1747 0.059778
1748 0.054645
1749 0.049726
1750 0.050108
1751 0.057933
1752 0.063059
1753 0.065603
1754 0.059979
1755 0.053539
1756 0.051697
1757 0.054516
1758 0.061737
1759 0.064441
1760 0.059552
1761 0.056207
1762 0.051789
1763 0.050630
1764 0.046847
1765 0.046999
1766 0.048428
1767 0.051366
1768 0.047689
1769 0.044731
1770 0.044187
1771 0.044450
1772 0.051952
1773 0.057116
1774 0.054590
1775 0.048810
1776 0.041843
1777 0.039564
1778 0.041903
1779 0.047852
1780 0.053516
1781 0.053461
1782 0.051704
1783 0.051028
1784 0.053082
1785 0.055651
1786 0.055315
1787 0.052453
1788 0.050947
1789 0.044893
1790 0.043450
1791 0.044500
1792 0.048213
1793 0.051485
1794 0.052537
1795 0.052178
1796 0.048818
1797 0.049992
1798 0.053093
1799 0.055973
1800 0.063532
1801 0.063485
1802 0.062078
1803 0.055653
1804 0.050130
1805 0.047987
1806 0.051153
1807 0.056616
1808 0.062137
1809 0.055472
1810 0.049942
1811 0.046945
1812 0.048679
1813 0.055296
1814 0.055433
1815 0.052479
1816 0.046304
1817 0.045825
1818 0.047442
1819 0.055811
1820 0.059963
1821 0.062149
1822 0.063286
1823 0.060762
1824 0.055710
1825 0.047851
1826 0.042084
1827 0.041816
1828 0.046737
1829 0.053070
1830 0.053344
1831 0.049975
1832 0.044342
1833 0.039694
1834 0.036630
1835 0.040740
1836 0.044093
1837 0.045303
1838 0.044297
1839 0.042591
1840 0.044106
1841 0.047980
1842 0.050695
1843 0.049179
1844 0.044793
1845 0.040138
1846 0.040011
1847 0.040778
1848 0.044221
1849 0.045555
1850 0.043804
1851 0.038460
1852 0.035143
1853 0.032678
1854 0.036696
1855 0.042387
1856 0.047134
1857 0.047728
1858 0.042203
1859 0.039537
1860 0.035634
1861 0.035534
1862 0.034168
1863 0.034579
1864 0.035387
1865 0.033764
1866 0.032610
1867 0.032557
1868 0.035786
1869 0.039808
1870 0.042936
1871 0.045212
1872 0.041181
1873 0.036207
1874 0.034423
1875 0.034335
1876 0.040703
1877 0.045876
1878 0.046424
1879 0.040796
1880 0.035380
1881 0.031239
1882 0.030359
1883 0.032077
1884 0.035737
1885 0.041178
1886 0.043974
1887 0.041340
1888 0.037046
1889 0.033839
1890 0.034494
1891 0.035260
1892 0.039976
1893 0.041574
1894 0.043786
1895 0.042049
1896 0.038419
1897 0.035877
1898 0.037745
1899 0.039500
1900 0.039239
1901 0.035075
1902 0.032894
1903 0.034683
1904 0.040053
1905 0.046993
1906 0.050452
1907 0.044890
1908 0.035204
1909 0.030954
1910 0.032635
1911 0.041597
1912 0.051740
1913 0.052096
1914 0.045492
1915 0.040126
1916 0.035844
1917 0.037121
1918 0.038350
1919 0.040314
1920 0.046722
1921 0.049275
1922 0.043805
1923 0.036606
1924 0.033515
1925 0.036122
1926 0.040880
1927 0.046476
1928 0.051859
1929 0.051786
1930 0.049686
1931 0.043706
1932 0.044240
1933 0.041157
1934 0.043224
1935 0.042511
1936 0.041870
1937 0.038870
1938 0.037947
1939 0.038185
1940 0.043953
1941 0.044434
1942 0.039159
1943 0.035775
1944 0.031318
1945 0.034252
1946 0.037485
1947 0.039281
1948 0.037658
1949 0.033674
1950 0.031313
1951 0.032799
1952 0.036795
1953 0.036880
1954 0.040156
1955 0.038592
1956 0.036535
1957 0.036148
1958 0.033903
1959 0.035794
1960 0.035776
1961 0.035553
1962 0.038543
1963 0.037107
1964 0.033978
1965 0.032538
1966 0.032691
1967 0.038167
1968 0.040823
1969 0.042820
1970 0.037440
1971 0.032106
1972 0.028399
1973 0.028489
1974 0.034462
1975 0.041075
1976 0.049523
1977 0.045428
1978 0.041705
1979 0.040426
1980 0.041820
1981 0.044714
1982 0.039127
1983 0.039802
1984 0.037676
1985 0.037659
1986 0.042216
1987 0.043510
1988 0.044940
1989 0.044126
1990 0.039218
1991 0.036067
1992 0.033762
1993 0.032054
1994 0.031529
1995 0.033572
1996 0.038886
1997 0.038243
1998 0.034627
1999 0.031900
2000 0.029996
2001 0.035925
2002 0.043597
2003 0.049300
2004 0.045929
2005 0.037967
2006 0.031685
2007 0.028583
2008 0.028351
2009 0.031648
2010 0.037819
2011 0.042183
2012 0.039760
2013 0.035654
2014 0.031925
2015 0.028483
2016 0.028236
2017 0.030074
2018 0.036330
2019 0.043397
2020 0.043275
2021 0.042087
2022 0.035116
2023 0.032058
2024 0.030729
2025 0.033557
2026 0.039607
2027 0.046103
2028 0.046409
2029 0.034877
2030 0.025876
2031 0.023389
2032 0.027760
2033 0.036051
2034 0.042496
2035 0.046398
2036 0.044757
2037 0.041864
2038 0.038164
2039 0.034735
2040 0.030757
2041 0.030991
2042 0.036097
2043 0.040335
2044 0.041297
2045 0.035157
2046 0.031346
2047 0.028469
2048 0.031301
2049 0.035336
2050 0.042460
2051 0.044077
2052 0.045833
2053 0.045365
2054 0.045481
2055 0.041093
2056 0.035452
2057 0.030904
2058 0.029309
2059 0.033392
2060 0.041918
2061 0.047264
2062 0.042742
2063 0.035161
2064 0.032987
2065 0.032691
2066 0.032298
2067 0.034816
2068 0.039115
2069 0.044406
2070 0.045947
2071 0.043695
2072 0.038725
2073 0.035088
2074 0.032673
2075 0.032569
2076 0.034193
2077 0.035050
2078 0.036723
2079 0.034226
2080 0.032175
2081 0.030045
2082 0.031146
2083 0.033998
2084 0.037255
2085 0.041825
2086 0.046652
2087 0.049022
2088 0.046301
2089 0.040510
2090 0.035055
2091 0.027936
2092 0.023885
2093 0.025122
2094 0.032786
2095 0.038082
2096 0.040633
2097 0.034556
2098 0.027505
2099 0.021811
2100 0.022457
2101 0.029457
2102 0.037549
2103 0.042658
2104 0.040772
2105 0.037260
2106 0.033526
2107 0.031045
2108 0.029609
2109 0.028305
2110 0.030053
2111 0.032788
2112 0.030888
2113 0.028225
2114 0.024432
2115 0.022972
2116 0.025863
2117 0.029385
2118 0.036651
2119 0.037249
2120 0.037777
2121 0.036106
2122 0.035236
2123 0.031292
2124 0.026606
2125 0.023046
2126 0.022142
2127 0.025620
2128 0.032713
2129 0.037815
2130 0.034817
2131 0.026810
2132 0.021018
2133 0.021381
2134 0.025053
2135 0.031055
2136 0.031385
2137 0.030475
2138 0.028235
2139 0.028948
2140 0.027488
2141 0.026301
2142 0.024645
2143 0.024627
2144 0.027365
2145 0.030430
2146 0.032283
2147 0.029452
2148 0.025709
2149 0.025398
2150 0.024504
2151 0.025633
2152 0.027254
2153 0.030023
2154 0.030028
2155 0.030137
2156 0.030171
2157 0.024479
2158 0.018970
2159 0.014194
2160 0.014373
2161 0.018680
2162 0.024061
2163 0.027581
2164 0.023905
2165 0.022311
2166 0.019924
2167 0.020226
2168 0.022679
2169 0.025647
2170 0.027897
2171 0.025791
2172 0.022711
2173 0.019132
2174 0.016013
2175 0.016472
2176 0.015794
2177 0.015672
2178 0.016632
2179 0.019735
2180 0.020635
2181 0.018965
2182 0.016652
2183 0.014409
2184 0.015408
2185 0.017295
2186 0.016793
2187 0.017454
2188 0.018228
2189 0.021863
2190 0.022441
2191 0.019611
2192 0.016015
2193 0.013074
2194 0.012775
2195 0.015489
2196 0.018771
2197 0.021938
2198 0.020497
2199 0.017282
2200 0.015753
2201 0.016163
2202 0.017465
2203 0.018172
2204 0.018960
2205 0.018975
2206 0.018829
2207 0.017222
2208 0.015149
2209 0.012754
2210 0.011946
2211 0.012167
2212 0.014442
2213 0.017021
2214 0.017587
2215 0.017246
2216 0.015219
2217 0.014012
2218 0.012705
2219 0.011520
2220 0.013167
2221 0.014086
2222 0.016783
2223 0.018009
2224 0.016841
2225 0.014397
2226 0.011449
2227 0.009940
2228 0.009985
2229 0.011254
2230 0.013648
2231 0.015537
2232 0.016823
2233 0.015972
2234 0.014024
2235 0.012776
2236 0.012854
2237 0.012554
2238 0.011837
2239 0.012075
2240 0.012439
2241 0.013938
2242 0.012831
2243 0.011644
2244 0.009677
2245 0.009296
2246 0.010364
2247 0.012138
2248 0.013595
2249 0.014815
2250 0.014330
2251 0.014195
2252 0.013295
2253 0.012629
2254 0.011427
2255 0.011179
2256 0.011845
2257 0.012834
2258 0.014149
2259 0.012757
2260 0.010983
2261 0.009136
2262 0.009376
2263 0.011176
2264 0.011845
2265 0.014221
2266 0.013383
2267 0.013766
2268 0.012911
2269 0.012556
2270 0.013066
2271 0.011899
2272 0.011787
2273 0.010904
2274 0.011206
2275 0.011995
2276 0.014475
2277 0.013958
2278 0.012156
2279 0.010022
2280 0.009696
2281 0.010585
2282 0.011493
2283 0.011384
2284 0.011264
2285 0.011512
2286 0.012727
2287 0.013875
2288 0.012833
2289 0.010328
2290 0.009092
2291 0.008417
2292 0.009360
2293 0.009640
2294 0.009834
2295 0.011156
2296 0.012627
2297 0.013013
2298 0.011173
2299 0.009353
2300 0.009440
2301 0.010539
2302 0.011076
2303 0.011657
2304 0.011471
2305 0.011695
2306 0.010818
2307 0.011581
2308 0.011963
2309 0.011113
2310 0.010334
2311 0.009022
2312 0.010090
2313 0.010606
2314 0.011885
2315 0.011430
2316 0.009450
2317 0.009268
2318 0.009354
2319 0.011569
2320 0.013148
2321 0.012917
2322 0.011574
2323 0.009184
2324 0.008166
2325 0.007777
2326 0.008526
2327 0.008885
2328 0.008354
2329 0.009119
2330 0.010403
2331 0.012068
2332 0.012096
2333 0.011247
2334 0.010249
2335 0.009636
2336 0.011013
2337 0.009743
2338 0.008899
2339 0.007341
2340 0.007240
2341 0.007646
2342 0.008286
2343 0.008834
2344 0.008180
2345 0.008425
2346 0.009064
2347 0.010970
2348 0.010034
2349 0.008270
2350 0.006933
2351 0.006822
2352 0.008262
2353 0.008938
2354 0.008817
2355 0.007714
2356 0.007278
2357 0.007316
2358 0.008087
2359 0.008269
2360 0.007319
2361 0.006387
2362 0.006071
2363 0.006445
2364 0.006843
2365 0.006450
2366 0.006688
2367 0.006879
2368 0.007574
2369 0.007293
2370 0.006833
2371 0.006890
2372 0.007026
2373 0.007570
2374 0.007553
2375 0.007085
2376 0.006163
2377 0.005143
2378 0.004852
2379 0.005268
2380 0.005559
2381 0.005410
2382 0.004964
2383 0.005229
2384 0.005346
2385 0.006246
2386 0.006124
2387 0.005179
2388 0.004834
2389 0.004589
2390 0.006130
2391 0.006474
2392 0.006757
2393 0.006049
2394 0.005171
2395 0.004996
2396 0.004734
2397 0.005051
2398 0.004365
2399 0.004538
2400 0.005079
2401 0.005098
2402 0.005579
2403 0.004659
2404 0.004534
2405 0.005002
2406 0.005188
2407 0.005144
2408 0.004874
2409 0.004926
2410 0.004971
2411 0.004777
2412 0.004823
2413 0.004556
2414 0.004784
2415 0.005194
2416 0.005337
2417 0.004824
2418 0.004038
2419 0.004097
2420 0.004547
2421 0.004971
2422 0.005042
2423 0.004131
2424 0.003992
2425 0.003704
2426 0.004391
2427 0.004789
2428 0.004803
2429 0.005021
2430 0.004897
2431 0.005270
2432 0.004650
2433 0.005002
2434 0.004574
2435 0.005137
2436 0.005010
2437 0.005439
2438 0.005417
2439 0.004954
2440 0.005028
2441 0.005214
2442 0.005754
2443 0.005602
2444 0.004975
2445 0.004633
2446 0.004433
2447 0.004323
2448 0.004249
2449 0.003776
2450 0.003976
2451 0.004291
2452 0.005092
2453 0.005880
2454 0.005790
2455 0.005222
2456 0.004519
2457 0.005197
2458 0.005489
2459 0.005796
2460 0.004903
2461 0.004351
2462 0.004597
2463 0.004593
2464 0.004516
2465 0.004260
2466 0.004328
2467 0.004742
2468 0.005176
2469 0.005124
2470 0.005338
2471 0.004588
2472 0.005200
2473 0.004712
2474 0.005263
2475 0.004443
2476 0.004101
2477 0.003874
2478 0.004116
2479 0.005061
2480 0.005051
2481 0.005223
2482 0.004116
2483 0.004304
2484 0.004507
2485 0.004420
2486 0.004268
2487 0.003373
2488 0.003776
2489 0.003897
2490 0.004679
2491 0.004258
2492 0.004510
2493 0.004294
2494 0.004933
2495 0.005069
2496 0.004744
2497 0.005141
2498 0.005558
2499 0.006408
2500 0.006014
2501 0.004844
2502 0.003863
2503 0.003666
2504 0.004028
2505 0.004792
2506 0.004944
2507 0.004828
2508 0.004707
2509 0.005273
2510 0.005081
2511 0.004920
2512 0.004612
2513 0.004920
2514 0.004878
2515 0.004741
2516 0.004437
2517 0.003756
2518 0.004162
2519 0.004622
2520 0.005442
2521 0.004998
2522 0.005113
2523 0.004477
2524 0.004324
2525 0.003946
2526 0.003561
2527 0.003661
2528 0.003804
2529 0.004525
2530 0.004876
2531 0.005000
2532 0.004308
2533 0.004169
2534 0.004204
2535 0.005320
2536 0.005419
2537 0.005186
2538 0.003974
2539 0.003598
2540 0.003815
2541 0.004193
2542 0.004335
2543 0.003541
2544 0.003767
2545 0.004036
2546 0.004966
2547 0.005067
2548 0.004569
2549 0.005003
2550 0.004918
2551 0.005506
2552 0.004429
2553 0.003808
2554 0.003423
2555 0.003838
2556 0.004147
2557 0.004058
2558 0.004540
2559 0.005287
2560 0.006361
2561 0.006159
2562 0.005293
2563 0.004217
2564 0.004283
2565 0.005023
2566 0.005103
2567 0.004606
2568 0.003914
2569 0.004008
2570 0.003936
2571 0.003946
2572 0.003753
2573 0.004072
2574 0.005195
2575 0.005358
2576 0.005173
2577 0.004397
2578 0.004638
2579 0.004747
2580 0.005381
2581 0.005220
2582 0.005134
2583 0.004254
2584 0.004424
2585 0.004784
2586 0.005041
2587 0.004767
2588 0.004208
2589 0.004354
2590 0.004135
2591 0.005026
2592 0.004962
2593 0.004900
2594 0.004336
2595 0.005059
2596 0.005507
2597 0.006055
2598 0.005482
2599 0.004960
2600 0.004550
2601 0.004545
2602 0.004319
2603 0.003524
2604 0.003924
2605 0.004121
2606 0.005041
2607 0.004558
2608 0.004604
2609 0.004011
2610 0.004203
2611 0.004369
2612 0.003656
2613 0.004072
2614 0.004056
2615 0.004568
2616 0.004652
2617 0.004178
2618 0.004590
2619 0.004499
2620 0.005112
2621 0.004334
2622 0.003920
2623 0.003206
2624 0.003429
2625 0.003467
2626 0.003855
2627 0.003630
2628 0.003959
2629 0.004223
2630 0.005160
2631 0.005267
2632 0.005081
2633 0.004019
2634 0.003741
2635 0.003682
2636 0.003889
2637 0.003883
2638 0.003423
2639 0.002924
2640 0.003035
2641 0.003630
2642 0.004396
2643 0.004532
2644 0.004086
2645 0.004269
2646 0.004257
2647 0.004589
2648 0.003823
2649 0.003466
2650 0.003385
2651 0.003106
2652 0.002767
2653 0.002456
2654 0.002607
2655 0.003103
2656 0.003637
2657 0.003963
2658 0.004022
2659 0.004119
2660 0.004272
2661 0.003825
2662 0.003128
2663 0.002593
2664 0.002695
2665 0.002745
2666 0.002943
2667 0.002750
2668 0.003060
2669 0.003141
2670 0.003589
2671 0.003319
2672 0.003181
2673 0.002963
2674 0.002856
2675 0.003175
2676 0.003248
2677 0.003078
2678 0.002651
2679 0.002617
2680 0.002654
2681 0.003217
2682 0.003008
2683 0.002847
2684 0.002461
2685 0.002350
2686 0.002368
2687 0.002464
2688 0.002389
2689 0.002238
2690 0.002232
2691 0.002320
2692 0.002534
2693 0.002869
2694 0.003251
2695 0.003491
2696 0.003550
2697 0.003557
2698 0.003543
2699 0.002977
2700 0.002672
2701 0.002351
2702 0.002289
2703 0.002164
2704 0.002441
2705 0.002647
2706 0.002925
2707 0.003313
2708 0.003662
2709 0.004052
2710 0.003748
2711 0.003523
2712 0.002890
2713 0.002944
2714 0.002719
2715 0.002862
2716 0.002632
2717 0.002581
2718 0.002778
2719 0.003224
2720 0.003180
2721 0.003150
2722 0.003033
2723 0.003277
2724 0.003500
2725 0.003537
2726 0.003283
2727 0.003020
2728 0.002897
2729 0.003030
2730 0.003128
2731 0.003060
2732 0.003280
2733 0.003420
2734 0.003194
2735 0.002923
2736 0.002422
2737 0.002427
2738 0.003124
2739 0.003496
2740 0.003937
2741 0.003575
2742 0.003571
2743 0.003689
2744 0.004002
2745 0.003844
2746 0.003524
2747 0.002938
2748 0.002877
2749 0.003128
2750 0.003717
2751 0.003723
2752 0.003683
2753 0.003597
2754 0.004004
2755 0.004660
2756 0.004285
2757 0.004061
2758 0.003577
2759 0.003606
2760 0.003814
2761 0.003624
2762 0.003633
2763 0.004094
2764 0.004165
2765 0.004140
2766 0.003757
2767 0.003358
2768 0.003665
2769 0.003792
2770 0.003693
2771 0.003456
2772 0.003206
2773 0.003458
2774 0.003997
2775 0.004305
2776 0.004762
2777 0.004994
2778 0.005395
2779 0.004995
2780 0.005301
2781 0.004848
2782 0.004896
2783 0.003993
2784 0.003584
2785 0.002805
2786 0.002283
2787 0.002367
2788 0.003108
2789 0.003931
2790 0.004668
2791 0.004669
2792 0.004262
2793 0.004643
2794 0.004601
2795 0.004857
2796 0.004499
2797 0.004324
2798 0.003937
2799 0.003371
2800 0.003028
2801 0.003443
2802 0.004270
2803 0.005039
2804 0.005018
2805 0.004884
2806 0.004512
2807 0.004500
2808 0.004670
2809 0.004698
2810 0.004358
2811 0.004055
2812 0.003785
2813 0.004170
2814 0.004140
2815 0.004221
2816 0.004070
2817 0.004721
2818 0.005026
2819 0.004950
2820 0.004559
2821 0.004176
2822 0.003905
2823 0.004277
2824 0.004168
2825 0.003714
2826 0.004035
2827 0.004195
2828 0.004775
2829 0.004698
2830 0.005090
2831 0.004962
2832 0.004822
2833 0.004563
2834 0.004095
2835 0.003913
2836 0.003728
2837 0.003617
2838 0.003742
2839 0.003840
2840 0.004349
2841 0.004376
2842 0.005089
2843 0.005376
2844 0.005524
2845 0.005187
2846 0.004349
2847 0.003734
2848 0.003386
2849 0.003196
2850 0.003083
2851 0.003369
2852 0.003506
2853 0.003819
2854 0.003963
2855 0.004250
2856 0.004199
2857 0.004645
2858 0.004703
2859 0.004982
2860 0.004469
2861 0.004065
2862 0.003327
2863 0.003083
2864 0.002932
2865 0.003029
2866 0.003407
2867 0.003716
2868 0.004036
2869 0.004242
2870 0.003977
2871 0.003874
2872 0.003991
2873 0.004005
2874 0.003964
2875 0.003698
2876 0.003627
2877 0.003716
2878 0.004251
2879 0.004175
2880 0.004330
2881 0.004067
2882 0.004116
2883 0.003475
2884 0.003561
2885 0.003249
2886 0.003130
2887 0.002965
2888 0.002896
2889 0.003008
2890 0.003104
2891 0.003069
2892 0.002805
2893 0.003342
2894 0.003950
2895 0.004620
2896 0.004274
2897 0.004006
2898 0.003568
2899 0.003237
2900 0.002867
2901 0.002776
2902 0.002748
2903 0.003025
2904 0.003081
2905 0.003087
2906 0.003203
2907 0.003352
2908 0.003707
2909 0.003779
2910 0.003524
2911 0.003082
2912 0.002896
2913 0.002726
2914 0.002547
2915 0.002682
2916 0.002788
2917 0.003079
2918 0.003261
2919 0.003185
2920 0.002924
2921 0.002801
2922 0.003276
2923 0.003822
2924 0.004025
2925 0.003894
2926 0.003972
2927 0.003509
2928 0.003419
2929 0.003512
2930 0.003472
2931 0.003051
2932 0.002723
2933 0.002394
2934 0.002469
2935 0.002464
2936 0.002799
2937 0.003323
2938 0.003753
2939 0.003803
2940 0.003729
2941 0.003560
2942 0.003688
2943 0.003422
2944 0.003140
2945 0.002712
2946 0.002619
2947 0.002927
2948 0.003233
2949 0.003451
2950 0.003319
2951 0.003141
2952 0.003278
2953 0.003682
2954 0.003361
2955 0.002998
2956 0.002864
2957 0.003174
2958 0.003728
2959 0.003645
2960 0.003319
2961 0.003045
2962 0.003044
2963 0.003217
2964 0.003177
2965 0.003453
2966 0.003541
2967 0.003367
2968 0.002901
2969 0.002460
2970 0.002203
2971 0.002456
2972 0.002661
2973 0.002718
2974 0.002726
2975 0.002960
2976 0.003489
2977 0.003681
2978 0.003390
2979 0.003263
2980 0.003186
2981 0.002714
2982 0.002413
2983 0.002069
2984 0.002254
2985 0.002578
2986 0.003121
2987 0.003148
2988 0.003350
2989 0.003232
2990 0.003439
2991 0.003252
2992 0.002994
2993 0.002856
2994 0.002783
2995 0.002631
2996 0.002340
2997 0.002335
2998 0.002724
2999 0.003164
3000 0.003407
3001 0.003320
3002 0.003312
3003 0.003316
3004 0.003453
3005 0.003080
3006 0.002631
3007 0.002665
3008 0.002514
3009 0.002682
3010 0.002530
3011 0.002421
3012 0.002360
3013 0.002494
3014 0.002537
3015 0.002569
3016 0.002583
3017 0.002602
3018 0.002533
3019 0.002270
3020 0.002167
3021 0.002443
3022 0.002929
3023 0.003224
3024 0.002902
3025 0.002895
3026 0.002855
3027 0.003525
3028 0.003489
3029 0.003029
3030 0.002475
3031 0.002205
3032 0.002233
3033 0.002326
3034 0.001928
3035 0.001919
3036 0.001730
3037 0.001995
3038 0.002249
3039 0.002776
3040 0.003046
3041 0.003046
3042 0.002672
3043 0.002321
3044 0.002130
3045 0.002036
3046 0.002104
3047 0.002073
3048 0.001932
3049 0.001960
3050 0.001907
3051 0.001966
3052 0.002057
3053 0.002045
3054 0.002486
3055 0.002709
3056 0.002643
3057 0.002447
3058 0.002666
3059 0.002695
3060 0.002866
3061 0.002686
3062 0.002317
3063 0.002233
3064 0.002241
3065 0.002112
3066 0.002290
3067 0.002573
3068 0.002891
3069 0.002997
3070 0.002737
3071 0.002912
3072 0.002938
3073 0.003066
3074 0.002749
3075 0.002426
3076 0.002312
3077 0.002387
3078 0.002501
3079 0.002247
3080 0.001880
3081 0.001970
3082 0.002328
3083 0.002622
3084 0.002637
3085 0.002602
3086 0.002830
3087 0.003076
3088 0.003138
3089 0.003063
3090 0.002883
3091 0.002640
3092 0.002368
3093 0.002016
3094 0.001982
3095 0.002266
3096 0.002970
3097 0.003383
3098 0.003114
3099 0.002837
3100 0.002505
3101 0.002403
3102 0.002452
3103 0.002516
3104 0.002781
3105 0.002988
3106 0.003428
3107 0.003509
3108 0.003416
3109 0.003532
3110 0.003687
3111 0.003687
3112 0.003131
3113 0.002557
3114 0.002422
3115 0.002352
3116 0.002450
3117 0.002565
3118 0.002761
3119 0.003221
3120 0.003594
3121 0.003887
3122 0.003715
3123 0.004103
3124 0.004177
3125 0.003942
3126 0.003611
3127 0.003221
3128 0.002857
3129 0.002696
3130 0.002523
3131 0.002112
3132 0.002322
3133 0.002713
3134 0.003076
3135 0.003048
3136 0.002713
3137 0.002904
3138 0.003582
3139 0.003649
3140 0.003179
3141 0.002473
3142 0.002134
3143 0.001985
3144 0.002092
3145 0.002185
3146 0.002565
3147 0.002847
3148 0.003114
3149 0.002782
3150 0.002793
3151 0.002950
3152 0.003255
3153 0.003290
3154 0.002830
3155 0.002418
3156 0.002077
3157 0.002300
3158 0.002488
3159 0.002441
3160 0.002611
3161 0.002822
3162 0.002985
3163 0.003117
3164 0.002715
3165 0.002693
3166 0.002928
3167 0.003115
3168 0.002871
3169 0.002381
3170 0.002377
3171 0.002746
3172 0.003048
3173 0.003136
3174 0.002790
3175 0.002731
3176 0.002796
3177 0.002788
3178 0.002686
3179 0.002534
3180 0.002388
3181 0.002479
3182 0.002632
3183 0.002967
3184 0.003625
3185 0.003985
3186 0.004337
3187 0.003905
3188 0.003651
3189 0.003672
3190 0.003721
3191 0.003416
3192 0.002908
3193 0.002709
3194 0.002826
3195 0.002875
3196 0.003043
3197 0.003236
3198 0.003296
3199 0.003519
3200 0.003444
3201 0.003399
3202 0.003716
3203 0.003774
3204 0.004328
3205 0.004128
3206 0.004100
3207 0.004061
3208 0.004216
3209 0.004234
3210 0.004120
3211 0.003802
3212 0.003816
3213 0.003932
3214 0.004284
3215 0.004250
3216 0.004051
3217 0.004217
3218 0.004802
3219 0.004791
3220 0.004842
3221 0.004658
3222 0.004576
3223 0.004212
3224 0.003917
3225 0.003391
3226 0.003470
3227 0.003748
3228 0.003741
3229 0.003857
3230 0.003713
3231 0.004460
3232 0.005238
3233 0.005887
3234 0.005446
3235 0.005404
3236 0.005253
3237 0.005571
3238 0.004904
3239 0.004485
3240 0.004188
3241 0.003761
3242 0.003460
3243 0.003170
3244 0.003599
3245 0.004492
3246 0.004589
3247 0.004496
3248 0.004111
3249 0.003963
3250 0.004456
3251 0.004097
3252 0.003766
3253 0.003943
3254 0.004479
3255 0.005289
3256 0.005477
3257 0.004973
3258 0.004145
3259 0.004009
3260 0.004381
3261 0.004677
3262 0.004738
3263 0.004653
3264 0.004546
3265 0.003928
3266 0.003702
3267 0.003758
3268 0.004771
3269 0.005644
3270 0.005445
3271 0.004758
3272 0.004404
3273 0.004248
3274 0.004402
3275 0.004311
3276 0.004676
3277 0.004674
3278 0.004314
3279 0.003685
3280 0.003282
3281 0.003556
3282 0.003906
3283 0.004116
3284 0.004085
3285 0.004003
3286 0.004145
3287 0.004273
3288 0.004339
3289 0.004848
3290 0.004756
3291 0.004728
3292 0.004171
3293 0.003545
3294 0.003285
3295 0.003763
3296 0.004459
3297 0.004748
3298 0.004322
3299 0.003866
3300 0.003645
3301 0.004260
3302 0.005006
3303 0.004854
3304 0.004062
3305 0.003425
3306 0.002865
3307 0.002933
3308 0.003319
3309 0.003994
3310 0.004712
3311 0.004447
3312 0.004225
3313 0.004294
3314 0.004512
3315 0.004743
3316 0.004477
3317 0.004164
3318 0.003905
3319 0.003829
3320 0.003741
3321 0.003252
3322 0.003062
3323 0.003066
3324 0.003497
3325 0.004366
3326 0.004478
3327 0.004333
3328 0.003905
3329 0.003581
3330 0.003284
3331 0.003345
3332 0.003310
3333 0.003919
3334 0.004252
3335 0.003942
3336 0.004254
3337 0.004522
3338 0.005486
3339 0.005891
3340 0.005668
3341 0.005362
3342 0.005013
3343 0.004649
3344 0.004325
3345 0.004119
3346 0.004491
3347 0.004848
3348 0.004910
3349 0.004791
3350 0.004978
3351 0.005294
3352 0.005178
3353 0.004691
3354 0.004378
3355 0.004092
3356 0.004365
3357 0.004835
3358 0.005218
3359 0.005196
3360 0.005705
3361 0.006049
3362 0.005963
3363 0.005158
3364 0.004721
3365 0.005158
3366 0.005311
3367 0.005351
3368 0.004647
3369 0.004372
3370 0.003917
3371 0.003732
3372 0.003458
3373 0.003600
3374 0.003927
3375 0.004589
3376 0.004670
3377 0.004635
3378 0.004511
3379 0.004781
3380 0.004902
3381 0.005149
3382 0.005507
3383 0.006220
3384 0.006019
3385 0.005247
3386 0.004190
3387 0.004371
3388 0.004208
3389 0.004663
3390 0.005072
3391 0.005096
3392 0.005323
3393 0.005504
3394 0.005502
3395 0.005438
3396 0.004765
3397 0.004783
3398 0.004728
3399 0.004658
3400 0.005043
3401 0.005224
3402 0.005155
3403 0.004302
3404 0.003561
3405 0.003743
3406 0.004744
3407 0.005848
3408 0.005657
3409 0.005391
3410 0.004744
3411 0.004641
3412 0.004831
3413 0.004961
3414 0.005826
3415 0.005444
3416 0.005883
3417 0.005553
3418 0.005269
3419 0.005245
3420 0.005096
3421 0.005172
3422 0.004608
3423 0.004120
3424 0.003917
3425 0.004155
3426 0.004540
3427 0.004943
3428 0.005415
3429 0.005534
3430 0.005826
3431 0.005908
3432 0.005164
3433 0.004398
3434 0.004037
3435 0.004142
3436 0.003978
3437 0.004062
3438 0.004227
3439 0.004382
3440 0.004979
3441 0.005186
3442 0.005394
3443 0.006110
3444 0.006124
3445 0.005540
3446 0.004985
3447 0.004505
3448 0.004786
3449 0.005234
3450 0.005786
3451 0.005527
3452 0.005108
3453 0.004829
3454 0.004300
3455 0.003911
3456 0.003991
3457 0.004703
3458 0.004990
3459 0.004989
3460 0.003970
3461 0.003785
3462 0.004667
3463 0.005428
3464 0.006213
3465 0.006872
3466 0.006697
3467 0.006688
3468 0.005988
3469 0.005310
3470 0.005198
3471 0.005054
3472 0.004851
3473 0.004263
3474 0.003613
3475 0.004095
3476 0.004938
3477 0.005460
3478 0.005834
3479 0.005936
3480 0.006369
3481 0.006516
3482 0.005960
3483 0.006010
3484 0.005681
3485 0.005842
3486 0.006207
3487 0.006530
3488 0.006534
3489 0.006470
3490 0.005833
3491 0.005236
3492 0.004708
3493 0.005594
3494 0.006245
3495 0.007255
3496 0.007484
3497 0.007353
3498 0.007051
3499 0.006357
3500 0.005680
3501 0.005413
3502 0.004866
3503 0.004427
3504 0.004732
3505 0.004696
3506 0.005567
3507 0.006412
3508 0.007846
3509 0.007947
3510 0.007216
3511 0.006162
3512 0.005750
3513 0.006132
3514 0.006804
3515 0.007656
3516 0.008507
3517 0.008719
3518 0.008010
3519 0.007149
3520 0.006772
3521 0.007111
3522 0.008852
3523 0.008569
3524 0.006759
3525 0.005111
3526 0.004615
3527 0.005532
3528 0.006718
3529 0.007159
3530 0.007070
3531 0.006947
3532 0.007116
3533 0.008135
3534 0.008642
3535 0.009267
3536 0.009685
3537 0.008756
3538 0.007502
3539 0.006740
3540 0.006624
3541 0.006392
3542 0.006305
3543 0.006657
3544 0.007769
3545 0.008056
3546 0.008207
3547 0.008707
3548 0.008554
3549 0.009287
3550 0.009141
3551 0.008031
3552 0.007101
3553 0.006716
3554 0.007922
3555 0.008750
3556 0.009579
3557 0.010211
3558 0.009835
3559 0.008799
3560 0.008387
3561 0.009576
3562 0.010695
3563 0.011578
3564 0.011132
3565 0.009962
3566 0.009479
3567 0.009322
3568 0.010037
3569 0.010295
3570 0.010035
3571 0.010074
3572 0.009747
3573 0.008920
3574 0.008411
3575 0.009069
3576 0.010305
3577 0.010579
3578 0.010493
3579 0.009686
3580 0.009156
3581 0.008750
3582 0.009071
3583 0.009305
3584 0.011174
3585 0.011493
3586 0.010675
3587 0.009449
3588 0.010668
3589 0.011138
3590 0.011225
3591 0.011226
3592 0.010418
3593 0.010467
3594 0.010810
3595 0.011193
3596 0.012948
3597 0.013236
3598 0.013520
3599 0.012824
3600 0.011156
3601 0.012015
3602 0.011823
3603 0.013229
3604 0.012784
3605 0.012548
3606 0.013323
3607 0.012759
3608 0.012487
3609 0.011757
3610 0.011028
3611 0.012247
3612 0.012660
3613 0.012538
3614 0.012400
3615 0.010799
3616 0.011424
3617 0.010668
3618 0.011774
3619 0.012905
3620 0.013906
3621 0.013914
3622 0.013707
3623 0.012956
3624 0.014887
3625 0.015726
3626 0.016527
3627 0.015340
3628 0.012847
3629 0.010906
3630 0.010394
3631 0.010988
3632 0.012626
3633 0.015534
3634 0.018814
3635 0.018963
3636 0.015992
3637 0.014375
3638 0.013186
3639 0.013350
3640 0.015394
3641 0.017532
3642 0.016980
3643 0.016718
3644 0.015947
3645 0.017136
3646 0.016904
3647 0.018902
3648 0.018860
3649 0.018070
3650 0.016365
3651 0.014801
3652 0.014799
3653 0.016033
3654 0.019588
3655 0.021299
3656 0.019910
3657 0.017384
3658 0.015602
3659 0.017329
3660 0.019003
3661 0.019611
3662 0.017366
3663 0.015283
3664 0.015068
3665 0.016793
3666 0.019110
3667 0.019172
3668 0.020575
3669 0.022024
3670 0.022422
3671 0.019562
3672 0.016350
3673 0.017053
3674 0.017197
3675 0.016915
3676 0.016450
3677 0.016312
3678 0.018773
3679 0.017854
3680 0.017624
3681 0.017433
3682 0.017027
3683 0.016200
3684 0.015352
3685 0.013230
3686 0.013277
3687 0.014098
3688 0.015497
3689 0.016430
3690 0.017751
3691 0.018333
3692 0.019425
3693 0.018854
3694 0.019699
3695 0.020262
3696 0.019556
3697 0.018379
3698 0.015901
3699 0.014584
3700 0.015174
3701 0.015148
3702 0.015456
3703 0.014249
3704 0.013726
3705 0.014827
3706 0.015316
3707 0.016172
3708 0.017233
3709 0.017659
3710 0.016700
3711 0.016809
3712 0.014713
3713 0.016018
3714 0.018189
3715 0.020839
3716 0.020681
3717 0.019306
3718 0.018867
3719 0.019550
3720 0.018987
3721 0.019362
3722 0.019962
3723 0.019990
3724 0.017116
3725 0.016194
3726 0.016331
3727 0.018963
3728 0.020718
3729 0.022425
3730 0.019835
3731 0.019980
3732 0.020055
3733 0.024463
3734 0.026579
3735 0.026369
3736 0.023946
3737 0.021178
3738 0.018532
3739 0.019280
3740 0.020009
3741 0.020670
3742 0.020551
3743 0.020951
3744 0.020132
3745 0.020678
3746 0.021946
3747 0.026194
3748 0.027677
3749 0.027875
3750 0.028069
3751 0.024579
3752 0.023322
3753 0.024496
3754 0.025478
3755 0.026909
3756 0.024038
3757 0.026308
3758 0.026135
3759 0.024849
3760 0.022184
3761 0.020686
3762 0.020911
3763 0.020864
3764 0.021426
3765 0.022838
3766 0.024962
3767 0.027160
3768 0.028477
3769 0.026364
3770 0.026746
3771 0.025808
3772 0.027851
3773 0.028308
3774 0.025542
3775 0.025387
3776 0.027307
3777 0.028670
3778 0.029465
3779 0.027892
3780 0.029801
3781 0.027423
3782 0.025806
3783 0.022801
3784 0.023070
3785 0.025987
3786 0.026614
3787 0.025070
3788 0.021377
3789 0.020184
3790 0.019532
3791 0.019267
3792 0.022868
3793 0.024604
3794 0.028295
3795 0.030323
3796 0.027638
3797 0.026271
3798 0.024472
3799 0.024615
3800 0.023885
3801 0.024728
3802 0.025447
3803 0.025382
3804 0.027017
3805 0.027637
3806 0.030465
3807 0.029054
3808 0.027600
3809 0.026009
3810 0.021711
3811 0.020560
3812 0.021323
3813 0.024355
3814 0.024826
3815 0.025192
3816 0.022009
3817 0.019978
3818 0.019044
3819 0.020499
3820 0.021645
3821 0.024396
3822 0.026595
3823 0.027537
3824 0.027038
3825 0.025336
3826 0.022758
3827 0.021714
3828 0.021878
3829 0.023324
3830 0.024400
3831 0.027599
3832 0.027122
3833 0.028646
3834 0.026112
3835 0.023127
3836 0.018005
3837 0.015549
3838 0.016676
3839 0.019069
3840 0.020520
3841 0.024387
3842 0.025138
3843 0.023899
3844 0.021063
3845 0.018745
3846 0.019397
3847 0.021268
3848 0.021365
3849 0.021160
3850 0.017400
3851 0.017145
3852 0.016892
3853 0.017295
3854 0.017713
3855 0.016956
3856 0.018427
3857 0.020424
3858 0.021287
3859 0.020744
3860 0.018717
3861 0.016757
3862 0.016098
3863 0.016656
3864 0.016068
3865 0.015666
3866 0.014910
3867 0.014559
3868 0.015190
3869 0.017191
3870 0.019172
3871 0.018675
3872 0.017695
3873 0.015445
3874 0.015118
3875 0.016152
3876 0.016269
3877 0.016645
3878 0.016595
3879 0.017343
3880 0.017630
3881 0.016979
3882 0.014440
3883 0.013827
3884 0.013798
3885 0.014121
3886 0.014468
3887 0.014170
3888 0.016066
3889 0.016651
3890 0.016384
3891 0.017217
3892 0.018311
3893 0.018397
3894 0.016258
3895 0.014476
3896 0.014222
3897 0.014073
3898 0.014566
3899 0.014690
3900 0.014902
3901 0.014493
3902 0.012968
3903 0.011561
3904 0.010533
3905 0.011008
3906 0.013660
3907 0.015756
3908 0.017113
3909 0.013691
3910 0.011576
3911 0.010109
3912 0.011083
3913 0.012308
3914 0.013849
3915 0.013890
3916 0.012252
3917 0.012451
3918 0.012303
3919 0.011987
3920 0.012434
3921 0.012062
3922 0.010804
3923 0.010608
3924 0.010884
3925 0.012410
3926 0.012902
3927 0.012575
3928 0.011683
3929 0.011765
3930 0.012139
3931 0.013806
3932 0.013576
3933 0.012558
3934 0.011483
3935 0.011153
3936 0.010152
3937 0.010067
3938 0.009163
3939 0.009937
3940 0.009394
3941 0.010019
3942 0.010324
3943 0.010273
3944 0.009307
3945 0.009250
3946 0.009346
3947 0.009125
3948 0.008164
3949 0.007975
3950 0.008133
3951 0.008946
3952 0.009475
3953 0.009973
3954 0.009782
3955 0.010041
3956 0.010197
3957 0.010024
3958 0.009755
3959 0.010110
3960 0.010353
3961 0.009771
3962 0.008402
3963 0.008203
3964 0.008445
3965 0.008557
3966 0.008759
3967 0.007908
3968 0.006949
3969 0.007700
3970 0.008134
3971 0.008717
3972 0.009156
3973 0.009318
3974 0.009665
3975 0.009711
3976 0.009221
3977 0.008829
3978 0.009556
3979 0.010408
3980 0.010495
3981 0.009821
3982 0.008893
3983 0.007283
3984 0.006439
3985 0.006405
3986 0.007037
3987 0.008405
3988 0.007835
3989 0.008143
3990 0.007617
3991 0.007881
3992 0.007794
3993 0.007784
3994 0.006837
3995 0.006044
3996 0.006053
3997 0.006262
3998 0.006287
3999 0.005939
4000 0.005361
4001 0.005420
4002 0.006234
4003 0.006882
4004 0.008202
4005 0.008118
4006 0.007631
4007 0.006424
4008 0.005575
4009 0.006204
4010 0.006323
4011 0.006129
4012 0.005329
4013 0.004688
4014 0.004550
4015 0.004407
4016 0.004528
4017 0.004496
4018 0.004982
4019 0.005803
4020 0.005883
4021 0.005885
4022 0.005778
4023 0.005796
4024 0.005502
4025 0.005113
4026 0.005204
4027 0.004692
4028 0.004296
4029 0.004221
4030 0.004087
4031 0.003774
4032 0.003727
4033 0.003749
4034 0.003524
4035 0.003158
4036 0.003079
4037 0.003383
4038 0.003869
4039 0.004156
4040 0.004450
4041 0.004164
4042 0.003694
4043 0.003361
4044 0.003382
4045 0.003645
4046 0.003501
4047 0.003260
4048 0.003308
4049 0.003182
4050 0.003039
4051 0.002766
4052 0.002468
4053 0.002484
4054 0.002789
4055 0.003379
4056 0.003485
4057 0.003216
4058 0.003010
4059 0.002732
4060 0.002654
4061 0.002518
4062 0.002496
4063 0.002804
4064 0.003064
4065 0.003471
4066 0.003410
4067 0.003249
4068 0.002713
4069 0.002427
4070 0.002230
4071 0.002226
4072 0.002219
4073 0.002136
4074 0.002080
4075 0.002070
4076 0.002129
4077 0.002308
4078 0.002257
4079 0.002177
4080 0.002081
4081 0.001934
4082 0.002005
4083 0.001953
4084 0.002091
4085 0.001974
4086 0.001836
4087 0.001515
4088 0.001417
4089 0.001691
4090 0.002273
4091 0.002457
4092 0.002309
4093 0.002024
4094 0.001682
4095 0.001602
4096 0.001439
4097 0.001431
4098 0.001288
4099 0.001395
4100 0.001489
4101 0.001421
4102 0.001327
4103 0.001348
4104 0.001410
4105 0.001588
4106 0.001578
4107 0.001623
4108 0.001581
4109 0.001562
4110 0.001571
4111 0.001451
4112 0.001279
4113 0.001098
4114 0.001036
4115 0.001023
4116 0.001080
4117 0.001052
4118 0.001129
4119 0.001076
4120 0.001139
4121 0.001237
4122 0.001388
4123 0.001401
4124 0.001381
4125 0.001288
4126 0.001203
4127 0.001152
4128 0.001388
4129 0.001465
4130 0.001527
4131 0.001519
4132 0.001424
4133 0.001371
4134 0.001274
4135 0.001101
4136 0.000921
4137 0.000981
4138 0.001201
4139 0.001477
4140 0.001468
4141 0.001444
4142 0.001349
4143 0.001389
4144 0.001506
4145 0.001459
4146 0.001388
4147 0.001222
4148 0.001296
4149 0.001395
4150 0.001457
4151 0.001464
4152 0.001268
4153 0.001199
4154 0.001186
4155 0.001279
4156 0.001496
4157 0.001663
4158 0.001649
4159 0.001501
4160 0.001245
4161 0.001110
4162 0.001073
4163 0.001059
4164 0.001010
4165 0.001021
4166 0.001171
4167 0.001459
4168 0.001662
4169 0.001647
4170 0.001542
4171 0.001401
4172 0.001326
4173 0.001204
4174 0.001076
4175 0.001086
4176 0.001145
4177 0.001375
4178 0.001546
4179 0.001409
4180 0.001170
4181 0.000999
4182 0.000931
4183 0.001027
4184 0.001137
4185 0.001228
4186 0.001264
4187 0.001098
4188 0.001057
4189 0.000940
4190 0.000978
4191 0.001031
4192 0.001091
4193 0.001290
4194 0.001376
4195 0.001273
4196 0.001165
4197 0.001002
4198 0.000913
4199 0.000948
4200 0.000988
4201 0.001120
4202 0.001102
4203 0.000972
4204 0.001014
4205 0.000958
4206 0.000983
4207 0.000945
4208 0.000916
4209 0.000878
4210 0.000907
4211 0.001092
4212 0.001144
4213 0.000984
4214 0.000843
4215 0.000837
4216 0.000941
4217 0.001053
4218 0.001109
4219 0.000986
4220 0.000893
4221 0.000875
4222 0.000863
4223 0.000862
4224 0.000820
4225 0.000803
4226 0.000777
4227 0.000763
4228 0.000820
4229 0.001093
4230 0.001206
4231 0.001156
4232 0.001020
4233 0.000859
4234 0.000786
4235 0.000880
4236 0.000955
4237 0.001107
4238 0.001116
4239 0.001128
4240 0.001031
4241 0.000957
4242 0.000877
4243 0.000787
4244 0.000800
4245 0.000845
4246 0.000950
4247 0.001031
4248 0.000950
4249 0.000865
4250 0.000746
4251 0.000760
4252 0.000818
4253 0.000909
4254 0.000995
4255 0.000977
4256 0.001076
4257 0.001109
4258 0.001164
4259 0.001037
4260 0.000898
4261 0.000796
4262 0.000778
4263 0.000936
4264 0.001052
4265 0.001060
4266 0.000889
4267 0.000709
4268 0.000616
4269 0.000653
4270 0.000786
4271 0.000854
4272 0.000926
4273 0.001024
4274 0.001138
4275 0.001202
4276 0.001075
4277 0.000956
4278 0.000888
4279 0.000877
4280 0.000963
4281 0.000987
4282 0.000977
4283 0.000930
4284 0.000903
4285 0.000853
4286 0.000824
4287 0.000806
4288 0.000789
4289 0.000795
4290 0.000863
4291 0.000875
4292 0.000893
4293 0.000788
4294 0.000743
4295 0.000745
4296 0.000803
4297 0.000879
4298 0.000897
4299 0.001025
4300 0.001046
4301 0.001042
4302 0.000906
4303 0.000798
4304 0.000659
4305 0.000596
4306 0.000586
4307 0.000577
4308 0.000679
4309 0.000762
4310 0.000912
4311 0.000769
4312 0.000613
4313 0.000499
4314 0.000546
4315 0.000686
4316 0.000851
4317 0.000894
4318 0.000761
4319 0.000601
4320 0.000533
4321 0.000504
4322 0.000601
4323 0.000660
4324 0.000803
4325 0.000815
4326 0.000711
4327 0.000613
4328 0.000511
4329 0.000454
4330 0.000473
4331 0.000511
4332 0.000553
4333 0.000563
4334 0.000472
4335 0.000408
4336 0.000358
4337 0.000366
4338 0.000408
4339 0.000493
4340 0.000563
4341 0.000539
4342 0.000471
4343 0.000447
4344 0.000440
4345 0.000424
4346 0.000372
4347 0.000390
4348 0.000404
4349 0.000460
4350 0.000483
4351 0.000439
4352 0.000387
4353 0.000341
4354 0.000336
4355 0.000309
4356 0.000325
4357 0.000336
4358 0.000393
4359 0.000454
4360 0.000455
4361 0.000400
4362 0.000350
4363 0.000360
4364 0.000356
4365 0.000341
4366 0.000291
4367 0.000285
4368 0.000283
4369 0.000286
4370 0.000298
4371 0.000277
4372 0.000247
4373 0.000224
4374 0.000227
4375 0.000273
4376 0.000292
4377 0.000291
4378 0.000264
4379 0.000259
4380 0.000291
4381 0.000321
4382 0.000335
4383 0.000285
4384 0.000283
4385 0.000265
4386 0.000283
4387 0.000260
4388 0.000238
4389 0.000232
4390 0.000215
4391 0.000218
4392 0.000215
4393 0.000219
4394 0.000231
4395 0.000249
4396 0.000282
4397 0.000305
4398 0.000308
4399 0.000291
4400 0.000256
4401 0.000211
4402 0.000189
4403 0.000206
4404 0.000243
4405 0.000300
4406 0.000327
4407 0.000280
4408 0.000235
4409 0.000198
4410 0.000182
4411 0.000192
4412 0.000190
4413 0.000195
4414 0.000195
4415 0.000220
4416 0.000232
4417 0.000229
4418 0.000194
4419 0.000205
4420 0.000245
4421 0.000273
4422 0.000292
4423 0.000225
4424 0.000219
4425 0.000225
4426 0.000225
4427 0.000210
4428 0.000190
4429 0.000196
4430 0.000205
4431 0.000220
4432 0.000217
4433 0.000214
4434 0.000194
4435 0.000197
4436 0.000216
4437 0.000223
4438 0.000230
4439 0.000196
4440 0.000189
4441 0.000177
4442 0.000164
4443 0.000165
4444 0.000150
4445 0.000159
4446 0.000171
4447 0.000205
4448 0.000217
4449 0.000211
4450 0.000194
4451 0.000155
4452 0.000151
4453 0.000159
4454 0.000176
4455 0.000173
4456 0.000154
4457 0.000143
4458 0.000146
4459 0.000144
4460 0.000152
4461 0.000146
4462 0.000123
4463 0.000117
4464 0.000132
4465 0.000160
4466 0.000163
4467 0.000151
4468 0.000138
4469 0.000143
4470 0.000156
4471 0.000170
4472 0.000176
4473 0.000160
4474 0.000162
4475 0.000155
4476 0.000151
4477 0.000136
4478 0.000121
4479 0.000099
4480 0.000096
4481 0.000104
4482 0.000116
4483 0.000110
4484 0.000126
4485 0.000139
4486 0.000144
4487 0.000142
4488 0.000134
4489 0.000110
4490 0.000107
4491 0.000122
4492 0.000149
4493 0.000156
4494 0.000154
4495 0.000135
4496 0.000108
4497 0.000085
4498 0.000085
4499 0.000093
4500 0.000109
4501 0.000122
4502 0.000128
4503 0.000124
4504 0.000119
4505 0.000107
4506 0.000105
4507 0.000116
4508 0.000115
4509 0.000116
4510 0.000108
4511 0.000117
4512 0.000113
4513 0.000105
4514 0.000096
4515 0.000096
4516 0.000093
4517 0.000093
4518 0.000101
4519 0.000097
4520 0.000109
4521 0.000118
4522 0.000117
4523 0.000108
4524 0.000102
4525 0.000096
4526 0.000096
4527 0.000095
4528 0.000095
4529 0.000093
4530 0.000082
4531 0.000089
4532 0.000099
4533 0.000103
4534 0.000093
4535 0.000093
4536 0.000098
4537 0.000106
4538 0.000100
4539 0.000091
4540 0.000091
4541 0.000090
4542 0.000087
4543 0.000098
4544 0.000096
4545 0.000080
4546 0.000077
4547 0.000076
4548 0.000086
4549 0.000099
4550 0.000088
4551 0.000085
4552 0.000087
4553 0.000100
4554 0.000104
4555 0.000129
4556 0.000132
4557 0.000136
4558 0.000134
4559 0.000123
4560 0.000109
4561 0.000104
4562 0.000093
4563 0.000098
4564 0.000097
4565 0.000101
4566 0.000086
4567 0.000088
4568 0.000095
4569 0.000110
4570 0.000129
4571 0.000132
4572 0.000121
4573 0.000121
4574 0.000129
4575 0.000135
4576 0.000118
4577 0.000106
4578 0.000100
4579 0.000119
4580 0.000134
4581 0.000139
4582 0.000129
4583 0.000126
4584 0.000125
4585 0.000122
4586 0.000109
4587 0.000102
4588 0.000105
4589 0.000120
4590 0.000132
4591 0.000131
4592 0.000127
4593 0.000151
4594 0.000166
4595 0.000190
4596 0.000167
4597 0.000141
4598 0.000119
4599 0.000120
4600 0.000131
4601 0.000128
4602 0.000134
4603 0.000129
4604 0.000113
4605 0.000110
4606 0.000100
4607 0.000103
4608 0.000123
4609 0.000161
4610 0.000157
4611 0.000134
4612 0.000120
4613 0.000109
4614 0.000114
4615 0.000114
4616 0.000110
4617 0.000120
4618 0.000137
4619 0.000154
4620 0.000145
4621 0.000125
4622 0.000124
4623 0.000124
4624 0.000133
4625 0.000129
4626 0.000118
4627 0.000109
4628 0.000115
4629 0.000118
4630 0.000118
4631 0.000124
4632 0.000127
4633 0.000138
4634 0.000149
4635 0.000139
4636 0.000118
4637 0.000097
4638 0.000096
4639 0.000130
4640 0.000144
4641 0.000138
4642 0.000114
4643 0.000107
4644 0.000113
4645 0.000132
4646 0.000140
4647 0.000121
4648 0.000106
4649 0.000097
4650 0.000108
4651 0.000104
4652 0.000117
4653 0.000122
4654 0.000122
4655 0.000122
4656 0.000116
4657 0.000114
4658 0.000111
4659 0.000106
4660 0.000113
4661 0.000125
4662 0.000125
4663 0.000124
4664 0.000116
4665 0.000108
4666 0.000121
4667 0.000123
4668 0.000129
4669 0.000127
4670 0.000127
4671 0.000121
4672 0.000108
4673 0.000098
4674 0.000092
4675 0.000087
4676 0.000080
4677 0.000078
4678 0.000091
4679 0.000110
4680 0.000121
4681 0.000123
4682 0.000108
4683 0.000102
4684 0.000101
4685 0.000110
4686 0.000117
4687 0.000120
4688 0.000121
4689 0.000108
4690 0.000094
4691 0.000074
4692 0.000072
4693 0.000075
4694 0.000100
4695 0.000126
4696 0.000123
4697 0.000107
4698 0.000099
4699 0.000090
4700 0.000100
4701 0.000109
4702 0.000133
4703 0.000149
4704 0.000146
4705 0.000125
4706 0.000107
4707 0.000099
4708 0.000097
4709 0.000103
4710 0.000116
4711 0.000099
4712 0.000084
4713 0.000078
4714 0.000085
4715 0.000111
4716 0.000121
4717 0.000135
4718 0.000129
4719 0.000132
4720 0.000119
4721 0.000117
4722 0.000124
4723 0.000130
4724 0.000138
4725 0.000121
4726 0.000120
4727 0.000119
4728 0.000126
4729 0.000123
4730 0.000121
4731 0.000132
4732 0.000146
4733 0.000155
4734 0.000148
4735 0.000132
4736 0.000117
4737 0.000107
4738 0.000115
4739 0.000112
4740 0.000125
4741 0.000113
4742 0.000126
4743 0.000133
4744 0.000146
4745 0.000135
4746 0.000117
4747 0.000107
4748 0.000109
4749 0.000126
4750 0.000141
4751 0.000158
4752 0.000157
4753 0.000147
4754 0.000148
4755 0.000140
4756 0.000120
4757 0.000099
4758 0.000099
4759 0.000104
4760 0.000109
4761 0.000101
4762 0.000102
4763 0.000098
4764 0.000097
4765 0.000104
4766 0.000116
4767 0.000140
4768 0.000152
4769 0.000144
4770 0.000127
4771 0.000132
4772 0.000126
4773 0.000127
4774 0.000119
4775 0.000111
4776 0.000106
4777 0.000106
4778 0.000090
4779 0.000095
4780 0.000100
4781 0.000116
4782 0.000125
4783 0.000116
4784 0.000111
4785 0.000104
4786 0.000105
4787 0.000116
4788 0.000124
4789 0.000127
4790 0.000125
4791 0.000115
4792 0.000099
4793 0.000094
4794 0.000091
4795 0.000095
4796 0.000102
4797 0.000109
4798 0.000100
4799 0.000088
4800 0.000080
4801 0.000084
4802 0.000098
4803 0.000112
4804 0.000111
4805 0.000098
4806 0.000090
4807 0.000099
4808 0.000098
4809 0.000100
4810 0.000095
4811 0.000095
4812 0.000099
4813 0.000081
4814 0.000077
4815 0.000071
4816 0.000085
4817 0.000096
4818 0.000113
4819 0.000106
4820 0.000100
4821 0.000084
4822 0.000076
4823 0.000081
4824 0.000089
4825 0.000096
4826 0.000090
4827 0.000093
4828 0.000094
4829 0.000093
4830 0.000101
4831 0.000090
4832 0.000083
4833 0.000080
4834 0.000087
4835 0.000093
4836 0.000099
4837 0.000099
4838 0.000095
4839 0.000089
4840 0.000103
4841 0.000108
4842 0.000101
4843 0.000087
4844 0.000077
4845 0.000076
4846 0.000076
4847 0.000082
4848 0.000079
4849 0.000073
4850 0.000068
4851 0.000080
4852 0.000089
4853 0.000103
4854 0.000100
4855 0.000101
4856 0.000098
4857 0.000099
4858 0.000091
4859 0.000087
4860 0.000091
4861 0.000080
4862 0.000074
4863 0.000065
4864 0.000062
4865 0.000062
4866 0.000066
4867 0.000069
4868 0.000067
4869 0.000072
4870 0.000070
4871 0.000075
4872 0.000083
4873 0.000091
4874 0.000084
4875 0.000075
4876 0.000074
4877 0.000069
4878 0.000068
4879 0.000067
4880 0.000072
4881 0.000078
4882 0.000074
4883 0.000063
4884 0.000054
4885 0.000050
4886 0.000052
4887 0.000064
4888 0.000066
4889 0.000070
4890 0.000062
4891 0.000069
4892 0.000072
4893 0.000075
4894 0.000076
4895 0.000077
4896 0.000076
4897 0.000072
4898 0.000065
4899 0.000059
4900 0.000063
4901 0.000064
4902 0.000060
4903 0.000053
4904 0.000051
4905 0.000053
4906 0.000055
4907 0.000056
4908 0.000057
4909 0.000060
4910 0.000058
4911 0.000058
4912 0.000052
4913 0.000052
4914 0.000048
4915 0.000050
4916 0.000059
4917 0.000064
4918 0.000064
4919 0.000059
4920 0.000055
4921 0.000056
4922 0.000056
4923 0.000047
4924 0.000042
4925 0.000048
4926 0.000059
4927 0.000065
4928 0.000061
4929 0.000049
4930 0.000048
4931 0.000047
4932 0.000051
4933 0.000049
4934 0.000048
4935 0.000045
4936 0.000051
4937 0.000053
4938 0.000050
4939 0.000045
4940 0.000042
4941 0.000050
4942 0.000055
4943 0.000058
4944 0.000053
4945 0.000047
4946 0.000043
4947 0.000044
4948 0.000050
4949 0.000043
4950 0.000041
4951 0.000039
4952 0.000036
4953 0.000036
4954 0.000037
4955 0.000038
4956 0.000045
4957 0.000056
4958 0.000059
4959 0.000047
4960 0.000038
4961 0.000036
4962 0.000043
4963 0.000047
4964 0.000049
4965 0.000051
4966 0.000043
4967 0.000041
4968 0.000038
4969 0.000034
4970 0.000033
4971 0.000038
4972 0.000039
4973 0.000035
4974 0.000032
4975 0.000026
4976 0.000028
4977 0.000031
4978 0.000035
4979 0.000036
4980 0.000036
4981 0.000030
4982 0.000031
4983 0.000033
4984 0.000034
4985 0.000035
4986 0.000031
4987 0.000034
4988 0.000030
4989 0.000028
4990 0.000023
4991 0.000020
4992 0.000026
4993 0.000031
4994 0.000031
4995 0.000026
4996 0.000023
4997 0.000025
4998 0.000029
4999 0.000029
