#ite residual of mtx/s3rmq4m1.mtx
1 2.094483
2 4.780472
3 3.885072
4 4.471502
5 4.754326
6 4.067272
7 3.880172
8 4.809794
9 4.438095
10 4.018924
11 5.320682
12 4.790527
13 4.206810
14 3.796475
15 3.629116
16 3.951011
17 4.455901
18 4.232632
19 4.908928
20 5.455130
21 5.123774
22 4.774260
23 4.764816
24 4.582554
25 4.936915
26 4.555826
27 4.732497
28 5.306355
29 5.796973
30 6.330407
31 6.673316
32 6.024311
33 6.077159
34 5.202564
35 5.331687
36 5.558240
37 6.642568
38 6.877579
39 6.961886
40 6.934377
41 7.588382
42 7.269544
43 7.583647
44 8.335835
45 8.680486
46 8.115274
47 8.028629
48 8.094236
49 7.330529
50 7.221570
51 8.181592
52 8.451531
53 9.187869
54 9.365990
55 9.017683
56 8.620952
57 8.493927
58 9.013500
59 9.692642
60 10.560394
61 11.496752
62 11.867822
63 11.659480
64 12.779878
65 13.055367
66 12.930493
67 13.093442
68 12.067093
69 11.978521
70 12.588782
71 12.949557
72 16.217328
73 16.194464
74 18.347217
75 18.395074
76 21.029575
77 23.706493
78 26.603357
79 26.006998
80 26.770736
81 24.835211
82 24.021721
83 22.495660
84 23.886940
85 24.150848
86 26.027113
87 28.938470
88 32.109990
89 33.223992
90 36.374968
91 34.687673
92 38.972503
93 37.184366
94 40.203453
95 41.927958
96 45.312739
97 42.879411
98 38.916926
99 37.571709
100 40.606242
101 38.946652
102 36.278776
103 34.885616
104 36.999741
105 35.277389
106 32.691447
107 31.264843
108 27.477373
109 29.245927
110 28.302942
111 31.206307
112 29.259613
113 29.826613
114 28.641275
115 29.291155
116 30.396164
117 30.533903
118 28.855655
119 26.262708
120 23.681524
121 23.828511
122 24.349114
123 25.095429
124 24.464585
125 24.564828
126 25.497195
127 24.691125
128 23.746050
129 22.665697
130 21.251802
131 19.553644
132 19.056597
133 19.398630
134 20.181078
135 21.646899
136 23.505526
137 25.236110
138 27.877033
139 32.121522
140 30.027243
141 31.508892
142 31.533926
143 33.053746
144 33.904751
145 33.618813
146 29.246181
147 29.663725
148 31.299282
149 31.911325
150 32.081284
151 32.011572
152 34.508119
153 34.714699
154 33.173410
155 35.643268
156 37.330329
157 36.618432
158 37.213458
159 37.835555
160 36.814190
161 38.117864
162 38.617142
163 38.390819
164 36.650949
165 36.067213
166 39.047805
167 39.057552
168 34.780748
169 33.297778
170 32.887994
171 34.071116
172 33.289663
173 34.789189
174 32.945842
175 33.226892
176 32.112060
177 32.848197
178 32.631678
179 32.492548
180 33.368770
181 33.336158
182 32.018110
183 30.389583
184 29.261505
185 28.941378
186 27.149570
187 25.828419
188 26.286492
189 24.673155
190 24.557774
191 25.515191
192 25.924188
193 27.606055
194 31.435834
195 33.433071
196 31.300516
197 29.112695
198 28.613882
199 30.924588
200 34.592296
201 35.603116
202 36.715773
203 36.095455
204 40.329872
205 42.056547
206 39.960339
207 39.523549
208 36.604888
209 35.026360
210 33.597318
211 32.918834
212 33.063332
213 31.113712
214 30.438382
215 30.378059
216 30.531552
217 31.372083
218 32.720631
219 33.516321
220 36.142775
221 39.012465
222 41.106357
223 39.480676
224 41.041905
225 44.632899
226 45.863060
227 46.596695
228 48.060349
229 45.788038
230 43.787426
231 40.018028
232 39.129930
233 40.635588
234 40.924311
235 41.202028
236 37.994660
237 36.190574
238 35.880046
239 35.311918
240 35.159252
241 33.728233
242 31.733206
243 31.974956
244 32.273974
245 33.590480
246 32.448760
247 32.762922
248 32.710966
249 35.625360
250 36.697793
251 37.016172
252 35.565709
253 34.264979
254 37.244949
255 37.640199
256 37.202281
257 33.683634
258 30.003863
259 28.369596
260 29.812158
261 31.319904
262 34.026685
263 33.668485
264 34.835363
265 34.591871
266 34.953023
267 33.919834
268 33.156968
269 32.290416
270 30.713543
271 30.767086
272 30.836488
273 31.577652
274 28.850384
275 29.462857
276 29.976729
277 30.059936
278 30.705699
279 30.392211
280 31.965649
281 33.198493
282 33.377092
283 33.823033
284 34.723603
285 35.165841
286 38.632465
287 39.574535
288 39.410841
289 40.418454
290 42.008737
291 45.718011
292 48.239668
293 51.660591
294 51.310857
295 51.309294
296 49.369952
297 49.009296
298 48.692939
299 44.081938
300 40.650592
301 39.551560
302 42.745240
303 44.107466
304 43.948461
305 42.571165
306 40.408098
307 39.553423
308 39.773386
309 38.999322
310 37.057720
311 34.826516
312 33.755854
313 34.423152
314 36.374215
315 36.092860
316 36.989035
317 37.246017
318 37.438925
319 38.774678
320 40.590498
321 42.070192
322 42.203734
323 44.868809
324 44.359623
325 41.801436
326 38.900762
327 36.375920
328 32.369750
329 33.326100
330 33.430729
331 34.709810
332 34.523545
333 34.434688
334 33.331744
335 33.131521
336 31.108305
337 31.511470
338 32.125026
339 35.219337
340 36.138054
341 35.801507
342 36.206327
343 36.836462
344 37.764977
345 36.158209
346 37.269100
347 35.995818
348 36.751348
349 37.214493
350 36.930918
351 36.399815
352 38.166946
353 40.995507
354 41.677160
355 38.909361
356 40.591858
357 41.458286
358 41.377633
359 42.560295
360 45.842027
361 46.465303
362 45.402243
363 45.145908
364 42.850457
365 42.673830
366 42.774870
367 39.754563
368 39.115505
369 41.112133
370 43.596534
371 40.994116
372 40.365873
373 41.066312
374 39.482295
375 40.401746
376 38.897422
377 39.381687
378 37.681512
379 38.508611
380 39.648537
381 38.799136
382 36.997385
383 34.478418
384 34.359789
385 35.272597
386 37.495743
387 36.689227
388 35.479571
389 37.558681
390 41.330690
391 42.998943
392 40.357430
393 43.833171
394 47.136327
395 45.732227
396 47.111205
397 46.218935
398 45.875261
399 50.466536
400 50.209022
401 49.132809
402 43.195938
403 40.141560
404 35.877981
405 35.991992
406 36.693177
407 37.913169
408 37.978855
409 39.093065
410 37.757010
411 36.334560
412 39.979018
413 42.694316
414 44.030007
415 42.245108
416 39.288388
417 37.382554
418 37.098787
419 38.029152
420 39.274828
421 37.606240
422 34.361534
423 32.263788
424 33.072596
425 33.229507
426 34.350247
427 36.062568
428 36.826244
429 38.345097
430 39.684312
431 41.091396
432 40.239926
433 43.297294
434 46.454445
435 47.217444
436 46.171046
437 46.173728
438 43.258125
439 42.051477
440 40.800206
441 43.680183
442 43.140127
443 42.953222
444 42.172732
445 42.741458
446 43.801315
447 47.687690
448 46.498164
449 47.605749
450 44.666165
451 43.287092
452 41.494593
453 40.091222
454 38.644797
455 38.656386
456 37.347596
457 39.343314
458 39.891821
459 40.010894
460 39.899970
461 40.966430
462 43.313797
463 43.203123
464 42.484090
465 41.521454
466 39.301118
467 39.927583
468 43.354997
469 44.375211
470 41.670429
471 40.759644
472 41.911619
473 41.774085
474 41.740896
475 40.371649
476 39.930651
477 36.624551
478 36.274258
479 38.354889
480 39.193829
481 41.331828
482 42.594324
483 40.192811
484 40.018402
485 41.338155
486 43.709605
487 44.337316
488 44.702034
489 44.238418
490 40.774927
491 37.081294
492 34.677144
493 35.781423
494 36.021429
495 37.910044
496 38.078234
497 41.495212
498 45.723418
499 49.011825
500 52.938770
501 50.250443
502 47.120242
503 46.437620
504 47.146539
505 48.310719
506 45.102643
507 46.377915
508 47.642645
509 47.435483
510 47.454255
511 44.356114
512 42.731102
513 46.521072
514 49.509027
515 48.131136
516 43.147889
517 42.283057
518 41.832812
519 40.975480
520 40.455847
521 40.004925
522 44.341767
523 43.170961
524 45.501137
525 48.045253
526 48.931159
527 51.782258
528 51.124761
529 47.615646
530 44.234310
531 40.983049
532 40.205661
533 38.807521
534 38.713644
535 37.865368
536 40.690976
537 41.994733
538 38.759697
539 35.066495
540 33.463658
541 32.554913
542 34.170410
543 34.900832
544 37.298605
545 39.939093
546 41.983439
547 40.613839
548 40.808363
549 42.562565
550 46.476203
551 48.085874
552 47.940633
553 48.675234
554 46.538724
555 44.652865
556 44.648012
557 43.619080
558 43.537055
559 43.016672
560 44.390059
561 44.637484
562 44.060014
563 44.184290
564 41.418869
565 39.488870
566 40.963077
567 40.355589
568 38.572704
569 35.207990
570 33.473713
571 35.687259
572 39.096457
573 39.695999
574 39.170473
575 39.015922
576 37.670786
577 39.993195
578 40.777784
579 41.406785
580 39.560445
581 40.114013
582 39.266255
583 39.644696
584 38.267862
585 36.826479
586 36.159938
587 36.446378
588 39.167488
589 40.027589
590 40.489640
591 38.145986
592 38.124040
593 37.632415
594 40.082416
595 43.193320
596 47.170713
597 49.180541
598 49.187739
599 51.889301
600 55.781299
601 53.035740
602 50.835824
603 49.126422
604 50.593104
605 50.134944
606 48.668900
607 47.046853
608 46.687701
609 46.906590
610 48.748523
611 49.393816
612 50.051097
613 46.340856
614 44.934056
615 50.221304
616 52.679583
617 52.460712
618 51.886174
619 50.475822
620 48.785108
621 46.420745
622 46.821700
623 49.524198
624 51.385435
625 51.255944
626 53.418749
627 54.925469
628 55.804655
629 54.499897
630 54.153757
631 56.728823
632 55.443916
633 54.779869
634 58.718117
635 62.207670
636 65.015522
637 63.601055
638 58.839596
639 58.539642
640 59.287295
641 59.620292
642 57.774723
643 52.928352
644 49.923475
645 49.358492
646 51.173545
647 55.944026
648 57.257228
649 57.043815
650 55.150685
651 54.278590
652 54.364498
653 54.551041
654 54.639048
655 52.272631
656 52.491597
657 51.247570
658 45.917742
659 43.360538
660 43.088452
661 43.488104
662 45.659635
663 47.394817
664 51.962701
665 53.366353
666 49.923548
667 45.746101
668 44.066194
669 41.798508
670 41.702942
671 40.675266
672 38.838590
673 36.193280
674 37.020755
675 38.211484
676 41.663529
677 43.328711
678 42.240764
679 42.634639
680 44.557951
681 41.012147
682 39.354424
683 37.230827
684 37.378848
685 36.855688
686 37.041026
687 36.486828
688 34.610356
689 32.919069
690 33.256021
691 32.356828
692 29.729448
693 27.917801
694 27.472201
695 27.823384
696 28.438164
697 28.807300
698 28.359764
699 28.465661
700 28.798216
701 29.567625
702 29.695206
703 30.481630
704 31.219358
705 31.583663
706 31.154525
707 32.160229
708 31.986419
709 31.450246
710 30.701324
711 32.217858
712 30.273058
713 31.177181
714 29.287757
715 29.482179
716 27.946076
717 28.231237
718 29.599243
719 30.795619
720 30.896808
721 31.023361
722 31.895423
723 32.620655
724 32.353211
725 32.727476
726 33.332580
727 34.635405
728 35.888635
729 35.909939
730 35.538006
731 34.580391
732 35.369058
733 36.597588
734 37.536944
735 37.766173
736 39.435258
737 40.227580
738 41.829327
739 43.703005
740 46.529002
741 44.434168
742 43.295260
743 39.760573
744 37.883472
745 35.578704
746 36.117773
747 36.794450
748 38.759941
749 39.647641
750 40.865796
751 41.481048
752 44.181097
753 45.360215
754 44.520376
755 45.484300
756 45.982537
757 45.802215
758 46.335611
759 45.440186
760 48.985965
761 50.056616
762 56.193368
763 59.070493
764 60.229750
765 59.498036
766 63.311965
767 66.289152
768 68.467897
769 71.753944
770 71.988382
771 70.838448
772 74.355794
773 75.985834
774 75.146319
775 78.936182
776 87.313534
777 90.362254
778 87.798063
779 85.886416
780 85.483103
781 86.408345
782 87.146303
783 79.560249
784 77.039296
785 73.329053
786 76.158856
787 80.099197
788 83.073305
789 80.879526
790 76.685888
791 80.087472
792 84.070044
793 88.693749
794 93.639653
795 92.926406
796 89.002117
797 81.215196
798 74.351814
799 71.649162
800 73.421695
801 73.334234
802 74.422054
803 70.716350
804 75.819443
805 79.694806
806 77.370283
807 72.929089
808 72.605164
809 73.171249
810 75.415629
811 75.311663
812 78.134598
813 78.583237
814 81.701536
815 83.050072
816 79.831515
817 76.808320
818 75.288580
819 73.477269
820 71.724848
821 74.745484
822 71.692376
823 70.067202
824 74.750505
825 76.349181
826 75.431764
827 67.375511
828 61.061376
829 60.225244
830 63.299607
831 67.020721
832 64.305070
833 62.264666
834 57.614781
835 55.122529
836 56.638022
837 59.762309
838 61.035526
839 59.653715
840 61.889159
841 59.626398
842 56.645517
843 51.972540
844 50.087214
845 50.453105
846 51.521412
847 53.859056
848 53.505157
849 52.240778
850 47.394518
851 44.830977
852 44.347362
853 44.891990
854 44.531041
855 43.971804
856 44.857888
857 46.723044
858 46.536201
859 43.199648
860 41.767084
861 42.120465
862 42.946736
863 41.407996
864 40.768292
865 40.183449
866 41.290903
867 39.229089
868 41.075316
869 41.439103
870 43.440503
871 42.356704
872 38.553357
873 34.635484
874 34.464227
875 33.522465
876 33.928953
877 35.542941
878 36.204155
879 37.019576
880 37.609089
881 38.057044
882 36.530738
883 35.764331
884 34.926160
885 35.421593
886 36.780590
887 38.867668
888 43.093994
889 43.676297
890 43.138724
891 40.661371
892 39.897916
893 39.523419
894 38.304210
895 37.972793
896 39.088720
897 38.252631
898 37.245723
899 35.199185
900 34.135297
901 34.456165
902 35.657864
903 35.398336
904 33.527506
905 35.523253
906 36.906035
907 39.059422
908 38.716216
909 35.975036
910 33.124927
911 34.315262
912 37.090981
913 37.911133
914 36.273785
915 36.353671
916 36.326403
917 35.013149
918 32.488085
919 32.636706
920 33.877491
921 34.749940
922 34.980250
923 34.119581
924 33.804373
925 33.748106
926 34.931869
927 35.115824
928 36.953916
929 34.770310
930 32.973965
931 30.611209
932 29.960290
933 30.145634
934 31.609008
935 31.913268
936 31.560208
937 30.125697
938 30.336335
939 31.539368
940 32.646833
941 30.484604
942 27.847545
943 27.886212
944 30.361028
945 32.964940
946 33.608491
947 35.008283
948 33.784943
949 32.491552
950 28.997322
951 27.935792
952 27.245672
953 28.274090
954 28.306719
955 26.146203
956 25.018908
957 24.228767
958 25.205213
959 24.526891
960 24.267211
961 23.532631
962 25.177769
963 24.620189
964 24.032213
965 22.347002
966 21.723548
967 22.346710
968 24.041251
969 24.861532
970 24.115830
971 22.137940
972 21.657025
973 22.557476
974 23.587679
975 23.793484
976 22.731052
977 22.230621
978 22.225047
979 22.538658
980 22.042150
981 22.245269
982 22.427153
983 23.829975
984 24.679479
985 26.889340
986 29.005531
987 28.329101
988 29.381266
989 27.636213
990 27.614642
991 25.770520
992 25.950114
993 25.794296
994 27.814620
995 29.636053
996 30.619387
997 33.146933
998 35.754889
999 36.825019
1000 33.916416
1001 31.896092
1002 31.521458
1003 31.065756
1004 33.509755
1005 36.471869
1006 39.219803
1007 41.237130
1008 40.158008
1009 38.527564
1010 35.895444
1011 37.049961
1012 39.674137
1013 40.916709
1014 43.620801
1015 43.483248
1016 40.849164
1017 39.972726
1018 38.413650
1019 42.932696
1020 45.806237
1021 45.259450
1022 41.796105
1023 41.212009
1024 39.992134
1025 43.062908
1026 47.715193
1027 48.908602
1028 46.700290
1029 45.816756
1030 44.147531
1031 46.162717
1032 45.088264
1033 44.813914
1034 44.310783
1035 50.826087
1036 54.605722
1037 54.096738
1038 53.892647
1039 48.339149
1040 50.738795
1041 52.748810
1042 57.579870
1043 60.176181
1044 63.601640
1045 67.505759
1046 68.312410
1047 70.354643
1048 68.340044
1049 67.611424
1050 65.065981
1051 66.171859
1052 68.708348
1053 67.899379
1054 67.967514
1055 71.816945
1056 76.863661
1057 80.097669
1058 78.800197
1059 78.391494
1060 76.169443
1061 79.120041
1062 79.254738
1063 78.366865
1064 75.514063
1065 77.614771
1066 76.586708
1067 72.889505
1068 69.830440
1069 70.353593
1070 74.751874
1071 84.911088
1072 92.104238
1073 93.589498
1074 89.850002
1075 89.663379
1076 96.646975
1077 102.250527
1078 107.836250
1079 99.664500
1080 98.210905
1081 96.723486
1082 100.838740
1083 103.665978
1084 99.392434
1085 101.473783
1086 98.662169
1087 90.939017
1088 87.594264
1089 85.090719
1090 93.466611
1091 104.527954
1092 104.548041
1093 100.117340
1094 97.850298
1095 111.055490
1096 128.198340
1097 139.541413
1098 137.068846
1099 134.348385
1100 128.727689
1101 118.458843
1102 117.275685
1103 125.866375
1104 133.239416
1105 129.360158
1106 123.130684
1107 110.961354
1108 111.239706
1109 116.319692
1110 116.525173
1111 115.409047
1112 117.367217
1113 119.520006
1114 119.031701
1115 119.204120
1116 114.099663
1117 109.927686
1118 106.570737
1119 117.543243
1120 125.371087
1121 128.379644
1122 125.594160
1123 121.229642
1124 122.903509
1125 127.135903
1126 126.520768
1127 118.527914
1128 113.307958
1129 116.070494
1130 128.178248
1131 128.461206
1132 126.140479
1133 125.697430
1134 133.171163
1135 136.231273
1136 136.132755
1137 137.585629
1138 136.204870
1139 132.283907
1140 122.567717
1141 120.607889
1142 121.352245
1143 118.515911
1144 121.172711
1145 123.172006
1146 125.165321
1147 123.456809
1148 130.779316
1149 129.287362
1150 125.398051
1151 116.474697
1152 113.130002
1153 113.255572
1154 110.927698
1155 119.657871
1156 127.485293
1157 137.269948
1158 133.312861
1159 137.038606
1160 131.718366
1161 129.057102
1162 124.594121
1163 113.999957
1164 104.598903
1165 104.751336
1166 112.517499
1167 111.065744
1168 104.002064
1169 99.775639
1170 98.459875
1171 102.432635
1172 102.905580
1173 99.142915
1174 99.691346
1175 105.937204
1176 107.724478
1177 105.960234
1178 103.736387
1179 98.241363
1180 95.519659
1181 87.255780
1182 86.435177
1183 82.253185
1184 82.335284
1185 87.139543
1186 92.210883
1187 97.583717
1188 96.838929
1189 93.211117
1190 83.169573
1191 81.275497
1192 83.155132
1193 82.665500
1194 87.148627
1195 86.825810
1196 87.883733
1197 80.783466
1198 73.401782
1199 70.624098
1200 70.440052
1201 75.132131
1202 74.610145
1203 73.083684
1204 70.086827
1205 70.418204
1206 74.917279
1207 81.824993
1208 85.312857
1209 80.203644
1210 72.652207
1211 69.855720
1212 70.480991
1213 73.390992
1214 69.675082
1215 66.006850
1216 63.047534
1217 61.589360
1218 57.804124
1219 55.710063
1220 59.019344
1221 67.281871
1222 70.860494
1223 73.808412
1224 70.821602
1225 69.449714
1226 70.098116
1227 77.008568
1228 77.610380
1229 76.692642
1230 63.343271
1231 58.578573
1232 57.943462
1233 60.098470
1234 59.802338
1235 59.928167
1236 59.184005
1237 58.439992
1238 58.310367
1239 56.975917
1240 59.291063
1241 60.757395
1242 61.163975
1243 60.139226
1244 59.246243
1245 59.913213
1246 61.971793
1247 61.352911
1248 58.763161
1249 55.140040
1250 51.816726
1251 47.791876
1252 47.856371
1253 45.818486
1254 43.969353
1255 46.805342
1256 50.114742
1257 49.571251
1258 45.392330
1259 46.647355
1260 48.975340
1261 54.986336
1262 57.284124
1263 52.696032
1264 45.101904
1265 44.438224
1266 46.998836
1267 46.322025
1268 43.149241
1269 39.423424
1270 38.766544
1271 41.148885
1272 42.333016
1273 41.704116
1274 41.176471
1275 42.186042
1276 40.952667
1277 44.794481
1278 46.499869
1279 46.665449
1280 47.468642
1281 46.368644
1282 45.428473
1283 45.713876
1284 45.013929
1285 44.938873
1286 43.813115
1287 44.103001
1288 43.878096
1289 41.354877
1290 39.266065
1291 39.953093
1292 41.987214
1293 44.056690
1294 46.084404
1295 46.776688
1296 43.640719
1297 42.480789
1298 42.925013
1299 44.718378
1300 43.593169
1301 43.724594
1302 39.395516
1303 36.492791
1304 35.655950
1305 36.226685
1306 38.462142
1307 37.826147
1308 37.025419
1309 34.884814
1310 35.687630
1311 37.759486
1312 38.888902
1313 39.803247
1314 41.192371
1315 44.584986
1316 45.356905
1317 42.977435
1318 36.547296
1319 31.356888
1320 31.191602
1321 32.547677
1322 33.576584
1323 34.720247
1324 33.283319
1325 33.056851
1326 31.964966
1327 32.252287
1328 34.772463
1329 35.292701
1330 35.055536
1331 33.853255
1332 31.893480
1333 31.618801
1334 30.055799
1335 28.952294
1336 29.429544
1337 30.790676
1338 32.903706
1339 33.542574
1340 31.881359
1341 29.860016
1342 29.449515
1343 31.058596
1344 32.415772
1345 34.970548
1346 35.897396
1347 35.025122
1348 33.695111
1349 32.756343
1350 31.963692
1351 31.484118
1352 32.338597
1353 32.086106
1354 30.958504
1355 28.679968
1356 27.099998
1357 24.977373
1358 24.508153
1359 24.018260
1360 25.435081
1361 26.859130
1362 27.125768
1363 26.390613
1364 25.975978
1365 26.543626
1366 28.189774
1367 30.377727
1368 31.175062
1369 28.766156
1370 26.662295
1371 24.565996
1372 23.300012
1373 23.200651
1374 23.440619
1375 23.547389
1376 23.184754
1377 23.171207
1378 25.533786
1379 29.136195
1380 31.673306
1381 32.283835
1382 31.323730
1383 29.910288
1384 30.630060
1385 29.233224
1386 27.489840
1387 27.031444
1388 25.683326
1389 22.767913
1390 20.955961
1391 20.936653
1392 22.285958
1393 24.390436
1394 28.425793
1395 30.553082
1396 31.460361
1397 28.127532
1398 24.051901
1399 20.744099
1400 20.022924
1401 20.286407
1402 21.941515
1403 22.687701
1404 22.424282
1405 21.738435
1406 21.510371
1407 21.235019
1408 21.994152
1409 20.960657
1410 20.870884
1411 22.283511
1412 23.236385
1413 23.502238
1414 22.247075
1415 21.113189
1416 21.122806
1417 22.226542
1418 21.182865
1419 21.327212
1420 20.590591
1421 20.909689
1422 23.272828
1423 24.205630
1424 23.142683
1425 21.069909
1426 19.698579
1427 20.371998
1428 21.042426
1429 22.361416
1430 24.181392
1431 26.673651
1432 26.489557
1433 25.198133
1434 25.287695
1435 24.431862
1436 25.179532
1437 24.826225
1438 25.346105
1439 24.136400
1440 23.294255
1441 22.326995
1442 21.012709
1443 21.041144
1444 21.089949
1445 22.121484
1446 23.806176
1447 25.593930
1448 24.115206
1449 21.656020
1450 19.639903
1451 21.604373
1452 24.120911
1453 26.788932
1454 25.836338
1455 22.865724
1456 20.647761
1457 19.961539
1458 21.130943
1459 22.259845
1460 23.534080
1461 23.700976
1462 22.884893
1463 21.468906
1464 20.802324
1465 20.591690
1466 20.530002
1467 20.235344
1468 21.535647
1469 21.852633
1470 22.401898
1471 22.323022
1472 23.300873
1473 24.395983
1474 24.075730
1475 23.619587
1476 21.870143
1477 20.739991
1478 20.824277
1479 21.311478
1480 21.580671
1481 20.677827
1482 19.470062
1483 17.779557
1484 17.436278
1485 16.982577
1486 17.740018
1487 18.570572
1488 19.415717
1489 20.135846
1490 19.534405
1491 20.362457
1492 21.001927
1493 23.021055
1494 22.660435
1495 22.248035
1496 21.571258
1497 20.208445
1498 18.165926
1499 16.914764
1500 16.679067
1501 16.860860
1502 17.479270
1503 19.184289
1504 18.860460
1505 17.658111
1506 16.357883
1507 16.326116
1508 17.298839
1509 18.886252
1510 19.924909
1511 21.200018
1512 20.311730
1513 18.103146
1514 17.501472
1515 16.151967
1516 16.353109
1517 18.314427
1518 20.363669
1519 22.695322
1520 21.528689
1521 21.058396
1522 21.576960
1523 21.223538
1524 20.764128
1525 20.696414
1526 20.372355
1527 19.940578
1528 20.354829
1529 20.356663
1530 19.620873
1531 19.901212
1532 21.117836
1533 21.977700
1534 22.652381
1535 20.656739
1536 19.862507
1537 20.327407
1538 23.051567
1539 22.828212
1540 22.140933
1541 21.267692
1542 22.959740
1543 26.188310
1544 28.306185
1545 26.806727
1546 26.059457
1547 24.334662
1548 23.590806
1549 22.379290
1550 21.018309
1551 19.662961
1552 20.887029
1553 20.762131
1554 22.414372
1555 23.115567
1556 24.290293
1557 26.308399
1558 29.032304
1559 30.931703
1560 31.251478
1561 31.632742
1562 31.768582
1563 31.415694
1564 29.956084
1565 27.587271
1566 25.693873
1567 25.744419
1568 27.113962
1569 28.722309
1570 29.375724
1571 27.805915
1572 27.454933
1573 28.395888
1574 29.578153
1575 33.139494
1576 35.382588
1577 37.664530
1578 37.816651
1579 37.378362
1580 36.311638
1581 33.681148
1582 34.213896
1583 33.701105
1584 33.856487
1585 34.605401
1586 34.753875
1587 35.847698
1588 35.182128
1589 32.468537
1590 30.797512
1591 31.669532
1592 35.175503
1593 38.327087
1594 40.314781
1595 38.316907
1596 37.900443
1597 38.386439
1598 40.360347
1599 41.657154
1600 39.389723
1601 34.135892
1602 31.908744
1603 30.950582
1604 33.094460
1605 33.469214
1606 33.565021
1607 36.820854
1608 39.864276
1609 40.212842
1610 37.912360
1611 37.462936
1612 38.918895
1613 42.564387
1614 43.887808
1615 43.756091
1616 41.374578
1617 37.763211
1618 34.135008
1619 32.086484
1620 33.135244
1621 36.654451
1622 38.872095
1623 41.417384
1624 43.889171
1625 41.429031
1626 43.809004
1627 43.738395
1628 42.967130
1629 43.629743
1630 39.807841
1631 38.726084
1632 36.810662
1633 37.053248
1634 37.866208
1635 38.749940
1636 40.493868
1637 37.414731
1638 32.707438
1639 31.919458
1640 33.361337
1641 36.410929
1642 39.761709
1643 41.201150
1644 40.918950
1645 40.883807
1646 40.912484
1647 41.257376
1648 43.410580
1649 44.851589
1650 46.454535
1651 47.298855
1652 43.056153
1653 37.995040
1654 33.120714
1655 34.600623
1656 39.170739
1657 45.330926
1658 45.085913
1659 41.485907
1660 37.784552
1661 35.835094
1662 34.845740
1663 35.588142
1664 39.506449
1665 41.853419
1666 41.416853
1667 43.443127
1668 38.900836
1669 36.948135
1670 38.842995
1671 43.533819
1672 45.825221
1673 45.707958
1674 43.146803
1675 40.251258
1676 39.451406
1677 40.856919
1678 40.965410
1679 44.637884
1680 44.645242
1681 45.205717
1682 44.241401
1683 42.853306
1684 44.531422
1685 43.857510
1686 45.994923
1687 40.817548
1688 37.418195
1689 32.215809
1690 32.261752
1691 39.028090
1692 46.445085
1693 52.256326
1694 51.488208
1695 50.714374
1696 47.290104
1697 45.204267
1698 47.889068
1699 50.559684
1700 57.682758
1701 57.843588
1702 52.312417
1703 42.117509
1704 36.352707
1705 37.078541
1706 41.180246
1707 46.986082
1708 51.205498
1709 53.927556
1710 52.533187
1711 51.753065
1712 53.923661
1713 57.627368
1714 60.735165
1715 57.731962
1716 54.764798
1717 51.673308
1718 55.324575
1719 62.179707
1720 67.004719
1721 70.510479
1722 65.604039
1723 61.073986
1724 61.586217
1725 62.466016
1726 66.547777
1727 69.342378
1728 66.825583
1729 66.780959
1730 62.188725
1731 64.298593
1732 62.089160
1733 66.817619
1734 78.298937
1735 93.326592
1736 93.718181
1737 86.717785
1738 81.033062
1739 75.854269
1740 77.556123
1741 73.887555
1742 71.684590
1743 69.496152
1744 66.989928
1745 64.793113
1746 66.448710
1747 74.332219
1748 90.468923
1749 97.631053
1750 95.758154
1751 82.591809
1752 84.402005
1753 85.070654
1754 93.851152
1755 98.433175
1756 93.969768
1757 90.094269
1758 87.791238
1759 83.011227
1760 77.412981
1761 72.767169
1762 73.751749
1763 83.064752
1764 87.952569
1765 85.635436
1766 74.296565
1767 73.855760
1768 76.042103
1769 91.293960
1770 96.037388
1771 98.924914
1772 88.971594
1773 87.146718
1774 88.491733
1775 92.425081
1776 95.201954
1777 95.256282
1778 83.961482
1779 78.880405
1780 78.120283
1781 82.021316
1782 94.079090
1783 102.829549
1784 107.513268
1785 98.250971
1786 89.668453
1787 80.485307
1788 73.340748
1789 75.543129
1790 81.327880
1791 91.097225
1792 90.790308
1793 85.478051
1794 83.411818
1795 83.623498
1796 85.385317
1797 87.737769
1798 92.968762
1799 91.363173
1800 81.120738
1801 73.290560
1802 76.623895
1803 89.445261
1804 109.842645
1805 115.895121
1806 115.209615
1807 93.516495
1808 84.843832
1809 79.917272
1810 84.239375
1811 93.927034
1812 96.120467
1813 89.851808
1814 75.494937
1815 71.818695
1816 70.807374
1817 80.836576
1818 89.444014
1819 92.504131
1820 90.742953
1821 93.160051
1822 92.664398
1823 92.606997
1824 90.123754
1825 94.039733
1826 91.616652
1827 91.435701
1828 83.115891
1829 78.921633
1830 78.586579
1831 91.212516
1832 106.557158
1833 115.570066
1834 107.354158
1835 91.793215
1836 81.753767
1837 86.309004
1838 93.143807
1839 103.367914
1840 99.310974
1841 92.263662
1842 84.107601
1843 81.840783
1844 85.370045
1845 95.882684
1846 101.916902
1847 96.738599
1848 91.376464
1849 96.778068
1850 103.069767
1851 114.028070
1852 122.461331
1853 119.752112
1854 108.608088
1855 105.916836
1856 102.085338
1857 97.845567
1858 107.208076
1859 122.089996
1860 137.210688
1861 136.454011
1862 116.268508
1863 105.234626
1864 96.804118
1865 99.592620
1866 119.494286
1867 130.149520
1868 141.406428
1869 132.598768
1870 124.650683
1871 126.243957
1872 136.418069
1873 156.360020
1874 154.494891
1875 146.754034
1876 126.586028
1877 123.010146
1878 118.229908
1879 131.261970
1880 141.124917
1881 148.549598
1882 150.558881
1883 147.283774
1884 133.638534
1885 127.514946
1886 122.798250
1887 130.192759
1888 137.873499
1889 151.608626
1890 146.061601
1891 137.884392
1892 133.842663
1893 131.718116
1894 141.904874
1895 155.610237
1896 173.402850
1897 165.754421
1898 146.412397
1899 135.918738
1900 146.692419
1901 154.443153
1902 147.085119
1903 129.812852
1904 112.220769
1905 108.037093
1906 124.975181
1907 153.253705
1908 178.973808
1909 185.934996
1910 177.108781
1911 146.811466
1912 127.546963
1913 113.694686
1914 127.223674
1915 130.866976
1916 149.928192
1917 145.739107
1918 149.647576
1919 146.394463
1920 139.041107
1921 154.182442
1922 161.523191
1923 170.010075
1924 161.514849
1925 141.453584
1926 127.190708
1927 112.480011
1928 115.980180
1929 120.772285
1930 137.911100
1931 146.465118
1932 131.357547
1933 120.740824
1934 121.199355
1935 124.727691
1936 143.463357
1937 171.533207
1938 174.270127
1939 156.535330
1940 134.288875
1941 126.004186
1942 131.249999
1943 144.374341
1944 163.720599
1945 169.405607
1946 168.553759
1947 161.802194
1948 154.524412
1949 144.227033
1950 149.780598
1951 148.469222
1952 181.561886
1953 185.829558
1954 184.082759
1955 174.104531
1956 168.108878
1957 186.700519
1958 194.924727
1959 189.852749
1960 161.056894
1961 146.354026
1962 160.950825
1963 183.248833
1964 199.288987
1965 190.813662
1966 161.394537
1967 135.463963
1968 125.941892
1969 149.477010
1970 167.774948
1971 199.918786
1972 196.768760
1973 189.328992
1974 175.217702
1975 163.263524
1976 149.250772
1977 136.562668
1978 138.559904
1979 164.904809
1980 201.404961
1981 203.802651
1982 179.428514
1983 164.875357
1984 152.261131
1985 159.248443
1986 168.155132
1987 186.849643
1988 193.916805
1989 183.060610
1990 170.692350
1991 157.149222
1992 174.704395
1993 180.902499
1994 180.742680
1995 161.995332
1996 145.350200
1997 142.663039
1998 170.073848
1999 201.845692
2000 203.815120
2001 200.025367
2002 166.165177
2003 157.129595
2004 159.375433
2005 204.352987
2006 247.066953
2007 263.715100
2008 243.311694
2009 196.340820
2010 162.926479
2011 143.572896
2012 135.979701
2013 158.627093
2014 200.426767
2015 254.609868
2016 265.164167
2017 244.211959
2018 197.203394
2019 175.657306
2020 187.320354
2021 224.980242
2022 259.071241
2023 272.286818
2024 251.528726
2025 207.301715
2026 173.422450
2027 167.893357
2028 189.434126
2029 243.189159
2030 269.259057
2031 251.122967
2032 208.323000
2033 181.056995
2034 178.089094
2035 185.866065
2036 199.169615
2037 215.245228
2038 247.792523
2039 283.832407
2040 293.025615
2041 267.385746
2042 217.910460
2043 190.780247
2044 184.997074
2045 198.955668
2046 217.714776
2047 241.926374
2048 264.444097
2049 289.631044
2050 296.897461
2051 270.226919
2052 225.108048
2053 186.884421
2054 192.397419
2055 205.966249
2056 247.529014
2057 265.578119
2058 243.654967
2059 202.237523
2060 174.738709
2061 182.355932
2062 211.173445
2063 263.376488
2064 298.400088
2065 297.178467
2066 275.723516
2067 238.755433
2068 228.300480
2069 214.562708
2070 205.658184
2071 222.779345
2072 265.246522
2073 309.650155
2074 314.989192
2075 280.226256
2076 216.764498
2077 187.567980
2078 190.036536
2079 189.914220
2080 207.390559
2081 226.039628
2082 246.576237
2083 268.844484
2084 267.133757
2085 266.453145
2086 239.159490
2087 226.079259
2088 224.564904
2089 244.127242
2090 279.361355
2091 308.326530
2092 303.348594
2093 272.930471
2094 232.961110
2095 221.488055
2096 223.796665
2097 273.830416
2098 323.222181
2099 350.739282
2100 324.465841
2101 288.393990
2102 258.159916
2103 235.235881
2104 231.832666
2105 234.086504
2106 242.558662
2107 262.305452
2108 280.641717
2109 300.287809
2110 277.387396
2111 251.981778
2112 245.677518
2113 253.493108
2114 280.115919
2115 297.518106
2116 316.019367
2117 312.575965
2118 298.810723
2119 282.628767
2120 247.133972
2121 225.505374
2122 200.345217
2123 208.846091
2124 266.088340
2125 331.957036
2126 340.534793
2127 273.695466
2128 205.884736
2129 194.405065
2130 231.482647
2131 280.230608
2132 312.143235
2133 297.367124
2134 279.475885
2135 259.906813
2136 243.367534
2137 211.451100
2138 189.407553
2139 183.391048
2140 231.353782
2141 295.217824
2142 318.352969
2143 282.826624
2144 243.201369
2145 227.703046
2146 227.197056
2147 230.115867
2148 226.358454
2149 219.807254
2150 245.348661
2151 267.713732
2152 280.144759
2153 237.115823
2154 185.287906
2155 194.266112
2156 234.347490
2157 311.177805
2158 320.789731
2159 304.755879
2160 250.046302
2161 224.491789
2162 210.088719
2163 194.990634
2164 196.051866
2165 208.019934
2166 225.526722
2167 238.026319
2168 244.686725
2169 258.856508
2170 234.093987
2171 222.162971
2172 181.400116
2173 186.759762
2174 192.185023
2175 243.132657
2176 277.037299
2177 281.217609
2178 267.355872
2179 242.193861
2180 235.016169
2181 205.783153
2182 190.694192
2183 188.585199
2184 211.628062
2185 233.494885
2186 228.611613
2187 205.338197
2188 166.694741
2189 140.160820
2190 147.700599
2191 183.850159
2192 251.997937
2193 288.108812
2194 263.097627
2195 238.722708
2196 198.422189
2197 184.989054
2198 172.975955
2199 178.102081
2200 178.710489
2201 181.901244
2202 194.405229
2203 183.825073
2204 169.063602
2205 145.096828
2206 142.561207
2207 156.901411
2208 186.965062
2209 215.239722
2210 218.702538
2211 221.889369
2212 208.509651
2213 203.624687
2214 190.846631
2215 176.060285
2216 184.152570
2217 194.038191
2218 204.052507
2219 213.867982
2220 209.328755
2221 207.753132
2222 168.963595
2223 140.878723
2224 130.098455
2225 168.222920
2226 231.970687
2227 284.618698
2228 278.176184
2229 212.210389
2230 173.370452
2231 160.843209
2232 174.670614
2233 184.554578
2234 199.983348
2235 209.325258
2236 217.599666
2237 230.028848
2238 221.294238
2239 208.038777
2240 201.113125
2241 209.005156
2242 225.074894
2243 257.805523
2244 288.929769
2245 283.300007
2246 271.389043
2247 223.806513
2248 188.942970
2249 174.641780
2250 179.757554
2251 207.120394
2252 218.954616
2253 231.402854
2254 232.426222
2255 210.734040
2256 202.042321
2257 191.752348
2258 197.416478
2259 229.392083
2260 269.527651
2261 307.077550
2262 328.645697
2263 299.704964
2264 266.518190
2265 252.517242
2266 275.951468
2267 246.750458
2268 221.733215
2269 193.253410
2270 204.669018
2271 240.856467
2272 278.782170
2273 294.727950
2274 264.450062
2275 248.008973
2276 248.808620
2277 291.575100
2278 326.443621
2279 328.596362
2280 297.972277
2281 273.406084
2282 272.236222
2283 297.315598
2284 300.490172
2285 267.161340
2286 221.223062
2287 217.907202
2288 244.291592
2289 269.635770
2290 268.532370
2291 285.139073
2292 290.147074
2293 287.899860
2294 265.681478
2295 216.854600
2296 206.183734
2297 220.319080
2298 263.481471
2299 315.323764
2300 304.393917
2301 276.928827
2302 243.768208
2303 229.519600
2304 239.508013
2305 256.948399
2306 262.432615
2307 242.894753
2308 246.818824
2309 259.299218
2310 288.377690
2311 262.660038
2312 239.667377
2313 206.133261
2314 214.703051
2315 237.055340
2316 286.606452
2317 286.126983
2318 272.797086
2319 214.717433
2320 189.537962
2321 181.382990
2322 205.285389
2323 215.806044
2324 238.993931
2325 253.211688
2326 274.552247
2327 323.590187
2328 322.462518
2329 310.900769
2330 273.835448
2331 256.610451
2332 259.509436
2333 247.582015
2334 233.898921
2335 207.813495
2336 204.560264
2337 208.315691
2338 240.277286
2339 265.585508
2340 250.706752
2341 238.592767
2342 227.742419
2343 228.126056
2344 247.799323
2345 251.294484
2346 271.100907
2347 243.525860
2348 268.520488
2349 272.186742
2350 258.980560
2351 246.260910
2352 215.835872
2353 236.562173
2354 250.840523
2355 288.999405
2356 257.423918
2357 229.016063
2358 209.679722
2359 200.552000
2360 224.832968
2361 250.392199
2362 264.315993
2363 243.143628
2364 241.069645
2365 282.515120
2366 294.266591
2367 303.547840
2368 252.885904
2369 232.092619
2370 234.244257
2371 237.872295
2372 235.639152
2373 217.086946
2374 225.097802
2375 218.709991
2376 216.459635
2377 240.079650
2378 248.423445
2379 255.671783
2380 233.876200
2381 244.126582
2382 249.335215
2383 243.240909
2384 247.692030
2385 231.766397
2386 245.806999
2387 252.766997
2388 298.245348
2389 252.945966
2390 215.985671
2391 212.963431
2392 215.873379
2393 231.931945
2394 193.673463
2395 168.350815
2396 195.299442
2397 238.542511
2398 309.818908
2399 295.567431
2400 273.144980
2401 232.704092
2402 251.286106
2403 267.090038
2404 241.831896
2405 231.877138
2406 203.278586
2407 215.994132
2408 217.650900
2409 243.659548
2410 256.109423
2411 232.692597
2412 220.319357
2413 233.679335
2414 249.270100
2415 275.812394
2416 257.676145
2417 252.547312
2418 244.169964
2419 232.940508
2420 220.997987
2421 189.990939
2422 188.569159
2423 200.812109
2424 271.879814
2425 298.583412
2426 288.162278
2427 199.647089
2428 170.391458
2429 182.842945
2430 199.493598
2431 226.261801
2432 198.268174
2433 213.703747
2434 232.377208
2435 270.544034
2436 279.623025
2437 244.966816
2438 259.736063
2439 244.754703
2440 262.839180
2441 218.865283
2442 183.633804
2443 176.201677
2444 184.054434
2445 214.642199
2446 230.653707
2447 257.099140
2448 240.674891
2449 238.716213
2450 246.388475
2451 246.504673
2452 247.829152
2453 227.384297
2454 223.182251
2455 251.492356
2456 253.691501
2457 245.583113
2458 214.182551
2459 224.736930
2460 228.089937
2461 271.576836
2462 264.385137
2463 238.710452
2464 238.500232
2465 229.284548
2466 262.681789
2467 224.275294
2468 205.921410
2469 172.748389
2470 180.201701
2471 204.275420
2472 192.794278
2473 207.104395
2474 208.309955
2475 232.465190
2476 220.649579
2477 210.523997
2478 181.024776
2479 174.852324
2480 177.528142
2481 193.155561
2482 173.814571
2483 163.328227
2484 154.278149
2485 179.022504
2486 195.368069
2487 225.712487
2488 199.364591
2489 158.229390
2490 151.212040
2491 167.139448
2492 189.420120
2493 195.450489
2494 174.830329
2495 157.901335
2496 166.911370
2497 164.208994
2498 158.047999
2499 123.431778
2500 128.867994
2501 148.436713
2502 181.438803
2503 184.017622
2504 149.682184
2505 158.572028
2506 168.897059
2507 163.114479
2508 160.465303
2509 138.634661
2510 150.772945
2511 147.472760
2512 171.851313
2513 155.153988
2514 148.095181
2515 136.019308
2516 138.008554
2517 149.007324
2518 148.449315
2519 142.332808
2520 114.406543
2521 121.768505
2522 115.417304
2523 140.701455
2524 137.229064
2525 142.110130
2526 149.393870
2527 139.802011
2528 143.558062
2529 121.015772
2530 120.079037
2531 115.407215
2532 135.244883
2533 138.186624
2534 126.165135
2535 110.622720
2536 95.353206
2537 105.101545
2538 104.054219
2539 113.556762
2540 108.187972
2541 118.365492
2542 126.581712
2543 122.155654
2544 109.915566
2545 108.025186
2546 125.786353
2547 136.580392
2548 129.974597
2549 104.025229
2550 98.042207
2551 86.228866
2552 96.857100
2553 94.152071
2554 89.804203
2555 89.839440
2556 92.585913
2557 101.149489
2558 100.742472
2559 103.029940
2560 91.631171
2561 96.252835
2562 95.081008
2563 109.594248
2564 95.453172
2565 86.968578
2566 69.355997
2567 73.450575
2568 86.729612
2569 96.130695
2570 88.363079
2571 82.629862
2572 89.345166
2573 100.379275
2574 121.169945
2575 112.815330
2576 115.459449
2577 100.988234
2578 104.634875
2579 86.945918
2580 76.793721
2581 65.567866
2582 68.918074
2583 75.526618
2584 72.790967
2585 70.693825
2586 69.829571
2587 87.824165
2588 94.393501
2589 100.546460
2590 80.409524
2591 79.963418
2592 80.518686
2593 96.040103
2594 103.656008
2595 83.782120
2596 84.822764
2597 74.991640
2598 85.083036
2599 77.883583
2600 83.465606
2601 84.508020
2602 103.556544
2603 106.138562
2604 96.624516
2605 79.300131
2606 71.785239
2607 73.006661
2608 88.809936
2609 94.854548
2610 90.028333
2611 90.091632
2612 89.040595
2613 104.099407
2614 94.398954
2615 94.011521
2616 80.071752
2617 87.743050
2618 84.791568
2619 81.474802
2620 67.370182
2621 62.716971
2622 68.739492
2623 72.800008
2624 83.680230
2625 81.629844
2626 102.654824
2627 103.295599
2628 98.398345
2629 89.755905
2630 72.711880
2631 81.945132
2632 79.922246
2633 94.839839
2634 84.965717
2635 88.724625
2636 78.776228
2637 90.491578
2638 93.980980
2639 111.664658
2640 107.415167
2641 99.354093
2642 96.707164
2643 93.245927
2644 83.150874
2645 73.314626
2646 61.313248
2647 56.244523
2648 59.561155
2649 68.427002
2650 78.084321
2651 69.859256
2652 82.560096
2653 95.313347
2654 115.527785
2655 114.725190
2656 94.274741
2657 78.126857
2658 76.463715
2659 81.113303
2660 88.496053
2661 81.289640
2662 75.730271
2663 81.324222
2664 88.444352
2665 86.478199
2666 70.617179
2667 66.715383
2668 72.060871
2669 76.044608
2670 73.552275
2671 73.103631
2672 74.111780
2673 90.292515
2674 93.720825
2675 98.271078
2676 88.806334
2677 97.840354
2678 97.275677
2679 98.903045
2680 79.636583
2681 71.239080
2682 66.684656
2683 74.584711
2684 82.369942
2685 80.936914
2686 72.694047
2687 71.920574
2688 82.484994
2689 91.086919
2690 93.917322
2691 86.119955
2692 79.894330
2693 84.109944
2694 95.919952
2695 90.212262
2696 87.069463
2697 74.864413
2698 79.679914
2699 75.796014
2700 72.365438
2701 67.528785
2702 63.380660
2703 62.063611
2704 64.166261
2705 63.660871
2706 59.553733
2707 58.810552
2708 65.806739
2709 79.658002
2710 85.578239
2711 75.585917
2712 68.112625
2713 60.867377
2714 65.166849
2715 62.515249
2716 53.662891
2717 52.447090
2718 52.475690
2719 55.735186
2720 56.190499
2721 57.669901
2722 56.231924
2723 62.646173
2724 67.588489
2725 69.571988
2726 66.766705
2727 69.714801
2728 69.168217
2729 55.543269
2730 46.897972
2731 42.220236
2732 46.036531
2733 52.093004
2734 63.165252
2735 65.660323
2736 65.165285
2737 59.869689
2738 58.149712
2739 65.327876
2740 68.867009
2741 65.546108
2742 58.487745
2743 51.432625
2744 54.904255
2745 63.229582
2746 68.683076
2747 71.940492
2748 70.518530
2749 69.916293
2750 68.593131
2751 58.098527
2752 55.025184
2753 53.303518
2754 56.322884
2755 60.669230
2756 57.945484
2757 56.946862
2758 58.866036
2759 66.384052
2760 74.549617
2761 76.221030
2762 74.175799
2763 70.018406
2764 60.850883
2765 59.051491
2766 52.029868
2767 54.842151
2768 60.277092
2769 57.479594
2770 54.718548
2771 48.231213
2772 56.061559
2773 73.012906
2774 89.268524
2775 88.038504
2776 85.611585
2777 78.121186
2778 73.065835
2779 60.922654
2780 52.670093
2781 47.879888
2782 52.328242
2783 56.722418
2784 58.312944
2785 60.748112
2786 68.623491
2787 76.442924
2788 84.310299
2789 83.171948
2790 95.068121
2791 91.658278
2792 96.188001
2793 83.928457
2794 68.551590
2795 69.370290
2796 73.740941
2797 77.185509
2798 73.069399
2799 74.394688
2800 86.672159
2801 98.024544
2802 92.578883
2803 80.225840
2804 71.349877
2805 73.025624
2806 67.894689
2807 69.831749
2808 68.278831
2809 75.591455
2810 88.555132
2811 91.681218
2812 84.526820
2813 80.013347
2814 76.775987
2815 83.373095
2816 81.042337
2817 69.291350
2818 63.349437
2819 59.879094
2820 68.413802
2821 70.271810
2822 77.788100
2823 81.190786
2824 94.779227
2825 89.087026
2826 83.842572
2827 71.927418
2828 76.140235
2829 70.557676
2830 75.748531
2831 63.855908
2832 58.264127
2833 51.690622
2834 56.580389
2835 61.388052
2836 65.735509
2837 70.303570
2838 75.280982
2839 87.928757
2840 87.573505
2841 81.638977
2842 74.503863
2843 70.897485
2844 62.371907
2845 53.100120
2846 45.496064
2847 47.458502
2848 52.730877
2849 65.251972
2850 74.055722
2851 85.090693
2852 84.116851
2853 94.776446
2854 88.514066
2855 84.868962
2856 76.673802
2857 70.611486
2858 63.553465
2859 62.538676
2860 62.212490
2861 65.588077
2862 68.968149
2863 69.650979
2864 68.578832
2865 63.091947
2866 60.940741
2867 59.636999
2868 68.004382
2869 65.569911
2870 66.888822
2871 62.729341
2872 70.411221
2873 74.290584
2874 85.818356
2875 84.711524
2876 80.020373
2877 71.652994
2878 75.162076
2879 74.292558
2880 73.591054
2881 60.665236
2882 57.628310
2883 53.686445
2884 53.783634
2885 56.852803
2886 65.874680
2887 72.407577
2888 76.864422
2889 75.459901
2890 82.714973
2891 89.626210
2892 95.727893
2893 96.908010
2894 87.442552
2895 69.835931
2896 59.157210
2897 49.851881
2898 47.570276
2899 54.319312
2900 58.268109
2901 65.152658
2902 64.070693
2903 67.224156
2904 64.948956
2905 70.246301
2906 69.834275
2907 70.326341
2908 68.542843
2909 65.964142
2910 59.478324
2911 55.268381
2912 59.666124
2913 66.831396
2914 79.298418
2915 76.830722
2916 74.039789
2917 66.777252
2918 68.854321
2919 77.371575
2920 88.357580
2921 87.418604
2922 80.331681
2923 72.854958
2924 69.483967
2925 63.950205
2926 62.517387
2927 60.596152
2928 58.816489
2929 54.059609
2930 58.782018
2931 62.971567
2932 67.785512
2933 62.466410
2934 63.586257
2935 68.543686
2936 70.894338
2937 67.950660
2938 66.999926
2939 65.653399
2940 65.357201
2941 69.974415
2942 69.819833
2943 60.590102
2944 56.665367
2945 53.770847
2946 54.128636
2947 55.263694
2948 56.092559
2949 59.713300
2950 64.841031
2951 64.254028
2952 58.257583
2953 49.682711
2954 49.731930
2955 53.982344
2956 56.284151
2957 57.205528
2958 55.892956
2959 62.967856
2960 66.023544
2961 67.659687
2962 58.501264
2963 50.310982
2964 44.637473
2965 42.917346
2966 35.915882
2967 32.810586
2968 32.837505
2969 36.849115
2970 46.234866
2971 49.218274
2972 54.537877
2973 63.571572
2974 60.516606
2975 59.488370
2976 47.906108
2977 42.129744
2978 41.845375
2979 38.225891
2980 37.457993
2981 34.325235
2982 36.562750
2983 41.517871
2984 44.673640
2985 47.188842
2986 46.743581
2987 52.924276
2988 53.992225
2989 46.829127
2990 38.814268
2991 35.067052
2992 36.929315
2993 38.049542
2994 37.791050
2995 37.088495
2996 38.526300
2997 37.160143
2998 37.519421
2999 37.056100
3000 38.719203
3001 38.146027
3002 37.100016
3003 31.895044
3004 30.120250
3005 32.009165
3006 35.801633
3007 35.935523
3008 34.181943
3009 29.667754
3010 30.613780
3011 33.658253
3012 37.513245
3013 36.835045
3014 34.842809
3015 33.731448
3016 31.958104
3017 28.403691
3018 26.807669
3019 27.295737
3020 31.364563
3021 34.503301
3022 36.505350
3023 36.657505
3024 39.781200
3025 38.632218
3026 33.663655
3027 26.983778
3028 24.603827
3029 25.993902
3030 26.438721
3031 25.202969
3032 23.244717
3033 25.560551
3034 29.360870
3035 34.115294
3036 37.322326
3037 41.541633
3038 42.665307
3039 39.658322
3040 33.326403
3041 27.588398
3042 23.404846
3043 25.365549
3044 24.136016
3045 23.016048
3046 21.674048
3047 24.156717
3048 27.291079
3049 29.888671
3050 31.206009
3051 33.395704
3052 33.828151
3053 31.140489
3054 28.133936
3055 24.648912
3056 24.080668
3057 24.471998
3058 25.371020
3059 24.266846
3060 23.451682
3061 26.444678
3062 25.960655
3063 25.172327
3064 23.642291
3065 22.949608
3066 26.514321
3067 24.983944
3068 22.229564
3069 20.604373
3070 21.308488
3071 22.188825
3072 23.160384
3073 22.364208
3074 24.983352
3075 25.596450
3076 25.729147
3077 22.103818
3078 21.658123
3079 23.558534
3080 24.393624
3081 22.606429
3082 20.346861
3083 19.526593
3084 21.882107
3085 23.643595
3086 23.969494
3087 22.653796
3088 22.591651
3089 23.206031
3090 20.857791
3091 18.961250
3092 18.941961
3093 19.353408
3094 20.017775
3095 19.227008
3096 17.494290
3097 18.372805
3098 19.113447
3099 21.702201
3100 20.157593
3101 19.197314
3102 19.698744
3103 22.823522
3104 23.374375
3105 22.033345
3106 21.701921
3107 23.075499
3108 22.119791
3109 21.231235
3110 17.511963
3111 16.309671
3112 15.603709
3113 14.882845
3114 14.284231
3115 13.585160
3116 14.536444
3117 17.813806
3118 21.881532
3119 24.500064
3120 23.382864
3121 21.646047
3122 20.691481
3123 18.425853
3124 17.355518
3125 17.473798
3126 18.098150
3127 17.073886
3128 14.806481
3129 13.503705
3130 14.967614
3131 16.206051
3132 17.101962
3133 17.158060
3134 18.278898
3135 18.716816
3136 20.935883
3137 20.063230
3138 17.112022
3139 16.028657
3140 15.994647
3141 15.546771
3142 15.500649
3143 15.412524
3144 16.707727
3145 17.164931
3146 18.170308
3147 17.727012
3148 17.915976
3149 17.677865
3150 16.890393
3151 13.805877
3152 13.186526
3153 15.158442
3154 17.508254
3155 18.405993
3156 16.428504
3157 15.260419
3158 16.256221
3159 17.860143
3160 19.522739
3161 16.733570
3162 15.456840
3163 13.071053
3164 12.526178
3165 12.575504
3166 13.291265
3167 15.136383
3168 16.705340
3169 17.326705
3170 14.661531
3171 13.602484
3172 13.243059
3173 14.074272
3174 14.902934
3175 14.416750
3176 13.821711
3177 14.330020
3178 14.423380
3179 13.783059
3180 13.455685
3181 13.849423
3182 14.001712
3183 13.361407
3184 11.602148
3185 12.179294
3186 13.578847
3187 15.002458
3188 15.537907
3189 15.278459
3190 14.736399
3191 13.881592
3192 13.249764
3193 12.562529
3194 10.396730
3195 9.894235
3196 9.891343
3197 9.070008
3198 8.438576
3199 8.396184
3200 10.754986
3201 12.961563
3202 14.033153
3203 14.649682
3204 14.023328
3205 15.161484
3206 14.714365
3207 12.595560
3208 10.865974
3209 10.018128
3210 10.230459
3211 9.641465
3212 8.106390
3213 7.811930
3214 8.230078
3215 9.005714
3216 9.559377
3217 9.955374
3218 10.496348
3219 10.075258
3220 9.045601
3221 8.171402
3222 7.944938
3223 9.372175
3224 10.970240
3225 9.881348
3226 8.604916
3227 9.025860
3228 11.111298
3229 12.776106
3230 13.197385
3231 10.299043
3232 8.844337
3233 8.186558
3234 8.744799
3235 9.050629
3236 9.562443
3237 9.971271
3238 10.118929
3239 8.971090
3240 8.896311
3241 9.741275
3242 11.413825
3243 12.254741
3244 9.536257
3245 7.570829
3246 6.722392
3247 7.193864
3248 8.364985
3249 8.541657
3250 8.820915
3251 9.559654
3252 10.744532
3253 12.436710
3254 12.365122
3255 11.175421
3256 10.930329
3257 10.031580
3258 8.453332
3259 7.628726
3260 6.930309
3261 7.253440
3262 6.912554
3263 6.843140
3264 7.545600
3265 9.057142
3266 10.679687
3267 11.479158
3268 10.285817
3269 8.963087
3270 8.240299
3271 8.602707
3272 8.776585
3273 8.477352
3274 8.648972
3275 8.299642
3276 7.628857
3277 7.229650
3278 7.219364
3279 8.726732
3280 9.822026
3281 9.603838
3282 8.888570
3283 9.421985
3284 9.561302
3285 10.176370
3286 9.639851
3287 10.253175
3288 10.574431
3289 10.833983
3290 8.525102
3291 7.184953
3292 7.482580
3293 8.462394
3294 9.373416
3295 8.860089
3296 8.001961
3297 7.469222
3298 7.888612
3299 8.847095
3300 8.864673
3301 8.829119
3302 8.966369
3303 8.353013
3304 8.357857
3305 8.233421
3306 9.052238
3307 9.982424
3308 9.773084
3309 9.224171
3310 7.840881
3311 7.617028
3312 7.854194
3313 7.469707
3314 7.627284
3315 7.764351
3316 8.275072
3317 8.386884
3318 7.790719
3319 7.386559
3320 7.198176
3321 7.849459
3322 9.450404
3323 9.071307
3324 8.890186
3325 8.132430
3326 6.306821
3327 5.573888
3328 5.395663
3329 5.755358
3330 7.238239
3331 8.614128
3332 8.677998
3333 8.747265
3334 8.145331
3335 8.400213
3336 7.869809
3337 7.173678
3338 7.066091
3339 6.436603
3340 6.292031
3341 5.960247
3342 5.709885
3343 6.323038
3344 6.399786
3345 6.274422
3346 5.645557
3347 5.243131
3348 6.135660
3349 6.798322
3350 7.335555
3351 6.660284
3352 5.884768
3353 6.198131
3354 6.745338
3355 7.091699
3356 7.518258
3357 7.401722
3358 7.505551
3359 7.226767
3360 6.763072
3361 6.034662
3362 5.147081
3363 4.860491
3364 4.820432
3365 4.606981
3366 5.354999
3367 6.333071
3368 7.260521
3369 6.834505
3370 5.933207
3371 5.828657
3372 6.369250
3373 5.995269
3374 5.164016
3375 5.118507
3376 5.349956
3377 5.704682
3378 5.553294
3379 5.679996
3380 5.488479
3381 6.038261
3382 6.652665
3383 6.778762
3384 6.432961
3385 6.290656
3386 6.069010
3387 5.105510
3388 4.432489
3389 4.197610
3390 4.408902
3391 4.968599
3392 5.001074
3393 4.780157
3394 4.797092
3395 5.009150
3396 5.357437
3397 5.434475
3398 5.077496
3399 4.999455
3400 4.938622
3401 4.265130
3402 4.014003
3403 4.149094
3404 4.497762
3405 5.082082
3406 5.216174
3407 5.452225
3408 5.606884
3409 5.284661
3410 5.133281
3411 4.741354
3412 4.552384
3413 4.337429
3414 3.833361
3415 3.362741
3416 3.597086
3417 4.138590
3418 4.730099
3419 5.025564
3420 4.575934
3421 4.292064
3422 3.972321
3423 3.942691
3424 3.552988
3425 3.258678
3426 3.469072
3427 4.169811
3428 4.845368
3429 4.266660
3430 3.662563
3431 3.685164
3432 3.824083
3433 4.311081
3434 4.402130
3435 4.137715
3436 4.048905
3437 3.698709
3438 3.453423
3439 3.659866
3440 4.096814
3441 4.258823
3442 3.784966
3443 3.283875
3444 2.812211
3445 3.074910
3446 3.543582
3447 4.092495
3448 3.933312
3449 3.872331
3450 3.758075
3451 3.420121
3452 3.000957
3453 2.844545
3454 2.807309
3455 3.157181
3456 3.235518
3457 3.232437
3458 3.343281
3459 3.307446
3460 3.491152
3461 3.471136
3462 3.388274
3463 3.543976
3464 3.557593
3465 3.548277
3466 3.215186
3467 2.680266
3468 2.455927
3469 2.657595
3470 2.631310
3471 2.518690
3472 2.498129
3473 2.542414
3474 2.754563
3475 2.668641
3476 2.730734
3477 3.195697
3478 3.555935
3479 3.491875
3480 3.310802
3481 2.960697
3482 3.061692
3483 3.349172
3484 3.409485
3485 3.431750
3486 3.156644
3487 2.868864
3488 2.823712
3489 2.551486
3490 2.582022
3491 2.712251
3492 2.657495
3493 2.495171
3494 2.251405
3495 2.336326
3496 2.903574
3497 3.383949
3498 3.543371
3499 3.203032
3500 2.541968
3501 2.087791
3502 1.912913
3503 1.972643
3504 2.462796
3505 2.801389
3506 2.715651
3507 2.490142
3508 2.288033
3509 2.632909
3510 2.795481
3511 2.701289
3512 2.619588
3513 2.378277
3514 2.378092
3515 2.367766
3516 2.300415
3517 2.253519
3518 2.376737
3519 2.513474
3520 2.631479
3521 2.333735
3522 2.095361
3523 2.078963
3524 2.258413
3525 2.398909
3526 2.235330
3527 1.913338
3528 1.736717
3529 1.720729
3530 1.800316
3531 1.795038
3532 1.877346
3533 2.067506
3534 2.204041
3535 2.232383
3536 2.286065
3537 2.063513
3538 2.016876
3539 1.910951
3540 1.900106
3541 1.787617
3542 1.765649
3543 1.792011
3544 1.972423
3545 2.083557
3546 2.283850
3547 2.481836
3548 2.419529
3549 2.278122
3550 2.005635
3551 1.954857
3552 2.149824
3553 2.172348
3554 2.233240
3555 2.163606
3556 2.059549
3557 1.927826
3558 1.708762
3559 1.771378
3560 2.090642
3561 2.191911
3562 2.108563
3563 1.956824
3564 1.889210
3565 1.955637
3566 2.218425
3567 2.269050
3568 2.306066
3569 2.008852
3570 1.773609
3571 1.802782
3572 1.855234
3573 1.991207
3574 2.044669
3575 1.816630
3576 1.849362
3577 1.855182
3578 1.875763
3579 1.753907
3580 1.650505
3581 1.607661
3582 1.520847
3583 1.545303
3584 1.653147
3585 1.750286
3586 1.868200
3587 2.008048
3588 2.068219
3589 1.946369
3590 1.900286
3591 1.901652
3592 1.972406
3593 1.964335
3594 1.930266
3595 1.982767
3596 1.895119
3597 1.784867
3598 1.651216
3599 1.724103
3600 1.889766
3601 1.872987
3602 1.731893
3603 1.500153
3604 1.380164
3605 1.377327
3606 1.414487
3607 1.621163
3608 1.904371
3609 1.938795
3610 1.857215
3611 1.667377
3612 1.618120
3613 1.696328
3614 1.674295
3615 1.684611
3616 1.618522
3617 1.435689
3618 1.480117
3619 1.571923
3620 1.775181
3621 1.793225
3622 1.631827
3623 1.417000
3624 1.274685
3625 1.189632
3626 1.129395
3627 1.097041
3628 1.130064
3629 1.155176
3630 1.181166
3631 1.199678
3632 1.259556
3633 1.318833
3634 1.554088
3635 1.594718
3636 1.474412
3637 1.244451
3638 1.051384
3639 1.004386
3640 1.177289
3641 1.372718
3642 1.470019
3643 1.483754
3644 1.334467
3645 1.199588
3646 1.146464
3647 1.254730
3648 1.458356
3649 1.595207
3650 1.570265
3651 1.330085
3652 1.156269
3653 1.093231
3654 1.066960
3655 1.208218
3656 1.329366
3657 1.288998
3658 1.310701
3659 1.329011
3660 1.392513
3661 1.432129
3662 1.395502
3663 1.338801
3664 1.287102
3665 1.400655
3666 1.529723
3667 1.634125
3668 1.599738
3669 1.461324
3670 1.354060
3671 1.256963
3672 1.202005
3673 1.205553
3674 1.165054
3675 1.159137
3676 1.341677
3677 1.307803
3678 1.275401
3679 1.335120
3680 1.209601
3681 1.256584
3682 1.289877
3683 1.427961
3684 1.538573
3685 1.467959
3686 1.382636
3687 1.373993
3688 1.396142
3689 1.494349
3690 1.567834
3691 1.415118
3692 1.220523
3693 1.203482
3694 1.195595
3695 1.401269
3696 1.447260
3697 1.517527
3698 1.555760
3699 1.500911
3700 1.574503
3701 1.420211
3702 1.454342
3703 1.512726
3704 1.469685
3705 1.349564
3706 1.317962
3707 1.419368
3708 1.500759
3709 1.469275
3710 1.324950
3711 1.273635
3712 1.161109
3713 1.065958
3714 1.050080
3715 1.100019
3716 1.370553
3717 1.609124
3718 1.548886
3719 1.395215
3720 1.360137
3721 1.298261
3722 1.426763
3723 1.344380
3724 1.365447
3725 1.269091
3726 1.263403
3727 1.242594
3728 1.272939
3729 1.234069
3730 1.051182
3731 0.896353
3732 0.886596
3733 1.001610
3734 1.132396
3735 1.233775
3736 1.138549
3737 1.074918
3738 1.026522
3739 0.975551
3740 1.088763
3741 1.035527
3742 1.032073
3743 0.946020
3744 0.971045
3745 1.116447
3746 1.144355
3747 1.162542
3748 1.077346
3749 1.051880
3750 1.111321
3751 1.049799
3752 1.057928
3753 1.061598
3754 1.050851
3755 1.048121
3756 0.994333
3757 0.918695
3758 0.830864
3759 0.816484
3760 0.803033
3761 0.868806
3762 0.866323
3763 0.874103
3764 0.836866
3765 0.890969
3766 1.031670
3767 1.020310
3768 0.918563
3769 0.858200
3770 0.802350
3771 0.902197
3772 0.968426
3773 1.024389
3774 0.993075
3775 0.928143
3776 0.770654
3777 0.778448
3778 0.824131
3779 0.780437
3780 0.702109
3781 0.665373
3782 0.684966
3783 0.733630
3784 0.706330
3785 0.680328
3786 0.650383
3787 0.678681
3788 0.732226
3789 0.741318
3790 0.810953
3791 0.825960
3792 0.903845
3793 0.916165
3794 0.960908
3795 0.886344
3796 0.901773
3797 0.827046
3798 0.784033
3799 0.787243
3800 0.831031
3801 0.884284
3802 0.852624
3803 0.704329
3804 0.607355
3805 0.592805
3806 0.748580
3807 0.846546
3808 0.811406
3809 0.691586
3810 0.601379
3811 0.624169
3812 0.728717
3813 0.839066
3814 0.968708
3815 0.872100
3816 0.762696
3817 0.653287
3818 0.636673
3819 0.725658
3820 0.762326
3821 0.725159
3822 0.728282
3823 0.716614
3824 0.744555
3825 0.724157
3826 0.759078
3827 0.732551
3828 0.729348
3829 0.696372
3830 0.717122
3831 0.770327
3832 0.841686
3833 0.899986
3834 0.856483
3835 0.818862
3836 0.820349
3837 0.749074
3838 0.670560
3839 0.653488
3840 0.680038
3841 0.777159
3842 0.753933
3843 0.729652
3844 0.684702
3845 0.648563
3846 0.714364
3847 0.760246
3848 0.802924
3849 0.828309
3850 0.899421
3851 0.917384
3852 0.831328
3853 0.717005
3854 0.669093
3855 0.594093
3856 0.558664
3857 0.533905
3858 0.576767
3859 0.587811
3860 0.594789
3861 0.574652
3862 0.575358
3863 0.634388
3864 0.617213
3865 0.585525
3866 0.600900
3867 0.605635
3868 0.592594
3869 0.516376
3870 0.433980
3871 0.419917
3872 0.480283
3873 0.513366
3874 0.537355
3875 0.532058
3876 0.529421
3877 0.510382
3878 0.482598
3879 0.476138
3880 0.554467
3881 0.629791
3882 0.624726
3883 0.570633
3884 0.560767
3885 0.603396
3886 0.622572
3887 0.547644
3888 0.499551
3889 0.431633
3890 0.403219
3891 0.400463
3892 0.375859
3893 0.382986
3894 0.361509
3895 0.401587
3896 0.394711
3897 0.413474
3898 0.448691
3899 0.510695
3900 0.507488
3901 0.496028
3902 0.478237
3903 0.457891
3904 0.459983
3905 0.449139
3906 0.445200
3907 0.411862
3908 0.390817
3909 0.396184
3910 0.358656
3911 0.357136
3912 0.360793
3913 0.366313
3914 0.345783
3915 0.330678
3916 0.337644
3917 0.343071
3918 0.364412
3919 0.402404
3920 0.452242
3921 0.440671
3922 0.377708
3923 0.376464
3924 0.408455
3925 0.430524
3926 0.433359
3927 0.411171
3928 0.383587
3929 0.350275
3930 0.332368
3931 0.326775
3932 0.348337
3933 0.344738
3934 0.363985
3935 0.350951
3936 0.351282
3937 0.351508
3938 0.379268
3939 0.369533
3940 0.405939
3941 0.393344
3942 0.393928
3943 0.360542
3944 0.320467
3945 0.331125
3946 0.353298
3947 0.437130
3948 0.468722
3949 0.460993
3950 0.411398
3951 0.358371
3952 0.374352
3953 0.384189
3954 0.432930
3955 0.433629
3956 0.416711
3957 0.381313
3958 0.340581
3959 0.335177
3960 0.332502
3961 0.342538
3962 0.332126
3963 0.336871
3964 0.347284
3965 0.367109
3966 0.380358
3967 0.360904
3968 0.339347
3969 0.339449
3970 0.350315
3971 0.379547
3972 0.417127
3973 0.432374
3974 0.452540
3975 0.448877
3976 0.408820
3977 0.386745
3978 0.373044
3979 0.338503
3980 0.345949
3981 0.317234
3982 0.312394
3983 0.355011
3984 0.416665
3985 0.422159
3986 0.432596
3987 0.430238
3988 0.381784
3989 0.343814
3990 0.327103
3991 0.337596
3992 0.360633
3993 0.347920
3994 0.318165
3995 0.290248
3996 0.283812
3997 0.329354
3998 0.329547
3999 0.330990
4000 0.310480
4001 0.276956
4002 0.241852
4003 0.238646
4004 0.283084
4005 0.318435
4006 0.317542
4007 0.298420
4008 0.297294
4009 0.302511
4010 0.306979
4011 0.340424
4012 0.358310
4013 0.380335
4014 0.330549
4015 0.279326
4016 0.228278
4017 0.198942
4018 0.201288
4019 0.243725
4020 0.267016
4021 0.280537
4022 0.264411
4023 0.255540
4024 0.252898
4025 0.264134
4026 0.279591
4027 0.309270
4028 0.306460
4029 0.313577
4030 0.291459
4031 0.288115
4032 0.273645
4033 0.266658
4034 0.238448
4035 0.224595
4036 0.210613
4037 0.225987
4038 0.221677
4039 0.234098
4040 0.271860
4041 0.254927
4042 0.242964
4043 0.219521
4044 0.199589
4045 0.198662
4046 0.206288
4047 0.226553
4048 0.225688
4049 0.239467
4050 0.245990
4051 0.235510
4052 0.211474
4053 0.203423
4054 0.212640
4055 0.227331
4056 0.215716
4057 0.221801
4058 0.262069
4059 0.297037
4060 0.303104
4061 0.257867
4062 0.222463
4063 0.210375
4064 0.260821
4065 0.304899
4066 0.300201
4067 0.265093
4068 0.205110
4069 0.183997
4070 0.157692
4071 0.158565
4072 0.192884
4073 0.233628
4074 0.257839
4075 0.279627
4076 0.251792
4077 0.219543
4078 0.198764
4079 0.191139
4080 0.197874
4081 0.223620
4082 0.234688
4083 0.248706
4084 0.243622
4085 0.226227
4086 0.199486
4087 0.191112
4088 0.200986
4089 0.208995
4090 0.231992
4091 0.217254
4092 0.233184
4093 0.241722
4094 0.254827
4095 0.272543
4096 0.246015
4097 0.233512
4098 0.223526
4099 0.249599
4100 0.299320
4101 0.316172
4102 0.285566
4103 0.256940
4104 0.251908
4105 0.248992
4106 0.258345
4107 0.234204
4108 0.238209
4109 0.245115
4110 0.276552
4111 0.291867
4112 0.270546
4113 0.255527
4114 0.240159
4115 0.246897
4116 0.252492
4117 0.233352
4118 0.242680
4119 0.236213
4120 0.239850
4121 0.254945
4122 0.237086
4123 0.213258
4124 0.206758
4125 0.232682
4126 0.263487
4127 0.293248
4128 0.298520
4129 0.281259
4130 0.284203
4131 0.275253
4132 0.285741
4133 0.297696
4134 0.281186
4135 0.299995
4136 0.304407
4137 0.278277
4138 0.272906
4139 0.270233
4140 0.269648
4141 0.273228
4142 0.260152
4143 0.257935
4144 0.287731
4145 0.287441
4146 0.288474
4147 0.284779
4148 0.333428
4149 0.382955
4150 0.361141
4151 0.308509
4152 0.271813
4153 0.247507
4154 0.224724
4155 0.246554
4156 0.265710
4157 0.253607
4158 0.249175
4159 0.281180
4160 0.315820
4161 0.351618
4162 0.318849
4163 0.279473
4164 0.242140
4165 0.233833
4166 0.252004
4167 0.247583
4168 0.260361
4169 0.274925
4170 0.269073
4171 0.267333
4172 0.249207
4173 0.253896
4174 0.245230
4175 0.249310
4176 0.269825
4177 0.295911
4178 0.299326
4179 0.267905
4180 0.226606
4181 0.196135
4182 0.189663
4183 0.218929
4184 0.282621
4185 0.302562
4186 0.281445
4187 0.260753
4188 0.256480
4189 0.252730
4190 0.237057
4191 0.241721
4192 0.272256
4193 0.296985
4194 0.300241
4195 0.277453
4196 0.241509
4197 0.218763
4198 0.201643
4199 0.224251
4200 0.238152
4201 0.238213
4202 0.228111
4203 0.220576
4204 0.234786
4205 0.246903
4206 0.265657
4207 0.244347
4208 0.213524
4209 0.227196
4210 0.247480
4211 0.320781
4212 0.341388
4213 0.327343
4214 0.275892
4215 0.237189
4216 0.226319
4217 0.240519
4218 0.286209
4219 0.292383
4220 0.293794
4221 0.306072
4222 0.319028
4223 0.316142
4224 0.282394
4225 0.263970
4226 0.218643
4227 0.227723
4228 0.251252
4229 0.274198
4230 0.276122
4231 0.238317
4232 0.240632
4233 0.248032
4234 0.267799
4235 0.269098
4236 0.279252
4237 0.303256
4238 0.344634
4239 0.357554
4240 0.349379
4241 0.275560
4242 0.227576
4243 0.208230
4244 0.203958
4245 0.208400
4246 0.217387
4247 0.231001
4248 0.246217
4249 0.240363
4250 0.239976
4251 0.244405
4252 0.221318
4253 0.213568
4254 0.230519
4255 0.251512
4256 0.309172
4257 0.338117
4258 0.334655
4259 0.277637
4260 0.215400
4261 0.189108
4262 0.212539
4263 0.231088
4264 0.248526
4265 0.239375
4266 0.230452
4267 0.238387
4268 0.229467
4269 0.232840
4270 0.232607
4271 0.228688
4272 0.250927
4273 0.278569
4274 0.297412
4275 0.300442
4276 0.277762
4277 0.251024
4278 0.256969
4279 0.254645
4280 0.274059
4281 0.272809
4282 0.304770
4283 0.308992
4284 0.275058
4285 0.239283
4286 0.216171
4287 0.215657
4288 0.217112
4289 0.226112
4290 0.234308
4291 0.266650
4292 0.305758
4293 0.336011
4294 0.336076
4295 0.342295
4296 0.337548
4297 0.342203
4298 0.298789
4299 0.252416
4300 0.258929
4301 0.287540
4302 0.338532
4303 0.345686
4304 0.320518
4305 0.298958
4306 0.323577
4307 0.363559
4308 0.399389
4309 0.385873
4310 0.337910
4311 0.295426
4312 0.290335
4313 0.275484
4314 0.266377
4315 0.248658
4316 0.255080
4317 0.263555
4318 0.286405
4319 0.334060
4320 0.382158
4321 0.391199
4322 0.398873
4323 0.400236
4324 0.401671
4325 0.356853
4326 0.302187
4327 0.259739
4328 0.257671
4329 0.290438
4330 0.320789
4331 0.299626
4332 0.253839
4333 0.223522
4334 0.236072
4335 0.258772
4336 0.311743
4337 0.388371
4338 0.432233
4339 0.379868
4340 0.310076
4341 0.263096
4342 0.244734
4343 0.209830
4344 0.213195
4345 0.225130
4346 0.274435
4347 0.306222
4348 0.281255
4349 0.253148
4350 0.222271
4351 0.209364
4352 0.212517
4353 0.209945
4354 0.234351
4355 0.229323
4356 0.255277
4357 0.273126
4358 0.294577
4359 0.264436
4360 0.252994
4361 0.214783
4362 0.201087
4363 0.217994
4364 0.256384
4365 0.254666
4366 0.234625
4367 0.194706
4368 0.190222
4369 0.182537
4370 0.180487
4371 0.189083
4372 0.214136
4373 0.237319
4374 0.210444
4375 0.199523
4376 0.181391
4377 0.190914
4378 0.203476
4379 0.221150
4380 0.238007
4381 0.235809
4382 0.225161
4383 0.207434
4384 0.188540
4385 0.189897
4386 0.189070
4387 0.180181
4388 0.173306
4389 0.172627
4390 0.179672
4391 0.176270
4392 0.163892
4393 0.157141
4394 0.162872
4395 0.175570
4396 0.193655
4397 0.207468
4398 0.216606
4399 0.201292
4400 0.165077
4401 0.140697
4402 0.142485
4403 0.129809
4404 0.160122
4405 0.181856
4406 0.202408
4407 0.189061
4408 0.158619
4409 0.142409
4410 0.129163
4411 0.132035
4412 0.148678
4413 0.174251
4414 0.176393
4415 0.174842
4416 0.152829
4417 0.139126
4418 0.144397
4419 0.144192
4420 0.157290
4421 0.162608
4422 0.158612
4423 0.164238
4424 0.163256
4425 0.161955
4426 0.166464
4427 0.148989
4428 0.145658
4429 0.151313
4430 0.187449
4431 0.180695
4432 0.157900
4433 0.135764
4434 0.124412
4435 0.138613
4436 0.135067
4437 0.128842
4438 0.115905
4439 0.110430
4440 0.112023
4441 0.124213
4442 0.141141
4443 0.159348
4444 0.172652
4445 0.177393
4446 0.180515
4447 0.158956
4448 0.144128
4449 0.143929
4450 0.160673
4451 0.186013
4452 0.173536
4453 0.157999
4454 0.136937
4455 0.123550
4456 0.120801
4457 0.126982
4458 0.147466
4459 0.155663
4460 0.162797
4461 0.157810
4462 0.155344
4463 0.146475
4464 0.145645
4465 0.144942
4466 0.148829
4467 0.153672
4468 0.165578
4469 0.191985
4470 0.207387
4471 0.176236
4472 0.148091
4473 0.126138
4474 0.111917
4475 0.133921
4476 0.151970
4477 0.154097
4478 0.140107
4479 0.128407
4480 0.128272
4481 0.127598
4482 0.127785
4483 0.112974
4484 0.111772
4485 0.131038
4486 0.140896
4487 0.142753
4488 0.132809
4489 0.119847
4490 0.122703
4491 0.132479
4492 0.128603
4493 0.131225
4494 0.134525
4495 0.160335
4496 0.162626
4497 0.148893
4498 0.115324
4499 0.097464
4500 0.092300
4501 0.103612
4502 0.122339
4503 0.151354
4504 0.135399
4505 0.123356
4506 0.109914
4507 0.121408
4508 0.128269
4509 0.145734
4510 0.138350
4511 0.126730
4512 0.122031
4513 0.122941
4514 0.135870
4515 0.145702
4516 0.134283
4517 0.132855
4518 0.119789
4519 0.119506
4520 0.115357
4521 0.119259
4522 0.122584
4523 0.118525
4524 0.115697
4525 0.120742
4526 0.111109
4527 0.112439
4528 0.125456
4529 0.162808
4530 0.186251
4531 0.183148
4532 0.172790
4533 0.128294
4534 0.099959
4535 0.088958
4536 0.104912
4537 0.117328
4538 0.122867
4539 0.113736
4540 0.101328
4541 0.095414
4542 0.099831
4543 0.110790
4544 0.115166
4545 0.122793
4546 0.136388
4547 0.147054
4548 0.142710
4549 0.127093
4550 0.112879
4551 0.116168
4552 0.130902
4553 0.149343
4554 0.140758
4555 0.118556
4556 0.102815
4557 0.103041
4558 0.108218
4559 0.115356
4560 0.114649
4561 0.124945
4562 0.122213
4563 0.125767
4564 0.112987
4565 0.103779
4566 0.104858
4567 0.102888
4568 0.111245
4569 0.121419
4570 0.127826
4571 0.122249
4572 0.114410
4573 0.105650
4574 0.102396
4575 0.099650
4576 0.100182
4577 0.106866
4578 0.109001
4579 0.116922
4580 0.128852
4581 0.133429
4582 0.126775
4583 0.108757
4584 0.089243
4585 0.081457
4586 0.086306
4587 0.099202
4588 0.093217
4589 0.092600
4590 0.099992
4591 0.111065
4592 0.137168
4593 0.150429
4594 0.160701
4595 0.146309
4596 0.131332
4597 0.121853
4598 0.108771
4599 0.113442
4600 0.123328
4601 0.129346
4602 0.127503
4603 0.116261
4604 0.115504
4605 0.101995
4606 0.115562
4607 0.121458
4608 0.128801
4609 0.132911
4610 0.132320
4611 0.130479
4612 0.133301
4613 0.149661
4614 0.150184
4615 0.143398
4616 0.144140
4617 0.146054
4618 0.156675
4619 0.154290
4620 0.144495
4621 0.135491
4622 0.131413
4623 0.129791
4624 0.126804
4625 0.128805
4626 0.126757
4627 0.137709
4628 0.144582
4629 0.151571
4630 0.163620
4631 0.158396
4632 0.156806
4633 0.151647
4634 0.152258
4635 0.164846
4636 0.152392
4637 0.134556
4638 0.135575
4639 0.143790
4640 0.175592
4641 0.186022
4642 0.192062
4643 0.157420
4644 0.132297
4645 0.111917
4646 0.124277
4647 0.134917
4648 0.156098
4649 0.152212
4650 0.136469
4651 0.127913
4652 0.122457
4653 0.136188
4654 0.135106
4655 0.133986
4656 0.125218
4657 0.123274
4658 0.132403
4659 0.145838
4660 0.133891
4661 0.124586
4662 0.113170
4663 0.114778
4664 0.124199
4665 0.119279
4666 0.129171
4667 0.135138
4668 0.152921
4669 0.155633
4670 0.139078
4671 0.124268
4672 0.109404
4673 0.122085
4674 0.127375
4675 0.132210
4676 0.121142
4677 0.109042
4678 0.109971
4679 0.133965
4680 0.171838
4681 0.151179
4682 0.140735
4683 0.116185
4684 0.110794
4685 0.121539
4686 0.143524
4687 0.164209
4688 0.154588
4689 0.145892
4690 0.136111
4691 0.134894
4692 0.132240
4693 0.119504
4694 0.130024
4695 0.137935
4696 0.139754
4697 0.127640
4698 0.110298
4699 0.130837
4700 0.147070
4701 0.168259
4702 0.161644
4703 0.151366
4704 0.137898
4705 0.133459
4706 0.163980
4707 0.188804
4708 0.187675
4709 0.176518
4710 0.146469
4711 0.123986
4712 0.119281
4713 0.130423
4714 0.140741
4715 0.142347
4716 0.149668
4717 0.141758
4718 0.122830
4719 0.107585
4720 0.116231
4721 0.134094
4722 0.155179
4723 0.186060
4724 0.204035
4725 0.209123
4726 0.179962
4727 0.160848
4728 0.153660
4729 0.154217
4730 0.156935
4731 0.147964
4732 0.149334
4733 0.131834
4734 0.117900
4735 0.108604
4736 0.103732
4737 0.115599
4738 0.122333
4739 0.147197
4740 0.150328
4741 0.165364
4742 0.166588
4743 0.175145
4744 0.156414
4745 0.149770
4746 0.137935
4747 0.127353
4748 0.124709
4749 0.129314
4750 0.135772
4751 0.131966
4752 0.123441
4753 0.117532
4754 0.121636
4755 0.133102
4756 0.136987
4757 0.132875
4758 0.126178
4759 0.127759
4760 0.141741
4761 0.133608
4762 0.124285
4763 0.110572
4764 0.121667
4765 0.135880
4766 0.153118
4767 0.147209
4768 0.118943
4769 0.109577
4770 0.099417
4771 0.099037
4772 0.111955
4773 0.126725
4774 0.147731
4775 0.148460
4776 0.158094
4777 0.135356
4778 0.111428
4779 0.098246
4780 0.106086
4781 0.116226
4782 0.134442
4783 0.136882
4784 0.120656
4785 0.105631
4786 0.098533
4787 0.113700
4788 0.111555
4789 0.120679
4790 0.113603
4791 0.123923
4792 0.120618
4793 0.113901
4794 0.114476
4795 0.118305
4796 0.115541
4797 0.111335
4798 0.093153
4799 0.092094
4800 0.081603
4801 0.087558
4802 0.096134
4803 0.092835
4804 0.092198
4805 0.088799
4806 0.081778
4807 0.084418
4808 0.087947
4809 0.107473
4810 0.108846
4811 0.118047
4812 0.106565
4813 0.102353
4814 0.084792
4815 0.093502
4816 0.108999
4817 0.107938
4818 0.103205
4819 0.086513
4820 0.082538
4821 0.073635
4822 0.078076
4823 0.071428
4824 0.069733
4825 0.080533
4826 0.109457
4827 0.120493
4828 0.112830
4829 0.097680
4830 0.098047
4831 0.099592
4832 0.101350
4833 0.092093
4834 0.086053
4835 0.081482
4836 0.072941
4837 0.071735
4838 0.076235
4839 0.090636
4840 0.093935
4841 0.106778
4842 0.099223
4843 0.098160
4844 0.084608
4845 0.084670
4846 0.082861
4847 0.097689
4848 0.111835
4849 0.122539
4850 0.119429
4851 0.113597
4852 0.098780
4853 0.089968
4854 0.100243
4855 0.104104
4856 0.119020
4857 0.113874
4858 0.107350
4859 0.095821
4860 0.091353
4861 0.094368
4862 0.103713
4863 0.102290
4864 0.105075
4865 0.114118
4866 0.115897
4867 0.105924
4868 0.103165
4869 0.105373
4870 0.122424
4871 0.124337
4872 0.121197
4873 0.110879
4874 0.125101
4875 0.125353
4876 0.130098
4877 0.131272
4878 0.136023
4879 0.138291
4880 0.126150
4881 0.132118
4882 0.120623
4883 0.121710
4884 0.126033
4885 0.138457
4886 0.148721
4887 0.145372
4888 0.130062
4889 0.104975
4890 0.103502
4891 0.114151
4892 0.116040
4893 0.109417
4894 0.108279
4895 0.115256
4896 0.133013
4897 0.144925
4898 0.142866
4899 0.136074
4900 0.144375
4901 0.155005
4902 0.142599
4903 0.121603
4904 0.107405
4905 0.109210
4906 0.116457
4907 0.110352
4908 0.092545
4909 0.086922
4910 0.095244
4911 0.107811
4912 0.109568
4913 0.119310
4914 0.116442
4915 0.120226
4916 0.135751
4917 0.149605
4918 0.149730
4919 0.133940
4920 0.122505
4921 0.112541
4922 0.113441
4923 0.117674
4924 0.120192
4925 0.108082
4926 0.126218
4927 0.123647
4928 0.124763
4929 0.113839
4930 0.105103
4931 0.105802
4932 0.104721
4933 0.128918
4934 0.127792
4935 0.125589
4936 0.114211
4937 0.112862
4938 0.125010
4939 0.125172
4940 0.149402
4941 0.140450
4942 0.144944
4943 0.130358
4944 0.124064
4945 0.105227
4946 0.096870
4947 0.100718
4948 0.101253
4949 0.117198
4950 0.127873
4951 0.119855
4952 0.124380
4953 0.155196
4954 0.169118
4955 0.167805
4956 0.136158
4957 0.124527
4958 0.147874
4959 0.175967
4960 0.190029
4961 0.154561
4962 0.136570
4963 0.133565
4964 0.148089
4965 0.144913
4966 0.162274
4967 0.170094
4968 0.177022
4969 0.161301
4970 0.168465
4971 0.154762
4972 0.169946
4973 0.163568
4974 0.162974
4975 0.159656
4976 0.151475
4977 0.151149
4978 0.143422
4979 0.189147
4980 0.209171
4981 0.215258
4982 0.206437
4983 0.183269
4984 0.179938
4985 0.184205
4986 0.193304
4987 0.212131
4988 0.207478
4989 0.196598
4990 0.193264
4991 0.181925
4992 0.180637
4993 0.194077
4994 0.207549
4995 0.213863
4996 0.211225
4997 0.206173
4998 0.190610
4999 0.205845
