#ite residual of mtx/thermal2.mtx
1 40.170019
2 25.639565
3 30.585018
4 29.638498
5 30.608882
6 31.170459
7 30.867014
8 32.123968
9 31.794322
10 33.088280
11 33.264952
12 34.131843
13 34.888050
14 35.339849
15 36.630769
16 37.130208
17 38.408192
18 39.186685
19 40.280269
20 41.289809
21 42.054995
22 43.290229
23 43.955277
24 45.307994
25 45.720143
26 46.693395
27 45.875432
28 46.710138
29 46.773671
30 46.809989
31 47.952185
32 47.390518
33 48.223368
34 47.219700
35 47.495928
36 46.606187
37 45.893004
38 45.873179
39 44.514740
40 45.029774
41 43.172718
42 43.789318
43 42.282988
44 41.487291
45 40.874405
46 37.651780
47 34.437749
48 23.538385
49 16.318983
50 19.153968
51 16.126021
52 15.807675
53 14.616058
54 13.303057
55 13.340977
56 11.982194
57 11.755150
58 10.860797
59 10.256924
60 9.837086
61 9.093165
62 8.881337
63 8.283676
64 8.124205
65 7.757145
66 7.788302
67 7.165069
68 6.905213
69 6.338478
70 6.079201
71 5.602830
72 5.249003
73 5.027708
74 4.734281
75 4.532963
76 4.241373
77 4.079211
78 3.759925
79 3.600311
80 3.287845
81 3.083986
82 2.776911
83 2.641249
84 2.506382
85 2.321856
86 2.232238
87 2.145096
88 2.094512
89 2.086438
90 2.113594
91 2.103298
92 2.089484
93 1.881091
94 1.662958
95 1.287458
96 1.635919
97 1.388847
98 1.382869
99 1.299850
100 1.303149
101 1.270554
102 1.275089
103 1.223647
104 1.221064
105 1.174856
106 1.177903
107 1.166501
108 1.156024
109 1.165121
110 1.113908
111 1.117266
112 1.053718
113 1.066130
114 1.054261
115 1.022232
116 1.025849
117 0.974556
118 0.953078
119 0.918728
120 0.889487
121 0.870818
122 0.831589
123 0.818328
124 0.785424
125 0.755486
126 0.736054
127 0.707274
128 0.699724
129 0.670619
130 0.641735
131 0.614413
132 0.589816
133 0.573952
134 0.555374
135 0.551792
136 0.561852
137 0.562113
138 0.551225
139 0.507607
140 0.456675
141 0.389582
142 0.423726
143 0.420478
144 0.374383
145 0.384760
146 0.370809
147 0.357276
148 0.350896
149 0.340541
150 0.343180
151 0.329238
152 0.336304
153 0.329527
154 0.331677
155 0.324351
156 0.319871
157 0.312455
158 0.311878
159 0.306767
160 0.312335
161 0.305816
162 0.305654
163 0.299766
164 0.295034
165 0.288516
166 0.284096
167 0.277009
168 0.272286
169 0.264156
170 0.260580
171 0.253418
172 0.247378
173 0.241914
174 0.235541
175 0.231970
176 0.219735
177 0.216937
178 0.208157
179 0.209140
180 0.207283
181 0.212276
182 0.212827
183 0.217310
184 0.208487
185 0.201523
186 0.183137
187 0.174207
188 0.166269
189 0.180893
190 0.159724
191 0.154613
192 0.154915
193 0.151105
194 0.149021
195 0.147085
196 0.144234
197 0.145639
198 0.142591
199 0.145818
200 0.144814
201 0.143618
202 0.143236
203 0.140085
204 0.143129
205 0.140297
206 0.145285
207 0.143482
208 0.143624
209 0.143997
210 0.138161
211 0.139393
212 0.135886
213 0.134988
214 0.131217
215 0.130775
216 0.125563
217 0.124240
218 0.120649
219 0.118517
220 0.117166
221 0.114339
222 0.111507
223 0.107806
224 0.105980
225 0.104670
226 0.103953
227 0.103801
228 0.103558
229 0.103625
230 0.098945
231 0.094668
232 0.086964
233 0.084863
234 0.082764
235 0.087795
236 0.078435
237 0.077403
238 0.078882
239 0.076391
240 0.076533
241 0.075742
242 0.074346
243 0.074487
244 0.072746
245 0.073172
246 0.072299
247 0.071377
248 0.070151
249 0.069162
250 0.068835
251 0.068770
252 0.068826
253 0.068744
254 0.068054
255 0.068457
256 0.067704
257 0.066462
258 0.064618
259 0.062887
260 0.061814
261 0.060073
262 0.058503
263 0.057478
264 0.056030
265 0.055301
266 0.053894
267 0.052789
268 0.051459
269 0.049939
270 0.048835
271 0.047740
272 0.047765
273 0.046839
274 0.047520
275 0.046017
276 0.045033
277 0.041683
278 0.040145
279 0.037611
280 0.037904
281 0.037631
282 0.036906
283 0.033245
284 0.034899
285 0.034236
286 0.033237
287 0.032981
288 0.032479
289 0.032014
290 0.031885
291 0.031572
292 0.031449
293 0.031199
294 0.030527
295 0.030316
296 0.029775
297 0.030148
298 0.029753
299 0.029676
300 0.029223
301 0.028716
302 0.028190
303 0.027511
304 0.027085
305 0.026589
306 0.025981
307 0.025467
308 0.024788
309 0.024283
310 0.023740
311 0.023089
312 0.022395
313 0.021486
314 0.020834
315 0.020147
316 0.019886
317 0.019371
318 0.019272
319 0.019115
320 0.018907
321 0.018105
322 0.017189
323 0.015935
324 0.015322
325 0.014570
326 0.014650
327 0.013938
328 0.013436
329 0.012192
330 0.012581
331 0.012071
332 0.011459
333 0.011301
334 0.010776
335 0.010568
336 0.010266
337 0.009913
338 0.009701
339 0.009305
340 0.009010
341 0.008820
342 0.008686
343 0.008487
344 0.008146
345 0.007814
346 0.007470
347 0.007205
348 0.006942
349 0.006751
350 0.006518
351 0.006260
352 0.006028
353 0.005781
354 0.005630
355 0.005388
356 0.005223
357 0.004973
358 0.004770
359 0.004526
360 0.004284
361 0.004101
362 0.003924
363 0.003851
364 0.003728
365 0.003679
366 0.003521
367 0.003397
368 0.003179
369 0.002953
370 0.002751
371 0.002631
372 0.002538
373 0.002447
374 0.002252
375 0.002104
376 0.001994
377 0.002004
378 0.001775
379 0.001694
380 0.001621
381 0.001522
382 0.001438
383 0.001344
384 0.001269
385 0.001190
386 0.001118
387 0.001050
388 0.000993
389 0.000934
390 0.000891
391 0.000832
392 0.000788
393 0.000731
394 0.000690
395 0.000648
396 0.000611
397 0.000581
398 0.000542
399 0.000510
400 0.000481
401 0.000456
402 0.000428
403 0.000404
404 0.000384
405 0.000362
406 0.000343
407 0.000326
408 0.000314
409 0.000307
410 0.000303
411 0.000305
412 0.000302
413 0.000300
414 0.000289
415 0.000281
416 0.000274
417 0.000279
418 0.000277
419 0.000279
420 0.000266
421 0.000263
422 0.000260
423 0.000271
424 0.000251
425 0.000251
426 0.000251
427 0.000244
428 0.000237
429 0.000226
430 0.000214
431 0.000203
432 0.000191
433 0.000180
434 0.000171
435 0.000162
436 0.000153
437 0.000145
438 0.000135
439 0.000127
440 0.000119
441 0.000112
442 0.000106
443 0.000099
444 0.000094
445 0.000089
446 0.000085
447 0.000082
448 0.000077
449 0.000075
450 0.000070
451 0.000067
452 0.000064
453 0.000061
454 0.000060
455 0.000058
456 0.000058
457 0.000057
458 0.000054
459 0.000052
460 0.000047
461 0.000045
462 0.000042
463 0.000041
464 0.000040
465 0.000038
466 0.000036
467 0.000031
468 0.000031
469 0.000029
470 0.000027
471 0.000024
472 0.000024
473 0.000022
474 0.000021
475 0.000020
476 0.000018
477 0.000018
478 0.000016
479 0.000015
480 0.000014
481 0.000013
482 0.000012
483 0.000012
484 0.000011
485 0.000011
486 0.000010
487 0.000009
488 0.000009
489 0.000008
490 0.000008
491 0.000007
492 0.000007
493 0.000006
494 0.000006
495 0.000005
496 0.000005
497 0.000004
498 0.000004
499 0.000004
500 0.000003
501 0.000003
502 0.000003
503 0.000003
504 0.000003
505 0.000002
506 0.000002
507 0.000002
508 0.000002
509 0.000002
510 0.000002
511 0.000002
512 0.000002
513 0.000002
514 0.000002
515 0.000002
516 0.000002
517 0.000002
518 0.000002
519 0.000002
520 0.000002
521 0.000002
522 0.000002
523 0.000002
524 0.000002
525 0.000002
526 0.000002
527 0.000002
528 0.000002
529 0.000002
530 0.000002
531 0.000002
532 0.000002
533 0.000002
534 0.000002
535 0.000002
536 0.000002
537 0.000002
538 0.000002
539 0.000002
540 0.000001
541 0.000001
542 0.000001
543 0.000001
544 0.000001
545 0.000001
546 0.000001
547 0.000001
548 0.000001
549 0.000001
550 0.000001
551 0.000001
552 0.000001
553 0.000001
554 0.000001
555 0.000000
556 0.000000
557 0.000000
558 0.000000
559 0.000000
560 0.000001
561 0.000001
562 0.000001
563 0.000001
564 0.000001
565 0.000001
566 0.000001
567 0.000001
568 0.000001
569 0.000001
570 0.000001
571 0.000001
572 0.000000
573 0.000000
574 0.000000
575 0.000000
576 0.000000
577 0.000000
578 0.000000
579 0.000000
580 0.000000
581 0.000000
582 0.000000
583 0.000000
584 0.000000
585 0.000000
586 0.000000
587 0.000000
588 0.000000
589 0.000000
590 0.000000
591 0.000000
592 0.000000
593 0.000000
594 0.000000
595 0.000000
596 0.000000
597 0.000000
598 0.000000
599 0.000000
600 0.000000
601 0.000000
602 0.000000
603 0.000000
604 0.000000
605 0.000000
606 0.000000
607 0.000000
608 0.000000
609 0.000000
610 0.000000
611 0.000000
612 0.000000
613 0.000000
614 0.000000
615 0.000000
616 0.000000
617 0.000000
618 0.000000
619 0.000000
620 0.000000
621 0.000000
622 0.000000
623 0.000000
624 0.000000
625 0.000000
626 0.000000
627 0.000000
628 0.000000
629 0.000000
630 0.000000
631 0.000000
632 0.000000
633 0.000000
634 0.000000
635 0.000000
636 0.000000
637 0.000000
638 0.000000
639 0.000000
640 0.000000
641 0.000000
642 0.000000
643 0.000000
644 0.000000
645 0.000000
646 0.000000
647 0.000000
648 0.000000
649 0.000000
650 0.000000
651 0.000000
652 0.000000
653 0.000000
654 0.000000
655 0.000000
656 0.000000
657 0.000000
658 0.000000
659 0.000000
660 0.000000
661 0.000000
662 0.000000
663 0.000000
664 0.000000
665 0.000000
666 0.000000
667 0.000000
668 0.000000
669 0.000000
670 0.000000
671 0.000000
672 0.000000
673 0.000000
674 0.000000
675 0.000000
676 0.000000
677 0.000000
678 0.000000
679 0.000000
680 0.000000
681 0.000000
682 0.000000
683 0.000000
684 0.000000
685 0.000000
686 0.000000
687 0.000000
688 0.000000
689 0.000000
690 0.000000
691 0.000000
692 0.000000
693 0.000000
694 0.000000
695 0.000000
696 0.000000
697 0.000000
