#ite residual of mtx/thermal2.mtx
1 40.236940
2 25.662911
3 30.635907
4 29.693761
5 30.617216
6 31.221989
7 30.901290
8 32.193185
9 31.843625
10 33.133036
11 33.319107
12 34.164270
13 34.939905
14 35.364811
15 36.669782
16 37.153865
17 38.433596
18 39.254496
19 40.337500
20 41.357502
21 42.080210
22 43.320656
23 43.970379
24 45.338320
25 45.766919
26 46.717726
27 45.945189
28 46.755773
29 46.846556
30 46.887388
31 47.887716
32 47.135725
33 47.693901
34 46.638349
35 47.094840
36 46.452862
37 45.821294
38 45.954269
39 44.602232
40 45.138537
41 43.377837
42 43.767788
43 42.446392
44 41.590347
45 41.327491
46 37.886857
47 34.827639
48 23.366825
49 16.463015
50 19.216924
51 16.171289
52 15.765293
53 14.680201
54 13.242341
55 13.260898
56 11.919779
57 11.515389
58 10.844114
59 10.113782
60 9.815005
61 9.041423
62 8.878870
63 8.352964
64 8.153997
65 7.823580
66 7.839617
67 7.201778
68 6.947587
69 6.376682
70 6.106128
71 5.642914
72 5.276863
73 5.071280
74 4.767122
75 4.576232
76 4.280040
77 4.122671
78 3.803790
79 3.647625
80 3.336779
81 3.128990
82 2.830354
83 2.692414
84 2.564100
85 2.381420
86 2.293573
87 2.214048
88 2.164636
89 2.165439
90 2.196354
91 2.191175
92 2.177884
93 1.961942
94 1.735204
95 1.362764
96 1.738969
97 1.473371
98 1.478388
99 1.388577
100 1.392019
101 1.354114
102 1.350511
103 1.326167
104 1.315802
105 1.311554
106 1.292422
107 1.332897
108 1.307661
109 1.343177
110 1.281803
111 1.280713
112 1.207409
113 1.221932
114 1.211407
115 1.177930
116 1.184833
117 1.132780
118 1.106902
119 1.075954
120 1.041943
121 1.026292
122 0.983369
123 0.970979
124 0.937801
125 0.904138
126 0.886690
127 0.852383
128 0.847033
129 0.809639
130 0.780876
131 0.753871
132 0.735792
133 0.719643
134 0.713077
135 0.713399
136 0.740219
137 0.736982
138 0.733437
139 0.671649
140 0.614841
141 0.530578
142 0.593238
143 0.578690
144 0.528782
145 0.542233
146 0.537863
147 0.529043
148 0.542821
149 0.534567
150 0.554033
151 0.546051
152 0.566186
153 0.570834
154 0.575995
155 0.571910
156 0.568137
157 0.567998
158 0.564657
159 0.568555
160 0.577735
161 0.574748
162 0.578645
163 0.572816
164 0.568382
165 0.559427
166 0.559763
167 0.547523
168 0.544852
169 0.531291
170 0.527811
171 0.516785
172 0.507887
173 0.500443
174 0.489778
175 0.485139
176 0.461897
177 0.458348
178 0.442265
179 0.445687
180 0.445371
181 0.454800
182 0.459944
183 0.463305
184 0.446414
185 0.421927
186 0.387805
187 0.370802
188 0.369588
189 0.393474
190 0.336609
191 0.347678
192 0.337619
193 0.336608
194 0.329965
195 0.330213
196 0.327931
197 0.328543
198 0.323220
199 0.324529
200 0.320120
201 0.313702
202 0.312317
203 0.302547
204 0.306814
205 0.298066
206 0.305060
207 0.298649
208 0.294111
209 0.290821
210 0.274984
211 0.273798
212 0.265198
213 0.260000
214 0.251251
215 0.248444
216 0.238283
217 0.232523
218 0.226861
219 0.221236
220 0.216552
221 0.210567
222 0.202867
223 0.196164
224 0.191740
225 0.189530
226 0.187622
227 0.186634
228 0.184508
229 0.183530
230 0.173160
231 0.165576
232 0.151001
233 0.147778
234 0.146896
235 0.157870
236 0.140616
237 0.142424
238 0.143939
239 0.141682
240 0.141993
241 0.141510
242 0.140593
243 0.141194
244 0.140441
245 0.139589
246 0.138540
247 0.133777
248 0.129837
249 0.123525
250 0.128268
251 0.129700
252 0.128819
253 0.126462
254 0.126656
255 0.123988
256 0.122633
257 0.118108
258 0.115795
259 0.112807
260 0.109038
261 0.106174
262 0.101937
263 0.100230
264 0.097049
265 0.094552
266 0.092479
267 0.088420
268 0.087087
269 0.083844
270 0.083537
271 0.080295
272 0.079571
273 0.077988
274 0.077439
275 0.076086
276 0.071798
277 0.067362
278 0.062008
279 0.059282
280 0.059381
281 0.059316
282 0.056718
283 0.052193
284 0.056600
285 0.053532
286 0.053373
287 0.053236
288 0.051984
289 0.052351
290 0.051094
291 0.051344
292 0.050416
293 0.049851
294 0.048359
295 0.047521
296 0.046868
297 0.049183
298 0.048322
299 0.047974
300 0.047401
301 0.046906
302 0.045768
303 0.045288
304 0.044272
305 0.043874
306 0.042748
307 0.042011
308 0.041067
309 0.040258
310 0.039604
311 0.038481
312 0.037589
313 0.036294
314 0.035436
315 0.034521
316 0.034268
317 0.033605
318 0.033593
319 0.033436
320 0.033119
321 0.031789
322 0.030271
323 0.028391
324 0.027715
325 0.026881
326 0.027568
327 0.026635
328 0.025647
329 0.024402
330 0.025981
331 0.024814
332 0.024369
333 0.024358
334 0.023712
335 0.023796
336 0.023591
337 0.023289
338 0.023045
339 0.022512
340 0.022069
341 0.021919
342 0.021975
343 0.022475
344 0.021862
345 0.021718
346 0.021454
347 0.021548
348 0.021451
349 0.021408
350 0.020940
351 0.020398
352 0.019866
353 0.019475
354 0.019303
355 0.019028
356 0.018859
357 0.018489
358 0.018159
359 0.017980
360 0.017545
361 0.017505
362 0.017355
363 0.017674
364 0.017774
365 0.017784
366 0.017696
367 0.017175
368 0.016635
369 0.015748
370 0.015533
371 0.015345
372 0.015619
373 0.015365
374 0.014782
375 0.014286
376 0.014998
377 0.015144
378 0.014603
379 0.015108
380 0.015243
381 0.015085
382 0.015234
383 0.014907
384 0.014888
385 0.014577
386 0.014425
387 0.014418
388 0.014514
389 0.014957
390 0.015013
391 0.014933
392 0.015044
393 0.014795
394 0.014645
395 0.014331
396 0.014290
397 0.013961
398 0.013710
399 0.013295
400 0.013139
401 0.012714
402 0.012384
403 0.012054
404 0.011715
405 0.011489
406 0.011065
407 0.010852
408 0.010430
409 0.010368
410 0.010035
411 0.009792
412 0.009314
413 0.008759
414 0.008085
415 0.007516
416 0.006987
417 0.006748
418 0.006289
419 0.005927
420 0.005319
421 0.004989
422 0.004747
423 0.004627
424 0.004096
425 0.003974
426 0.003795
427 0.003609
428 0.003463
429 0.003248
430 0.002998
431 0.002796
432 0.002637
433 0.002528
434 0.002481
435 0.002444
436 0.002432
437 0.002381
438 0.002394
439 0.002408
440 0.002479
441 0.002536
442 0.002633
443 0.002719
444 0.002831
445 0.002961
446 0.003076
447 0.003236
448 0.003335
449 0.003508
450 0.003639
451 0.003791
452 0.003947
453 0.004063
454 0.004260
455 0.004471
456 0.004579
457 0.004771
458 0.004701
459 0.004713
460 0.004579
461 0.004524
462 0.004621
463 0.004633
464 0.004726
465 0.004581
466 0.004306
467 0.004292
468 0.004380
469 0.004408
470 0.004178
471 0.004308
472 0.004207
473 0.004347
474 0.004240
475 0.004303
476 0.004172
477 0.004012
478 0.003913
479 0.003796
480 0.003798
481 0.003761
482 0.003999
483 0.003932
484 0.003987
485 0.003996
486 0.004026
487 0.004033
488 0.004051
489 0.003994
490 0.003996
491 0.003919
492 0.003985
493 0.003883
494 0.003970
495 0.003967
496 0.004087
497 0.004162
498 0.004205
499 0.004124
500 0.004233
501 0.004092
502 0.004259
503 0.003995
504 0.004098
505 0.003891
506 0.003856
507 0.003709
508 0.003618
509 0.003484
510 0.003301
511 0.003124
512 0.002888
513 0.002766
514 0.002629
515 0.002515
516 0.002342
517 0.002137
518 0.002113
519 0.001950
520 0.001813
521 0.001747
522 0.001572
523 0.001507
524 0.001407
525 0.001361
526 0.001305
527 0.001249
528 0.001185
529 0.001115
530 0.001073
531 0.001042
532 0.000999
533 0.000978
534 0.000939
535 0.000900
536 0.000869
537 0.000827
538 0.000805
539 0.000767
540 0.000726
541 0.000693
542 0.000651
543 0.000632
544 0.000607
545 0.000592
546 0.000576
547 0.000557
548 0.000545
549 0.000514
550 0.000493
551 0.000458
552 0.000433
553 0.000400
554 0.000379
555 0.000354
556 0.000329
557 0.000301
558 0.000276
559 0.000255
560 0.000247
561 0.000225
562 0.000215
563 0.000201
564 0.000203
565 0.000197
566 0.000190
567 0.000193
568 0.000187
569 0.000192
570 0.000200
571 0.000210
572 0.000230
573 0.000242
574 0.000259
575 0.000272
576 0.000295
577 0.000324
578 0.000350
579 0.000387
580 0.000414
581 0.000440
582 0.000463
583 0.000476
584 0.000488
585 0.000479
586 0.000459
587 0.000433
588 0.000400
589 0.000371
590 0.000338
591 0.000311
592 0.000285
593 0.000268
594 0.000251
595 0.000238
596 0.000226
597 0.000217
598 0.000213
599 0.000212
600 0.000219
601 0.000222
602 0.000230
603 0.000231
604 0.000240
605 0.000237
606 0.000241
607 0.000229
608 0.000220
609 0.000206
610 0.000203
611 0.000193
612 0.000181
613 0.000179
614 0.000171
615 0.000168
616 0.000173
617 0.000179
618 0.000191
619 0.000199
620 0.000206
621 0.000210
622 0.000206
623 0.000202
624 0.000186
625 0.000175
626 0.000162
627 0.000153
628 0.000150
629 0.000152
630 0.000162
631 0.000171
632 0.000182
633 0.000186
634 0.000185
635 0.000182
636 0.000175
637 0.000175
638 0.000173
639 0.000178
640 0.000181
641 0.000180
642 0.000177
643 0.000170
644 0.000165
645 0.000161
646 0.000157
647 0.000157
648 0.000148
649 0.000145
650 0.000136
651 0.000137
652 0.000136
653 0.000138
654 0.000138
655 0.000138
656 0.000140
657 0.000140
658 0.000137
659 0.000132
660 0.000137
661 0.000129
662 0.000130
663 0.000125
664 0.000121
665 0.000116
666 0.000109
667 0.000107
668 0.000102
669 0.000099
670 0.000098
671 0.000095
672 0.000096
673 0.000092
674 0.000092
675 0.000091
676 0.000089
677 0.000089
678 0.000086
679 0.000084
680 0.000083
681 0.000082
682 0.000083
683 0.000082
684 0.000084
685 0.000084
686 0.000085
687 0.000085
688 0.000082
689 0.000083
690 0.000081
691 0.000080
692 0.000081
693 0.000081
694 0.000080
695 0.000081
696 0.000080
697 0.000082
698 0.000081
699 0.000082
700 0.000080
701 0.000081
702 0.000082
703 0.000083
704 0.000081
705 0.000080
706 0.000080
707 0.000076
708 0.000074
709 0.000071
710 0.000067
711 0.000063
712 0.000061
713 0.000058
714 0.000056
715 0.000054
716 0.000053
717 0.000052
718 0.000051
719 0.000051
720 0.000050
721 0.000050
722 0.000049
723 0.000050
724 0.000048
725 0.000048
726 0.000048
727 0.000047
728 0.000047
729 0.000047
730 0.000047
731 0.000045
732 0.000044
733 0.000042
734 0.000040
735 0.000038
736 0.000037
737 0.000035
738 0.000034
739 0.000034
740 0.000033
741 0.000032
742 0.000032
743 0.000032
744 0.000031
745 0.000030
746 0.000029
747 0.000029
748 0.000029
749 0.000028
750 0.000027
751 0.000026
752 0.000026
753 0.000024
754 0.000023
755 0.000022
756 0.000021
757 0.000020
758 0.000020
759 0.000019
760 0.000019
761 0.000018
762 0.000018
763 0.000018
764 0.000018
765 0.000017
766 0.000017
767 0.000017
768 0.000017
769 0.000016
770 0.000016
771 0.000016
772 0.000015
773 0.000015
774 0.000015
775 0.000015
776 0.000014
777 0.000014
778 0.000014
779 0.000014
780 0.000014
781 0.000014
782 0.000014
783 0.000014
784 0.000014
785 0.000014
786 0.000014
787 0.000013
788 0.000013
789 0.000013
790 0.000013
791 0.000013
792 0.000013
793 0.000013
794 0.000013
795 0.000013
796 0.000013
797 0.000013
798 0.000013
799 0.000013
800 0.000012
801 0.000012
802 0.000012
803 0.000011
804 0.000011
805 0.000010
806 0.000010
807 0.000010
808 0.000010
809 0.000010
810 0.000010
811 0.000010
812 0.000010
813 0.000009
814 0.000009
815 0.000009
816 0.000009
817 0.000009
818 0.000009
819 0.000009
820 0.000009
821 0.000009
822 0.000009
823 0.000010
824 0.000010
825 0.000010
826 0.000010
827 0.000010
828 0.000010
829 0.000010
830 0.000010
831 0.000010
832 0.000010
833 0.000010
834 0.000011
835 0.000011
836 0.000011
837 0.000011
838 0.000011
839 0.000011
840 0.000011
841 0.000012
842 0.000012
843 0.000012
844 0.000012
845 0.000012
846 0.000011
847 0.000011
848 0.000011
849 0.000010
850 0.000010
851 0.000010
852 0.000009
853 0.000009
854 0.000009
855 0.000009
856 0.000009
857 0.000009
858 0.000009
859 0.000009
860 0.000009
861 0.000009
862 0.000008
863 0.000008
864 0.000008
865 0.000008
866 0.000008
867 0.000007
868 0.000007
869 0.000007
870 0.000007
871 0.000006
872 0.000006
873 0.000006
874 0.000006
875 0.000006
876 0.000005
877 0.000005
878 0.000005
879 0.000005
880 0.000005
881 0.000005
882 0.000005
883 0.000005
884 0.000004
885 0.000004
886 0.000004
887 0.000004
888 0.000004
889 0.000004
890 0.000004
891 0.000004
892 0.000004
893 0.000004
894 0.000004
895 0.000004
896 0.000004
897 0.000004
898 0.000003
899 0.000003
900 0.000003
901 0.000003
902 0.000003
903 0.000003
904 0.000003
905 0.000003
906 0.000003
907 0.000003
908 0.000003
909 0.000003
910 0.000003
911 0.000002
912 0.000002
913 0.000002
914 0.000002
915 0.000002
916 0.000002
917 0.000002
918 0.000002
919 0.000002
920 0.000002
921 0.000002
922 0.000002
923 0.000002
924 0.000002
925 0.000002
926 0.000002
927 0.000002
928 0.000002
929 0.000002
930 0.000002
931 0.000002
932 0.000002
933 0.000002
934 0.000002
935 0.000002
936 0.000002
937 0.000002
938 0.000002
939 0.000002
940 0.000002
941 0.000002
942 0.000002
943 0.000002
944 0.000002
945 0.000002
946 0.000002
947 0.000002
948 0.000002
949 0.000002
950 0.000002
951 0.000002
952 0.000002
953 0.000002
954 0.000002
955 0.000002
956 0.000002
957 0.000002
958 0.000002
959 0.000002
960 0.000002
961 0.000002
962 0.000002
963 0.000002
964 0.000002
965 0.000002
966 0.000002
967 0.000002
968 0.000002
969 0.000001
970 0.000001
971 0.000001
972 0.000001
973 0.000001
974 0.000001
975 0.000001
976 0.000001
977 0.000001
978 0.000001
979 0.000001
980 0.000001
981 0.000001
982 0.000001
983 0.000001
984 0.000001
985 0.000001
986 0.000001
987 0.000001
988 0.000001
989 0.000001
990 0.000001
991 0.000001
992 0.000001
993 0.000001
994 0.000001
995 0.000001
996 0.000001
997 0.000001
998 0.000001
999 0.000001
1000 0.000001
1001 0.000001
1002 0.000001
1003 0.000001
1004 0.000001
1005 0.000001
1006 0.000001
1007 0.000001
1008 0.000001
1009 0.000001
1010 0.000001
1011 0.000001
1012 0.000001
1013 0.000001
1014 0.000001
1015 0.000001
1016 0.000001
1017 0.000001
1018 0.000001
1019 0.000001
1020 0.000001
1021 0.000001
1022 0.000001
1023 0.000001
1024 0.000001
1025 0.000001
1026 0.000001
1027 0.000001
1028 0.000001
1029 0.000001
1030 0.000001
1031 0.000001
1032 0.000001
1033 0.000001
1034 0.000001
1035 0.000001
1036 0.000001
1037 0.000001
1038 0.000001
1039 0.000001
1040 0.000001
1041 0.000001
1042 0.000001
1043 0.000001
1044 0.000001
1045 0.000001
1046 0.000001
1047 0.000001
1048 0.000001
1049 0.000001
1050 0.000001
1051 0.000001
1052 0.000001
1053 0.000001
1054 0.000001
1055 0.000000
1056 0.000000
1057 0.000000
1058 0.000000
1059 0.000000
1060 0.000000
1061 0.000000
1062 0.000000
1063 0.000000
1064 0.000000
1065 0.000000
1066 0.000000
1067 0.000000
1068 0.000000
1069 0.000000
1070 0.000000
1071 0.000000
1072 0.000000
1073 0.000000
1074 0.000000
1075 0.000000
1076 0.000000
1077 0.000000
1078 0.000000
1079 0.000000
1080 0.000000
1081 0.000000
1082 0.000000
1083 0.000000
1084 0.000000
1085 0.000000
1086 0.000000
1087 0.000000
1088 0.000000
1089 0.000000
1090 0.000000
1091 0.000000
1092 0.000000
1093 0.000000
1094 0.000000
1095 0.000000
1096 0.000000
1097 0.000000
1098 0.000000
1099 0.000000
1100 0.000000
1101 0.000000
1102 0.000000
1103 0.000000
1104 0.000000
1105 0.000000
1106 0.000000
1107 0.000000
1108 0.000000
1109 0.000000
1110 0.000000
1111 0.000000
1112 0.000000
1113 0.000000
1114 0.000000
1115 0.000000
1116 0.000000
1117 0.000000
1118 0.000000
1119 0.000000
1120 0.000000
1121 0.000000
1122 0.000000
1123 0.000000
1124 0.000000
1125 0.000000
1126 0.000000
1127 0.000000
1128 0.000000
1129 0.000000
1130 0.000000
1131 0.000000
1132 0.000000
1133 0.000000
1134 0.000000
1135 0.000000
1136 0.000000
1137 0.000000
1138 0.000000
1139 0.000000
1140 0.000000
1141 0.000000
1142 0.000000
1143 0.000000
1144 0.000000
1145 0.000000
1146 0.000000
1147 0.000000
1148 0.000000
1149 0.000000
1150 0.000000
1151 0.000000
1152 0.000000
1153 0.000000
1154 0.000000
1155 0.000000
1156 0.000000
1157 0.000000
1158 0.000000
1159 0.000000
1160 0.000000
1161 0.000000
1162 0.000000
1163 0.000000
1164 0.000000
1165 0.000000
1166 0.000000
1167 0.000000
1168 0.000000
1169 0.000000
1170 0.000000
1171 0.000000
1172 0.000000
1173 0.000000
1174 0.000000
1175 0.000000
1176 0.000000
1177 0.000000
1178 0.000000
1179 0.000000
1180 0.000000
