#ite residual of mtx/thermal1.mtx
1 20.117944
2 14.579826
3 14.315678
4 14.884148
5 14.687277
6 15.060277
7 14.724415
8 14.961221
9 14.927711
10 14.260860
11 8.486673
12 8.861456
13 8.691154
14 8.582301
15 8.673588
16 8.533483
17 8.753703
18 8.526665
19 8.741909
20 7.327007
21 5.878189
22 6.130925
23 6.214375
24 6.089358
25 6.246458
26 6.094382
27 6.245301
28 6.167381
29 5.825685
30 4.764041
31 4.863919
32 4.752723
33 4.736512
34 4.800365
35 4.739899
36 4.802642
37 4.709518
38 4.722644
39 4.106362
40 3.731924
41 3.899324
42 3.873455
43 3.868380
44 3.941738
45 3.833162
46 3.939077
47 3.855840
48 3.630488
49 3.244318
50 3.245489
51 3.240765
52 3.253074
53 3.289147
54 3.224119
55 3.245082
56 3.207792
57 3.186842
58 2.859146
59 2.724629
60 2.843523
61 2.780931
62 2.794672
63 2.789455
64 2.766905
65 2.781281
66 2.733225
67 2.601438
68 2.431863
69 2.449913
70 2.448143
71 2.439669
72 2.472657
73 2.419977
74 2.444364
75 2.433035
76 2.364728
77 2.155608
78 2.109483
79 2.169058
80 2.109160
81 2.159970
82 2.136245
83 2.120359
84 2.146996
85 2.103095
86 1.967914
87 1.896806
88 1.958456
89 1.926700
90 1.924656
91 1.931533
92 1.923163
93 1.920736
94 1.892565
95 1.826868
96 1.722962
97 1.733524
98 1.754650
99 1.720415
100 1.748260
101 1.703664
102 1.724394
103 1.742824
104 1.664704
105 1.598418
106 1.573647
107 1.593692
108 1.570639
109 1.601715
110 1.613290
111 1.584611
112 1.565937
113 1.552967
114 1.497358
115 1.430874
116 1.440665
117 1.440849
118 1.409286
119 1.433024
120 1.428156
121 1.416645
122 1.421852
123 1.369547
124 1.324854
125 1.299858
126 1.329690
127 1.302632
128 1.311279
129 1.310185
130 1.300339
131 1.298325
132 1.275679
133 1.232079
134 1.191086
135 1.218362
136 1.210095
137 1.204806
138 1.196486
139 1.192182
140 1.192553
141 1.188411
142 1.142679
143 1.118913
144 1.127323
145 1.131277
146 1.117468
147 1.110963
148 1.093714
149 1.096029
150 1.091219
151 1.059326
152 1.043874
153 1.028207
154 1.043261
155 1.018416
156 1.015019
157 0.962117
158 0.968773
159 0.976573
160 0.955414
161 0.923021
162 0.893636
163 0.915207
164 0.905014
165 0.909183
166 0.882354
167 0.871555
168 0.868209
169 0.854025
170 0.828026
171 0.817474
172 0.819980
173 0.819698
174 0.814056
175 0.798831
176 0.775000
177 0.774897
178 0.776694
179 0.752745
180 0.746456
181 0.740634
182 0.760149
183 0.752143
184 0.742341
185 0.718073
186 0.708473
187 0.711902
188 0.699427
189 0.682754
190 0.669740
191 0.681386
192 0.680695
193 0.682521
194 0.673501
195 0.664507
196 0.665103
197 0.659154
198 0.635161
199 0.625533
200 0.622085
201 0.633312
202 0.626545
203 0.617840
204 0.603722
205 0.607553
206 0.611456
207 0.597216
208 0.587561
209 0.573636
210 0.577622
211 0.577499
212 0.571809
213 0.561708
214 0.556892
215 0.562768
216 0.559909
217 0.547037
218 0.535782
219 0.536456
220 0.538008
221 0.537406
222 0.534427
223 0.528497
224 0.531585
225 0.532578
226 0.519139
227 0.515753
228 0.511963
229 0.516161
230 0.511882
231 0.505940
232 0.500302
233 0.501172
234 0.507818
235 0.495680
236 0.490591
237 0.487582
238 0.494535
239 0.490881
240 0.490781
241 0.490907
242 0.485136
243 0.488655
244 0.488541
245 0.478788
246 0.474298
247 0.481532
248 0.479768
249 0.475531
250 0.473293
251 0.473762
252 0.472361
253 0.476983
254 0.467383
255 0.459766
256 0.457954
257 0.457757
258 0.458697
259 0.448957
260 0.444379
261 0.441783
262 0.445383
263 0.435102
264 0.427370
265 0.424938
266 0.428814
267 0.426961
268 0.419516
269 0.418344
270 0.413528
271 0.413731
272 0.409863
273 0.404971
274 0.395690
275 0.397182
276 0.397315
277 0.397081
278 0.390512
279 0.386528
280 0.383614
281 0.386452
282 0.377348
283 0.370140
284 0.373521
285 0.374592
286 0.372430
287 0.359332
288 0.355875
289 0.350783
290 0.350431
291 0.347252
292 0.338584
293 0.331143
294 0.332396
295 0.335396
296 0.331835
297 0.328045
298 0.324733
299 0.321888
300 0.320983
301 0.319226
302 0.312032
303 0.309288
304 0.306157
305 0.303291
306 0.298728
307 0.294407
308 0.293075
309 0.295182
310 0.290471
311 0.281622
312 0.278019
313 0.278950
314 0.276611
315 0.271941
316 0.270436
317 0.267692
318 0.268189
319 0.263526
320 0.257748
321 0.253150
322 0.255125
323 0.251429
324 0.248691
325 0.247034
326 0.245800
327 0.240006
328 0.237832
329 0.230948
330 0.224412
331 0.224981
332 0.223452
333 0.223103
334 0.220312
335 0.219257
336 0.216930
337 0.214959
338 0.210666
339 0.205407
340 0.201498
341 0.198463
342 0.196333
343 0.194685
344 0.190798
345 0.187458
346 0.186374
347 0.184185
348 0.178579
349 0.175166
350 0.173561
351 0.170800
352 0.169581
353 0.166783
354 0.165991
355 0.163950
356 0.162376
357 0.157173
358 0.152276
359 0.149084
360 0.147122
361 0.145098
362 0.142543
363 0.140530
364 0.137130
365 0.134689
366 0.131528
367 0.127277
368 0.123050
369 0.122576
370 0.119271
371 0.117238
372 0.113375
373 0.111380
374 0.109230
375 0.107988
376 0.105107
377 0.101667
378 0.098630
379 0.095628
380 0.092526
381 0.089721
382 0.087110
383 0.083566
384 0.081879
385 0.078427
386 0.074608
387 0.070497
388 0.068556
389 0.066414
390 0.063802
391 0.061101
392 0.058647
393 0.055699
394 0.053021
395 0.049711
396 0.046587
397 0.044041
398 0.041069
399 0.038717
400 0.035834
401 0.033267
402 0.030070
403 0.027304
404 0.024220
405 0.021359
406 0.018661
407 0.016029
408 0.013576
409 0.011139
410 0.009050
411 0.007253
412 0.005869
413 0.004713
414 0.003851
415 0.003275
416 0.002953
417 0.002746
418 0.002655
419 0.002618
420 0.002574
421 0.002528
422 0.002493
423 0.002430
424 0.002345
425 0.002302
426 0.002225
427 0.002151
428 0.002072
429 0.002030
430 0.002010
431 0.002018
432 0.001985
433 0.001914
434 0.001873
435 0.001803
436 0.001736
437 0.001678
438 0.001628
439 0.001599
440 0.001593
441 0.001588
442 0.001575
443 0.001551
444 0.001541
445 0.001503
446 0.001477
447 0.001453
448 0.001426
449 0.001427
450 0.001412
451 0.001390
452 0.001360
453 0.001341
454 0.001301
455 0.001269
456 0.001239
457 0.001214
458 0.001178
459 0.001144
460 0.001110
461 0.001072
462 0.001026
463 0.000992
464 0.000960
465 0.000936
466 0.000925
467 0.000909
468 0.000906
469 0.000903
470 0.000892
471 0.000873
472 0.000857
473 0.000816
474 0.000782
475 0.000741
476 0.000719
477 0.000707
478 0.000688
479 0.000680
480 0.000662
481 0.000648
482 0.000624
483 0.000601
484 0.000579
485 0.000564
486 0.000551
487 0.000538
488 0.000522
489 0.000510
490 0.000493
491 0.000472
492 0.000445
493 0.000421
494 0.000402
495 0.000390
496 0.000387
497 0.000381
498 0.000378
499 0.000371
500 0.000366
501 0.000351
502 0.000337
503 0.000322
504 0.000310
505 0.000311
506 0.000307
507 0.000311
508 0.000310
509 0.000310
510 0.000309
511 0.000303
512 0.000304
513 0.000303
514 0.000308
515 0.000314
516 0.000318
517 0.000317
518 0.000318
519 0.000320
520 0.000322
521 0.000325
522 0.000326
523 0.000326
524 0.000332
525 0.000335
526 0.000341
527 0.000347
528 0.000354
529 0.000361
530 0.000364
531 0.000371
532 0.000380
533 0.000388
534 0.000394
535 0.000403
536 0.000407
537 0.000401
538 0.000401
539 0.000399
540 0.000397
541 0.000413
542 0.000413
543 0.000431
544 0.000436
545 0.000453
546 0.000454
547 0.000468
548 0.000466
549 0.000467
550 0.000467
551 0.000464
552 0.000464
553 0.000459
554 0.000456
555 0.000453
556 0.000449
557 0.000437
558 0.000424
559 0.000410
560 0.000395
561 0.000380
562 0.000365
563 0.000355
564 0.000339
565 0.000323
566 0.000302
567 0.000282
568 0.000260
569 0.000261
570 0.000242
571 0.000243
572 0.000228
573 0.000224
574 0.000214
575 0.000205
576 0.000196
577 0.000185
578 0.000182
579 0.000177
580 0.000176
581 0.000173
582 0.000173
583 0.000174
584 0.000175
585 0.000174
586 0.000173
587 0.000171
588 0.000172
589 0.000169
590 0.000170
591 0.000170
592 0.000172
593 0.000172
594 0.000173
595 0.000173
596 0.000177
597 0.000182
598 0.000186
599 0.000192
600 0.000195
601 0.000198
602 0.000199
603 0.000206
604 0.000204
605 0.000208
606 0.000209
607 0.000214
608 0.000213
609 0.000217
610 0.000219
611 0.000221
612 0.000224
613 0.000224
614 0.000225
615 0.000224
616 0.000227
617 0.000227
618 0.000229
619 0.000227
620 0.000228
621 0.000225
622 0.000224
623 0.000225
624 0.000224
625 0.000227
626 0.000223
627 0.000223
628 0.000218
629 0.000216
630 0.000210
631 0.000209
632 0.000202
633 0.000203
634 0.000201
635 0.000203
636 0.000202
637 0.000201
638 0.000200
639 0.000195
640 0.000191
641 0.000184
642 0.000181
643 0.000176
644 0.000174
645 0.000170
646 0.000167
647 0.000164
648 0.000158
649 0.000157
650 0.000153
651 0.000151
652 0.000147
653 0.000144
654 0.000140
655 0.000137
656 0.000133
657 0.000131
658 0.000129
659 0.000125
660 0.000119
661 0.000113
662 0.000109
663 0.000106
664 0.000104
665 0.000102
666 0.000101
667 0.000101
668 0.000102
669 0.000101
670 0.000101
671 0.000100
672 0.000098
673 0.000097
674 0.000097
675 0.000095
676 0.000095
677 0.000094
678 0.000094
679 0.000093
680 0.000094
681 0.000092
682 0.000093
683 0.000092
684 0.000091
685 0.000090
686 0.000089
687 0.000090
688 0.000089
689 0.000088
690 0.000089
691 0.000090
692 0.000089
693 0.000090
694 0.000090
695 0.000090
696 0.000091
697 0.000090
698 0.000090
699 0.000090
700 0.000090
701 0.000090
702 0.000089
703 0.000089
704 0.000089
705 0.000088
706 0.000087
707 0.000085
708 0.000084
709 0.000083
710 0.000082
711 0.000082
712 0.000080
713 0.000079
714 0.000078
715 0.000077
716 0.000075
717 0.000074
718 0.000073
719 0.000074
720 0.000073
721 0.000073
722 0.000075
723 0.000077
724 0.000078
725 0.000078
726 0.000077
727 0.000077
728 0.000077
729 0.000078
730 0.000077
731 0.000077
732 0.000077
733 0.000077
734 0.000078
735 0.000077
736 0.000077
737 0.000076
738 0.000076
739 0.000075
740 0.000074
741 0.000072
742 0.000071
743 0.000069
744 0.000067
745 0.000065
746 0.000062
747 0.000061
748 0.000059
749 0.000059
750 0.000060
751 0.000060
752 0.000061
753 0.000060
754 0.000060
755 0.000059
756 0.000059
757 0.000057
758 0.000056
759 0.000055
760 0.000055
761 0.000054
762 0.000053
763 0.000052
764 0.000051
765 0.000051
766 0.000050
767 0.000050
768 0.000049
769 0.000050
770 0.000049
771 0.000049
772 0.000047
773 0.000047
774 0.000046
775 0.000046
776 0.000045
777 0.000045
778 0.000045
779 0.000044
780 0.000043
781 0.000043
782 0.000042
783 0.000043
784 0.000043
785 0.000042
786 0.000041
787 0.000040
788 0.000040
789 0.000039
790 0.000039
791 0.000039
792 0.000038
793 0.000037
794 0.000037
795 0.000036
796 0.000036
797 0.000036
798 0.000035
799 0.000034
800 0.000033
801 0.000033
802 0.000032
803 0.000032
804 0.000032
805 0.000032
806 0.000031
807 0.000031
808 0.000030
809 0.000029
810 0.000029
811 0.000028
812 0.000028
813 0.000027
814 0.000027
815 0.000026
816 0.000026
817 0.000025
818 0.000025
819 0.000024
820 0.000023
821 0.000023
822 0.000022
823 0.000022
824 0.000022
825 0.000022
826 0.000022
827 0.000021
828 0.000021
829 0.000020
830 0.000020
831 0.000019
832 0.000019
833 0.000019
834 0.000018
835 0.000018
836 0.000018
837 0.000018
838 0.000017
839 0.000017
840 0.000017
841 0.000016
842 0.000016
843 0.000016
844 0.000016
845 0.000015
846 0.000015
847 0.000015
848 0.000015
849 0.000014
850 0.000014
851 0.000014
852 0.000013
853 0.000013
854 0.000013
855 0.000013
856 0.000013
857 0.000012
858 0.000012
859 0.000012
860 0.000012
861 0.000012
862 0.000012
863 0.000012
864 0.000011
865 0.000011
866 0.000011
867 0.000011
868 0.000011
869 0.000010
870 0.000010
871 0.000010
872 0.000010
873 0.000010
874 0.000009
875 0.000009
876 0.000009
877 0.000009
878 0.000009
879 0.000008
880 0.000008
881 0.000008
882 0.000008
883 0.000008
884 0.000008
885 0.000008
886 0.000007
887 0.000007
888 0.000007
889 0.000007
890 0.000007
891 0.000007
892 0.000006
893 0.000006
894 0.000006
895 0.000006
896 0.000006
897 0.000006
898 0.000006
899 0.000006
900 0.000006
901 0.000006
902 0.000006
903 0.000006
904 0.000006
905 0.000006
906 0.000005
907 0.000005
908 0.000005
909 0.000005
910 0.000005
911 0.000005
912 0.000005
913 0.000005
914 0.000005
915 0.000005
916 0.000005
917 0.000005
918 0.000005
919 0.000005
920 0.000005
921 0.000005
922 0.000005
923 0.000005
924 0.000005
925 0.000004
926 0.000004
927 0.000004
928 0.000004
929 0.000004
930 0.000004
931 0.000004
932 0.000004
933 0.000004
934 0.000004
935 0.000004
936 0.000004
937 0.000004
938 0.000004
939 0.000004
940 0.000004
941 0.000004
942 0.000004
943 0.000004
944 0.000003
945 0.000003
946 0.000003
947 0.000003
948 0.000003
949 0.000003
950 0.000003
951 0.000003
952 0.000003
953 0.000003
954 0.000003
955 0.000003
956 0.000002
957 0.000002
958 0.000002
959 0.000002
960 0.000002
961 0.000002
962 0.000002
963 0.000002
964 0.000002
965 0.000002
966 0.000002
967 0.000002
968 0.000002
969 0.000002
970 0.000002
971 0.000002
972 0.000002
973 0.000002
974 0.000002
975 0.000002
976 0.000002
977 0.000001
978 0.000001
979 0.000001
980 0.000001
981 0.000001
982 0.000001
983 0.000001
984 0.000001
985 0.000001
986 0.000001
987 0.000001
988 0.000001
989 0.000001
990 0.000001
991 0.000001
992 0.000001
993 0.000001
994 0.000001
995 0.000001
996 0.000001
