#ite residual of mtx/thermal1.mtx
1 13.322210
2 23.537546
3 18.929405
4 21.136654
5 19.869226
6 20.591045
7 20.193863
8 20.179023
9 20.342744
10 20.072648
11 20.329181
12 19.632953
13 20.501992
14 19.707151
15 20.486569
16 19.475353
17 20.408673
18 19.355698
19 20.141674
20 19.226599
21 20.014271
22 19.230250
23 19.738963
24 19.132609
25 19.355536
26 19.141497
27 19.100052
28 19.248951
29 19.142236
30 19.269259
31 18.803690
32 19.167727
33 18.678985
34 19.069490
35 18.729316
36 19.156485
37 18.630122
38 19.072039
39 18.636265
40 18.964629
41 18.611226
42 18.702793
43 18.450364
44 18.549081
45 18.492664
46 18.301589
47 18.362282
48 18.031862
49 18.247726
50 17.784902
51 18.048464
52 17.802612
53 18.155097
54 17.843828
55 18.176208
56 17.879372
57 17.923307
58 17.733116
59 17.828590
60 17.633769
61 17.694196
62 17.635762
63 17.433982
64 17.494460
65 17.263541
66 17.417162
67 17.127890
68 17.245798
69 16.920351
70 17.224741
71 17.001073
72 17.139486
73 17.017306
74 16.871026
75 16.792937
76 16.844608
77 16.811410
78 16.678515
79 16.716747
80 16.602788
81 16.843401
82 16.569172
83 16.827723
84 16.622399
85 16.713036
86 16.328825
87 16.285398
88 15.990815
89 16.069766
90 16.104122
91 16.097208
92 15.964733
93 15.922377
94 16.002658
95 15.648090
96 15.684858
97 15.736066
98 15.766653
99 15.601622
100 15.792460
101 15.677889
102 15.695322
103 15.401080
104 15.428910
105 15.367702
106 15.356345
107 15.216385
108 15.213501
109 15.236022
110 14.950100
111 15.245465
112 15.110684
113 14.977912
114 14.847312
115 15.088587
116 14.830150
117 14.831715
118 14.971081
119 15.223432
120 14.962301
121 14.802903
122 14.624863
123 14.613230
124 14.509973
125 14.426271
126 14.308786
127 14.152132
128 14.332240
129 14.315993
130 14.245088
131 14.101077
132 14.094211
133 13.919606
134 14.008727
135 13.927732
136 13.837288
137 13.842646
138 13.892093
139 13.772935
140 13.671036
141 13.652319
142 13.533546
143 13.556559
144 13.462515
145 13.488696
146 13.332401
147 13.329362
148 13.293487
149 13.219904
150 13.240351
151 13.185711
152 13.205965
153 13.137247
154 13.144949
155 13.035907
156 12.928179
157 12.753094
158 12.781627
159 12.614079
160 12.652147
161 12.659060
162 12.693066
163 12.553919
164 12.422722
165 12.423733
166 12.359104
167 12.443015
168 12.326779
169 12.342712
170 12.140839
171 12.079211
172 12.011178
173 12.003696
174 12.038958
175 12.129655
176 12.084576
177 12.014730
178 11.971895
179 11.886896
180 11.913188
181 11.768007
182 11.686154
183 11.561065
184 11.586849
185 11.452274
186 11.446617
187 11.332960
188 11.265044
189 11.247525
190 11.213602
191 11.236011
192 11.206217
193 11.166249
194 11.132635
195 11.082889
196 11.036948
197 11.085867
198 10.979086
199 10.931604
200 10.826319
201 10.796237
202 10.710868
203 10.755415
204 10.658927
205 10.575934
206 10.435515
207 10.369824
208 10.427164
209 10.472830
210 10.557523
211 10.547675
212 10.401480
213 10.175204
214 10.137299
215 10.020762
216 9.992777
217 9.925775
218 9.924147
219 9.846515
220 9.812749
221 9.703242
222 9.632715
223 9.612360
224 9.555861
225 9.487792
226 9.461674
227 9.373656
228 9.306112
229 9.305492
230 9.290874
231 9.315246
232 9.251032
233 9.258260
234 9.087228
235 9.045863
236 9.018808
237 8.974092
238 8.888471
239 8.802167
240 8.741636
241 8.666722
242 8.745137
243 8.657527
244 8.586615
245 8.547376
246 8.589452
247 8.532497
248 8.479963
249 8.488816
250 8.473278
251 8.369146
252 8.265269
253 8.223742
254 8.126575
255 8.104335
256 8.083244
257 7.963644
258 7.837322
259 7.873202
260 7.816884
261 7.773174
262 7.710268
263 7.691015
264 7.659769
265 7.618259
266 7.563975
267 7.558516
268 7.484057
269 7.398146
270 7.446074
271 7.368437
272 7.293567
273 7.198461
274 7.193941
275 7.134726
276 7.073051
277 6.972482
278 6.964228
279 6.924100
280 6.823815
281 6.779312
282 6.733719
283 6.692383
284 6.661947
285 6.663365
286 6.619547
287 6.582747
288 6.469476
289 6.471515
290 6.448740
291 6.390015
292 6.331535
293 6.316176
294 6.229137
295 6.153559
296 6.050411
297 5.995066
298 5.960888
299 5.911939
300 5.931102
301 5.885706
302 5.893208
303 5.841449
304 5.820761
305 5.705313
306 5.616274
307 5.539206
308 5.475412
309 5.425135
310 5.442989
311 5.352498
312 5.268957
313 5.203110
314 5.149866
315 5.132023
316 5.057157
317 5.066383
318 5.055911
319 5.032474
320 4.936972
321 4.910894
322 4.867779
323 4.795170
324 4.726027
325 4.683012
326 4.636875
327 4.601292
328 4.539442
329 4.495155
330 4.493124
331 4.476955
332 4.414629
333 4.335177
334 4.317950
335 4.267011
336 4.170565
337 4.089426
338 4.022206
339 3.947084
340 3.936341
341 3.885410
342 3.836706
343 3.816780
344 3.755032
345 3.710955
346 3.633897
347 3.602481
348 3.566934
349 3.524070
350 3.452168
351 3.426571
352 3.382082
353 3.317725
354 3.289248
355 3.259256
356 3.224362
357 3.144953
358 3.116382
359 3.045892
360 2.991272
361 2.936668
362 2.904210
363 2.855485
364 2.819129
365 2.764816
366 2.710509
367 2.652282
368 2.605952
369 2.553516
370 2.513367
371 2.462802
372 2.418027
373 2.358344
374 2.295534
375 2.250172
376 2.181720
377 2.141370
378 2.105291
379 2.060636
380 2.013280
381 1.959070
382 1.906470
383 1.865340
384 1.817988
385 1.767596
386 1.723477
387 1.683186
388 1.636032
389 1.588894
390 1.543512
391 1.479711
392 1.429385
393 1.381927
394 1.337656
395 1.278525
396 1.236325
397 1.203920
398 1.162457
399 1.098830
400 1.046302
401 0.989560
402 0.939571
403 0.893527
404 0.844591
405 0.800156
406 0.745744
407 0.705101
408 0.657848
409 0.610712
410 0.556207
411 0.503237
412 0.450804
413 0.403362
414 0.357888
415 0.309929
416 0.266362
417 0.223490
418 0.181884
419 0.145753
420 0.116360
421 0.092652
422 0.074550
423 0.061666
424 0.053726
425 0.048708
426 0.046469
427 0.045601
428 0.045095
429 0.043754
430 0.042470
431 0.040859
432 0.039460
433 0.038505
434 0.037602
435 0.036860
436 0.035695
437 0.034810
438 0.034049
439 0.033368
440 0.032726
441 0.031688
442 0.030739
443 0.030021
444 0.028948
445 0.028122
446 0.027409
447 0.026771
448 0.026152
449 0.025550
450 0.025353
451 0.024859
452 0.024624
453 0.024368
454 0.024173
455 0.023934
456 0.023574
457 0.023141
458 0.022852
459 0.022365
460 0.021893
461 0.021688
462 0.021251
463 0.020866
464 0.020173
465 0.019584
466 0.019077
467 0.018573
468 0.017985
469 0.017432
470 0.016843
471 0.016280
472 0.015840
473 0.015480
474 0.015213
475 0.015052
476 0.014758
477 0.014460
478 0.014253
479 0.013874
480 0.013585
481 0.013328
482 0.013059
483 0.012701
484 0.012266
485 0.012096
486 0.011988
487 0.011791
488 0.011556
489 0.011257
490 0.010947
491 0.010702
492 0.010422
493 0.010167
494 0.009950
495 0.009779
496 0.009484
497 0.009281
498 0.009126
499 0.008938
500 0.008691
501 0.008439
502 0.008169
503 0.007887
504 0.007728
505 0.007650
506 0.007594
507 0.007537
508 0.007538
509 0.007448
510 0.007311
511 0.007181
512 0.007071
513 0.006981
514 0.006973
515 0.006996
516 0.007006
517 0.006960
518 0.006936
519 0.006894
520 0.006857
521 0.006827
522 0.006848
523 0.006895
524 0.006982
525 0.007000
526 0.006964
527 0.006989
528 0.007027
529 0.007072
530 0.007133
531 0.007042
532 0.006983
533 0.006934
534 0.006843
535 0.006826
536 0.006874
537 0.006896
538 0.006916
539 0.006852
540 0.006808
541 0.006756
542 0.006668
543 0.006513
544 0.006439
545 0.006390
546 0.006362
547 0.006358
548 0.006312
549 0.006376
550 0.006455
551 0.006521
552 0.006585
553 0.006632
554 0.006632
555 0.006584
556 0.006626
557 0.006627
558 0.006618
559 0.006559
560 0.006462
561 0.006326
562 0.006211
563 0.006147
564 0.006121
565 0.006000
566 0.005865
567 0.005728
568 0.005565
569 0.005403
570 0.005257
571 0.005139
572 0.005080
573 0.004995
574 0.004907
575 0.004832
576 0.004736
577 0.004651
578 0.004525
579 0.004395
580 0.004280
581 0.004164
582 0.004063
583 0.004001
584 0.003887
585 0.003810
586 0.003734
587 0.003739
588 0.003752
589 0.003814
590 0.003901
591 0.003984
592 0.004110
593 0.004157
594 0.004183
595 0.004171
596 0.004156
597 0.004150
598 0.004113
599 0.004153
600 0.004187
601 0.004236
602 0.004251
603 0.004243
604 0.004233
605 0.004231
606 0.004187
607 0.004167
608 0.004157
609 0.004195
610 0.004217
611 0.004254
612 0.004312
613 0.004332
614 0.004333
615 0.004366
616 0.004362
617 0.004362
618 0.004360
619 0.004359
620 0.004367
621 0.004385
622 0.004410
623 0.004400
624 0.004398
625 0.004415
626 0.004451
627 0.004473
628 0.004493
629 0.004516
630 0.004514
631 0.004562
632 0.004636
633 0.004700
634 0.004724
635 0.004783
636 0.004814
637 0.004885
638 0.004898
639 0.004950
640 0.004979
641 0.005008
642 0.005031
643 0.005071
644 0.005134
645 0.005167
646 0.005169
647 0.005155
648 0.005163
649 0.005141
650 0.005125
651 0.005106
652 0.005079
653 0.005048
654 0.005004
655 0.004993
656 0.004926
657 0.004842
658 0.004779
659 0.004735
660 0.004731
661 0.004684
662 0.004629
663 0.004590
664 0.004559
665 0.004533
666 0.004502
667 0.004484
668 0.004364
669 0.004244
670 0.004147
671 0.004095
672 0.004123
673 0.004179
674 0.004240
675 0.004300
676 0.004395
677 0.004448
678 0.004479
679 0.004515
680 0.004497
681 0.004463
682 0.004483
683 0.004493
684 0.004466
685 0.004449
686 0.004471
687 0.004466
688 0.004484
689 0.004491
690 0.004444
691 0.004447
692 0.004444
693 0.004399
694 0.004349
695 0.004331
696 0.004364
697 0.004374
698 0.004368
699 0.004418
700 0.004434
701 0.004429
702 0.004408
703 0.004394
704 0.004358
705 0.004314
706 0.004273
707 0.004246
708 0.004219
709 0.004140
710 0.004073
711 0.003999
712 0.003956
713 0.003891
714 0.003845
715 0.003816
716 0.003756
717 0.003699
718 0.003604
719 0.003517
720 0.003444
721 0.003342
722 0.003253
723 0.003166
724 0.003097
725 0.003045
726 0.002987
727 0.002945
728 0.002922
729 0.002879
730 0.002866
731 0.002872
732 0.002855
733 0.002840
734 0.002797
735 0.002745
736 0.002676
737 0.002626
738 0.002557
739 0.002464
740 0.002375
741 0.002299
742 0.002260
743 0.002218
744 0.002176
745 0.002138
746 0.002082
747 0.002051
748 0.001990
749 0.001906
750 0.001828
751 0.001751
752 0.001681
753 0.001640
754 0.001596
755 0.001541
756 0.001512
757 0.001498
758 0.001506
759 0.001525
760 0.001536
761 0.001545
762 0.001569
763 0.001574
764 0.001546
765 0.001494
766 0.001448
767 0.001422
768 0.001411
769 0.001403
770 0.001399
771 0.001387
772 0.001379
773 0.001375
774 0.001365
775 0.001358
776 0.001351
777 0.001347
778 0.001337
779 0.001326
780 0.001304
781 0.001276
782 0.001265
783 0.001242
784 0.001220
785 0.001201
786 0.001187
787 0.001172
788 0.001156
789 0.001136
790 0.001113
791 0.001093
792 0.001085
793 0.001070
794 0.001050
795 0.001027
796 0.001007
797 0.000992
798 0.000983
799 0.000977
800 0.000972
801 0.000951
802 0.000933
803 0.000923
804 0.000919
805 0.000906
806 0.000895
807 0.000886
808 0.000868
809 0.000860
810 0.000858
811 0.000854
812 0.000847
813 0.000840
814 0.000848
815 0.000842
816 0.000827
817 0.000818
818 0.000817
819 0.000818
820 0.000818
821 0.000811
822 0.000810
823 0.000805
824 0.000795
825 0.000790
826 0.000786
827 0.000783
828 0.000780
829 0.000774
830 0.000761
831 0.000758
832 0.000757
833 0.000755
834 0.000754
835 0.000747
836 0.000735
837 0.000722
838 0.000709
839 0.000696
840 0.000688
841 0.000676
842 0.000661
843 0.000649
844 0.000650
845 0.000645
846 0.000639
847 0.000631
848 0.000629
849 0.000620
850 0.000605
851 0.000592
852 0.000580
853 0.000572
854 0.000567
855 0.000559
856 0.000551
857 0.000537
858 0.000517
859 0.000506
860 0.000497
861 0.000492
862 0.000491
863 0.000488
864 0.000482
865 0.000475
866 0.000471
867 0.000467
868 0.000460
869 0.000455
870 0.000450
871 0.000449
872 0.000446
873 0.000440
874 0.000437
875 0.000429
876 0.000429
877 0.000427
878 0.000425
879 0.000422
880 0.000418
881 0.000409
882 0.000402
883 0.000399
884 0.000400
885 0.000393
886 0.000391
887 0.000391
888 0.000384
889 0.000379
890 0.000377
891 0.000375
892 0.000374
893 0.000372
894 0.000367
895 0.000360
896 0.000351
897 0.000350
898 0.000345
899 0.000342
900 0.000338
901 0.000336
902 0.000333
903 0.000334
904 0.000333
905 0.000330
906 0.000328
907 0.000325
908 0.000323
909 0.000318
910 0.000314
911 0.000306
912 0.000298
913 0.000292
914 0.000285
915 0.000280
916 0.000275
917 0.000268
918 0.000261
919 0.000255
920 0.000251
921 0.000246
922 0.000239
923 0.000232
924 0.000227
925 0.000223
926 0.000218
927 0.000214
928 0.000209
929 0.000208
930 0.000205
931 0.000198
932 0.000191
933 0.000185
934 0.000180
935 0.000176
936 0.000171
937 0.000167
938 0.000166
939 0.000165
940 0.000163
941 0.000162
942 0.000160
943 0.000157
944 0.000155
945 0.000152
946 0.000150
947 0.000148
948 0.000143
949 0.000138
950 0.000135
951 0.000131
952 0.000129
953 0.000127
954 0.000124
955 0.000123
956 0.000121
957 0.000118
958 0.000115
959 0.000113
960 0.000110
961 0.000109
962 0.000107
963 0.000105
964 0.000104
965 0.000102
966 0.000101
967 0.000100
968 0.000099
969 0.000099
970 0.000099
971 0.000098
972 0.000096
973 0.000095
974 0.000095
975 0.000094
976 0.000093
977 0.000092
978 0.000090
979 0.000090
980 0.000089
981 0.000089
982 0.000089
983 0.000087
984 0.000085
985 0.000084
986 0.000082
987 0.000082
988 0.000081
989 0.000080
990 0.000080
991 0.000078
992 0.000077
993 0.000077
994 0.000076
995 0.000076
996 0.000075
997 0.000074
998 0.000073
999 0.000072
1000 0.000071
1001 0.000070
1002 0.000069
1003 0.000068
1004 0.000068
1005 0.000067
1006 0.000066
1007 0.000065
1008 0.000064
1009 0.000063
1010 0.000062
1011 0.000061
1012 0.000060
1013 0.000059
1014 0.000058
1015 0.000057
1016 0.000057
1017 0.000056
1018 0.000056
1019 0.000055
1020 0.000053
1021 0.000051
1022 0.000049
1023 0.000047
1024 0.000047
1025 0.000045
1026 0.000045
1027 0.000044
1028 0.000044
1029 0.000043
1030 0.000043
1031 0.000042
1032 0.000041
1033 0.000039
1034 0.000039
1035 0.000037
1036 0.000036
1037 0.000035
1038 0.000034
1039 0.000033
1040 0.000032
1041 0.000032
1042 0.000032
1043 0.000031
1044 0.000030
1045 0.000029
1046 0.000029
1047 0.000028
1048 0.000027
1049 0.000027
1050 0.000026
1051 0.000026
1052 0.000025
1053 0.000025
1054 0.000024
1055 0.000023
1056 0.000022
1057 0.000021
1058 0.000021
1059 0.000020
1060 0.000020
1061 0.000020
1062 0.000020
1063 0.000019
1064 0.000019
1065 0.000018
1066 0.000018
1067 0.000017
1068 0.000017
1069 0.000017
1070 0.000017
1071 0.000017
1072 0.000017
1073 0.000017
1074 0.000017
1075 0.000017
1076 0.000016
1077 0.000016
1078 0.000015
1079 0.000015
1080 0.000015
1081 0.000015
1082 0.000014
1083 0.000014
1084 0.000014
1085 0.000014
1086 0.000014
1087 0.000014
1088 0.000014
1089 0.000014
1090 0.000013
1091 0.000013
1092 0.000013
1093 0.000013
1094 0.000012
1095 0.000012
1096 0.000012
1097 0.000012
1098 0.000012
1099 0.000012
1100 0.000011
1101 0.000011
1102 0.000011
1103 0.000010
1104 0.000010
1105 0.000010
1106 0.000009
1107 0.000009
1108 0.000009
1109 0.000009
1110 0.000008
1111 0.000008
1112 0.000008
1113 0.000008
1114 0.000008
1115 0.000008
1116 0.000007
1117 0.000007
1118 0.000007
1119 0.000007
1120 0.000007
1121 0.000007
1122 0.000006
1123 0.000006
1124 0.000006
1125 0.000006
1126 0.000006
1127 0.000006
1128 0.000006
1129 0.000005
1130 0.000005
1131 0.000005
1132 0.000005
1133 0.000005
1134 0.000005
1135 0.000005
1136 0.000005
1137 0.000005
1138 0.000005
1139 0.000005
1140 0.000005
1141 0.000004
1142 0.000004
1143 0.000004
1144 0.000004
1145 0.000004
1146 0.000004
1147 0.000004
1148 0.000004
1149 0.000004
1150 0.000004
1151 0.000004
1152 0.000003
1153 0.000003
1154 0.000003
1155 0.000003
1156 0.000003
1157 0.000003
1158 0.000003
1159 0.000003
1160 0.000003
1161 0.000003
1162 0.000003
1163 0.000003
1164 0.000003
1165 0.000003
1166 0.000003
1167 0.000003
1168 0.000003
1169 0.000003
1170 0.000002
1171 0.000002
1172 0.000002
1173 0.000002
1174 0.000002
1175 0.000002
1176 0.000002
1177 0.000002
1178 0.000002
1179 0.000002
1180 0.000002
1181 0.000002
1182 0.000002
1183 0.000002
1184 0.000002
1185 0.000002
1186 0.000002
1187 0.000002
1188 0.000002
1189 0.000002
1190 0.000002
1191 0.000002
1192 0.000002
1193 0.000002
1194 0.000002
1195 0.000002
1196 0.000002
1197 0.000002
1198 0.000002
1199 0.000002
1200 0.000002
1201 0.000002
1202 0.000002
1203 0.000002
1204 0.000002
1205 0.000002
1206 0.000002
1207 0.000002
1208 0.000002
1209 0.000002
1210 0.000002
1211 0.000002
1212 0.000002
1213 0.000002
1214 0.000002
1215 0.000001
1216 0.000001
1217 0.000001
1218 0.000001
1219 0.000001
1220 0.000001
1221 0.000001
1222 0.000001
1223 0.000001
1224 0.000001
1225 0.000001
1226 0.000001
1227 0.000001
1228 0.000001
1229 0.000001
