#ite residual of mtx/thermal2.mtx
1 42.788812
2 27.506448
3 31.939014
4 30.289447
5 31.161900
6 30.744068
7 31.076065
8 29.472977
9 27.929225
10 19.516765
11 15.417523
12 20.142179
13 17.828936
14 18.437917
15 18.350871
16 17.442118
17 16.358379
18 14.443080
19 11.987362
20 12.324792
21 14.356667
22 12.899224
23 13.037255
24 12.634101
25 11.833857
26 10.890305
27 9.723581
28 9.169477
29 10.304480
30 10.509776
31 9.705218
32 9.837511
33 9.294811
34 8.724160
35 8.028420
36 7.900776
37 7.778945
38 8.771359
39 8.037425
40 7.673944
41 7.831952
42 7.155801
43 7.011569
44 6.554462
45 6.768033
46 6.912969
47 7.274444
48 6.526590
49 6.376125
50 6.463803
51 5.824007
52 5.869147
53 5.771470
54 6.096347
55 6.102560
56 5.940243
57 5.424819
58 5.538371
59 5.312077
60 5.004235
61 5.204238
62 5.134708
63 5.346601
64 5.078012
65 4.865435
66 4.641402
67 4.782741
68 4.540708
69 4.470572
70 4.696332
71 4.603949
72 4.626367
73 4.322144
74 4.165906
75 4.143406
76 4.200643
77 4.009109
78 4.209677
79 4.276865
80 4.140863
81 4.000201
82 3.782808
83 3.819992
84 3.837473
85 3.781254
86 3.736681
87 3.926973
88 3.809884
89 3.696683
90 3.615398
91 3.483189
92 3.532576
93 3.545981
94 3.462221
95 3.487516
96 3.565555
97 3.343737
98 3.258952
99 3.177802
100 3.228265
101 3.261615
102 3.230999
103 3.219938
104 3.232303
105 3.199561
106 2.939334
107 3.012224
108 2.948020
109 3.040732
110 3.050540
111 2.994254
112 3.011744
113 2.954476
114 2.816928
115 2.732716
116 2.826554
117 2.795333
118 2.842046
119 2.790145
120 2.755895
121 2.770085
122 2.687818
123 2.592504
124 2.668169
125 2.693722
126 2.672231
127 2.654103
128 2.575274
129 2.560338
130 2.514528
131 2.466426
132 2.467211
133 2.603536
134 2.554566
135 2.500882
136 2.477299
137 2.421833
138 2.458970
139 2.394894
140 2.391572
141 2.420178
142 2.487714
143 2.412044
144 2.363213
145 2.361065
146 2.293509
147 2.306156
148 2.247971
149 2.280458
150 2.321632
151 2.318770
152 2.225837
153 2.229762
154 2.179973
155 2.144290
156 2.153724
157 2.131370
158 2.190937
159 2.172175
160 2.138176
161 2.050703
162 2.059673
163 1.991800
164 1.975714
165 1.985459
166 1.979753
167 2.016406
168 1.953523
169 1.905083
170 1.852292
171 1.857533
172 1.795224
173 1.800033
174 1.821106
175 1.798622
176 1.818754
177 1.723558
178 1.705654
179 1.679230
180 1.686989
181 1.647189
182 1.657618
183 1.663171
184 1.620115
185 1.612148
186 1.559375
187 1.566607
188 1.565989
189 1.538763
190 1.538690
191 1.543164
192 1.502091
193 1.490327
194 1.436184
195 1.438896
196 1.435076
197 1.423681
198 1.406957
199 1.400827
200 1.408859
201 1.351760
202 1.349103
203 1.315504
204 1.325504
205 1.325662
206 1.296556
207 1.296910
208 1.288519
209 1.258062
210 1.212448
211 1.210716
212 1.192978
213 1.209770
214 1.186767
215 1.175934
216 1.170311
217 1.158850
218 1.125272
219 1.112044
220 1.112086
221 1.099693
222 1.101857
223 1.069256
224 1.065388
225 1.050154
226 1.024766
227 1.003716
228 1.003640
229 1.002976
230 0.994660
231 0.985236
232 0.951700
233 0.960168
234 0.946666
235 0.935597
236 0.933539
237 0.925911
238 0.910817
239 0.885096
240 0.878039
241 0.849167
242 0.846770
243 0.826634
244 0.809548
245 0.818694
246 0.816488
247 0.796270
248 0.782658
249 0.763848
250 0.748403
251 0.738987
252 0.726872
253 0.722655
254 0.724743
255 0.713107
256 0.692823
257 0.689340
258 0.674177
259 0.670284
260 0.658584
261 0.644231
262 0.651012
263 0.634068
264 0.617493
265 0.599513
266 0.600481
267 0.591727
268 0.592049
269 0.591563
270 0.581202
271 0.580579
272 0.554631
273 0.540664
274 0.528091
275 0.518818
276 0.507599
277 0.505877
278 0.498794
279 0.491815
280 0.488051
281 0.467825
282 0.464125
283 0.460315
284 0.455313
285 0.445462
286 0.438196
287 0.430643
288 0.422377
289 0.409991
290 0.392548
291 0.390351
292 0.385600
293 0.379558
294 0.372711
295 0.365358
296 0.354166
297 0.347138
298 0.334079
299 0.326004
300 0.324823
301 0.315593
302 0.309390
303 0.302687
304 0.294366
305 0.284793
306 0.275175
307 0.265431
308 0.264872
309 0.258616
310 0.252530
311 0.247116
312 0.238912
313 0.231846
314 0.220249
315 0.216491
316 0.209968
317 0.206976
318 0.205895
319 0.196592
320 0.197943
321 0.190128
322 0.185765
323 0.180806
324 0.175400
325 0.175076
326 0.170689
327 0.165374
328 0.162325
329 0.157096
330 0.153578
331 0.147380
332 0.144882
333 0.142113
334 0.138871
335 0.135604
336 0.128209
337 0.127516
338 0.121640
339 0.117272
340 0.115361
341 0.112001
342 0.110134
343 0.107197
344 0.102509
345 0.100042
346 0.096590
347 0.093015
348 0.090613
349 0.087904
350 0.086012
351 0.082349
352 0.079700
353 0.075619
354 0.073206
355 0.070131
356 0.067592
357 0.066927
358 0.064336
359 0.062368
360 0.059727
361 0.057741
362 0.055341
363 0.053894
364 0.051685
365 0.049950
366 0.049495
367 0.047075
368 0.045687
369 0.043753
370 0.042433
371 0.040918
372 0.039867
373 0.038991
374 0.037982
375 0.037717
376 0.035668
377 0.035015
378 0.033665
379 0.032891
380 0.031223
381 0.030005
382 0.028617
383 0.028099
384 0.027414
385 0.026218
386 0.025355
387 0.023961
388 0.022960
389 0.021925
390 0.021193
391 0.020426
392 0.019801
393 0.018886
394 0.017926
395 0.017311
396 0.016543
397 0.015931
398 0.015163
399 0.014529
400 0.013931
401 0.013360
402 0.012690
403 0.012250
404 0.012021
405 0.011601
406 0.011209
407 0.010681
408 0.010205
409 0.009777
410 0.009368
411 0.008893
412 0.008623
413 0.008347
414 0.008019
415 0.007808
416 0.007482
417 0.007310
418 0.007013
419 0.006709
420 0.006552
421 0.006438
422 0.006308
423 0.006165
424 0.006010
425 0.005866
426 0.005713
427 0.005633
428 0.005535
429 0.005546
430 0.005505
431 0.005360
432 0.005344
433 0.005212
434 0.005151
435 0.005041
436 0.004945
437 0.004928
438 0.004776
439 0.004576
440 0.004363
441 0.004361
442 0.004259
443 0.004079
444 0.004208
445 0.003988
446 0.004079
447 0.003955
448 0.003855
449 0.003936
450 0.003752
451 0.003788
452 0.003579
453 0.003564
454 0.003419
455 0.003340
456 0.003221
457 0.003040
458 0.003036
459 0.002859
460 0.002797
461 0.002705
462 0.002556
463 0.002503
464 0.002336
465 0.002245
466 0.002141
467 0.002050
468 0.001975
469 0.001921
470 0.001906
471 0.001871
472 0.001810
473 0.001730
474 0.001643
475 0.001617
476 0.001518
477 0.001488
478 0.001429
479 0.001364
480 0.001314
481 0.001249
482 0.001218
483 0.001185
484 0.001152
485 0.001099
486 0.001058
487 0.001013
488 0.000967
489 0.000922
490 0.000892
491 0.000867
492 0.000846
493 0.000824
494 0.000796
495 0.000780
496 0.000752
497 0.000719
498 0.000709
499 0.000685
500 0.000679
501 0.000656
502 0.000633
503 0.000602
504 0.000563
505 0.000560
506 0.000520
507 0.000519
508 0.000497
509 0.000474
510 0.000483
511 0.000452
512 0.000464
513 0.000436
514 0.000428
515 0.000409
516 0.000403
517 0.000402
518 0.000386
519 0.000391
520 0.000375
521 0.000375
522 0.000368
523 0.000364
524 0.000375
525 0.000374
526 0.000380
527 0.000368
528 0.000371
529 0.000363
530 0.000364
531 0.000363
532 0.000364
533 0.000379
534 0.000377
535 0.000386
536 0.000392
537 0.000392
538 0.000403
539 0.000401
540 0.000416
541 0.000424
542 0.000437
543 0.000447
544 0.000454
545 0.000468
546 0.000465
547 0.000476
548 0.000475
549 0.000489
550 0.000502
551 0.000502
552 0.000513
553 0.000516
554 0.000524
555 0.000527
556 0.000533
557 0.000539
558 0.000544
559 0.000546
560 0.000538
561 0.000539
562 0.000541
563 0.000530
564 0.000531
565 0.000521
566 0.000517
567 0.000514
568 0.000499
569 0.000491
570 0.000479
571 0.000470
572 0.000453
573 0.000446
574 0.000435
575 0.000420
576 0.000405
577 0.000382
578 0.000368
579 0.000352
580 0.000335
581 0.000320
582 0.000304
583 0.000286
584 0.000268
585 0.000251
586 0.000236
587 0.000222
588 0.000206
589 0.000193
590 0.000181
591 0.000170
592 0.000156
593 0.000144
594 0.000133
595 0.000123
596 0.000116
597 0.000108
598 0.000101
599 0.000095
600 0.000090
601 0.000084
602 0.000079
603 0.000075
604 0.000071
605 0.000068
606 0.000065
607 0.000063
608 0.000062
609 0.000061
610 0.000061
611 0.000060
612 0.000059
613 0.000060
614 0.000060
615 0.000062
616 0.000063
617 0.000066
618 0.000067
619 0.000070
620 0.000074
621 0.000077
622 0.000082
623 0.000084
624 0.000089
625 0.000093
626 0.000097
627 0.000102
628 0.000106
629 0.000110
630 0.000112
631 0.000114
632 0.000112
633 0.000112
634 0.000107
635 0.000102
636 0.000096
637 0.000090
638 0.000083
639 0.000075
640 0.000068
641 0.000062
642 0.000056
643 0.000051
644 0.000046
645 0.000043
646 0.000041
647 0.000040
648 0.000040
649 0.000041
650 0.000044
651 0.000047
652 0.000052
653 0.000058
654 0.000065
655 0.000070
656 0.000073
657 0.000074
658 0.000072
659 0.000067
660 0.000062
661 0.000056
662 0.000051
663 0.000048
664 0.000045
665 0.000044
666 0.000044
667 0.000046
668 0.000047
669 0.000047
670 0.000047
671 0.000045
672 0.000042
673 0.000040
674 0.000039
675 0.000039
676 0.000039
677 0.000040
678 0.000040
679 0.000039
680 0.000038
681 0.000036
682 0.000036
683 0.000035
684 0.000034
685 0.000034
686 0.000033
687 0.000032
688 0.000031
689 0.000030
690 0.000029
691 0.000029
692 0.000028
693 0.000028
694 0.000028
695 0.000027
696 0.000027
697 0.000027
698 0.000026
699 0.000026
700 0.000025
701 0.000025
702 0.000024
703 0.000024
704 0.000024
705 0.000023
706 0.000023
707 0.000023
708 0.000023
709 0.000023
710 0.000022
711 0.000022
712 0.000022
713 0.000022
714 0.000022
715 0.000022
716 0.000022
717 0.000022
718 0.000022
719 0.000022
720 0.000022
721 0.000021
722 0.000021
723 0.000021
724 0.000021
725 0.000021
726 0.000021
727 0.000020
728 0.000020
729 0.000020
730 0.000020
731 0.000019
732 0.000020
733 0.000020
734 0.000020
735 0.000019
736 0.000019
737 0.000019
738 0.000019
739 0.000018
740 0.000018
741 0.000018
742 0.000018
743 0.000018
744 0.000018
745 0.000017
746 0.000017
747 0.000016
748 0.000016
749 0.000016
750 0.000015
751 0.000015
752 0.000015
753 0.000014
754 0.000014
755 0.000014
756 0.000013
757 0.000013
758 0.000013
759 0.000013
760 0.000013
761 0.000013
762 0.000013
763 0.000013
764 0.000012
765 0.000012
766 0.000013
767 0.000013
768 0.000013
769 0.000013
770 0.000013
771 0.000013
772 0.000013
773 0.000013
774 0.000014
775 0.000014
776 0.000014
777 0.000014
778 0.000013
779 0.000013
780 0.000013
781 0.000013
782 0.000012
783 0.000012
784 0.000012
785 0.000011
786 0.000011
787 0.000010
788 0.000010
789 0.000009
790 0.000009
791 0.000009
792 0.000009
793 0.000008
794 0.000008
795 0.000008
796 0.000008
797 0.000008
798 0.000008
799 0.000008
800 0.000007
801 0.000007
802 0.000007
803 0.000007
804 0.000007
805 0.000006
806 0.000006
807 0.000006
808 0.000006
809 0.000006
810 0.000006
811 0.000006
812 0.000005
813 0.000005
814 0.000005
815 0.000005
816 0.000005
817 0.000005
818 0.000005
819 0.000005
820 0.000005
821 0.000005
822 0.000005
823 0.000005
824 0.000005
825 0.000005
826 0.000005
827 0.000005
828 0.000005
829 0.000005
830 0.000005
831 0.000005
832 0.000005
833 0.000005
834 0.000005
835 0.000005
836 0.000005
837 0.000005
838 0.000005
839 0.000004
840 0.000004
841 0.000004
842 0.000004
843 0.000004
844 0.000004
845 0.000004
846 0.000004
847 0.000004
848 0.000004
849 0.000004
850 0.000004
851 0.000004
852 0.000004
853 0.000004
854 0.000004
855 0.000004
856 0.000004
857 0.000004
858 0.000004
859 0.000004
860 0.000004
861 0.000004
862 0.000004
863 0.000004
864 0.000004
865 0.000004
866 0.000004
867 0.000004
868 0.000004
869 0.000004
870 0.000004
871 0.000004
872 0.000004
873 0.000004
874 0.000004
875 0.000004
876 0.000004
877 0.000004
878 0.000004
879 0.000004
880 0.000004
881 0.000004
882 0.000003
883 0.000003
884 0.000003
885 0.000003
886 0.000003
887 0.000003
888 0.000003
889 0.000003
890 0.000003
891 0.000003
892 0.000002
893 0.000002
894 0.000002
895 0.000002
896 0.000002
897 0.000002
898 0.000002
899 0.000002
900 0.000002
901 0.000002
902 0.000002
903 0.000002
904 0.000002
905 0.000002
906 0.000002
907 0.000002
908 0.000002
909 0.000002
910 0.000002
911 0.000002
912 0.000002
913 0.000002
914 0.000002
915 0.000002
916 0.000002
917 0.000002
918 0.000002
919 0.000001
920 0.000001
921 0.000001
922 0.000001
923 0.000001
924 0.000001
925 0.000001
926 0.000001
927 0.000001
928 0.000001
929 0.000001
930 0.000001
931 0.000001
932 0.000001
933 0.000001
934 0.000001
935 0.000001
936 0.000001
937 0.000001
938 0.000001
939 0.000001
940 0.000001
941 0.000001
942 0.000001
943 0.000001
944 0.000001
945 0.000001
946 0.000001
947 0.000001
948 0.000001
