#ite residual of mtx/thermal2.mtx
1 40.696130
2 29.105236
3 28.933671
4 29.144223
5 29.076896
6 29.419421
7 29.159776
8 29.420768
9 29.287353
10 26.065675
11 16.440810
12 17.605891
13 16.915208
14 17.043531
15 17.027814
16 17.177285
17 17.136024
18 17.051092
19 16.153657
20 13.311674
21 11.193024
22 12.978041
23 11.751334
24 12.009085
25 12.118754
26 12.200988
27 12.295709
28 11.763675
29 10.612253
30 9.153967
31 9.359164
32 9.697349
33 9.293115
34 9.395404
35 9.506454
36 9.527614
37 9.428171
38 8.606698
39 7.765223
40 7.557654
41 7.996423
42 7.557243
43 7.800867
44 7.653657
45 7.832568
46 7.747773
47 7.393326
48 6.716232
49 6.364428
50 6.708500
51 6.668707
52 6.385825
53 6.750561
54 6.570054
55 6.660082
56 6.434433
57 5.959082
58 5.658292
59 5.663225
60 5.870375
61 5.621809
62 5.712110
63 5.764758
64 5.733774
65 5.616765
66 5.340789
67 5.064476
68 5.113781
69 5.196602
70 5.105081
71 5.073781
72 5.212734
73 5.069281
74 5.097698
75 4.801679
76 4.609816
77 4.542244
78 4.643891
79 4.609611
80 4.470660
81 4.646774
82 4.611547
83 4.494861
84 4.447064
85 4.216637
86 4.172935
87 4.224306
88 4.216437
89 4.147139
90 4.134384
91 4.247195
92 4.159342
93 4.104932
94 3.902052
95 3.825918
96 3.852310
97 3.888770
98 3.804711
99 3.803201
100 3.887796
101 3.811843
102 3.772091
103 3.677662
104 3.519648
105 3.568213
106 3.571654
107 3.561407
108 3.553384
109 3.603815
110 3.613754
111 3.486707
112 3.449932
113 3.331422
114 3.335747
115 3.355773
116 3.324741
117 3.307400
118 3.356767
119 3.373016
120 3.307340
121 3.245550
122 3.134034
123 3.117590
124 3.172894
125 3.137207
126 3.121035
127 3.125131
128 3.175763
129 3.132643
130 3.070521
131 3.039976
132 2.955885
133 2.991118
134 2.980185
135 2.943198
136 2.971373
137 2.996618
138 2.978664
139 2.906596
140 2.860011
141 2.826186
142 2.834053
143 2.864651
144 2.832300
145 2.832826
146 2.851177
147 2.839137
148 2.777979
149 2.734740
150 2.694594
151 2.673819
152 2.717182
153 2.679448
154 2.672506
155 2.713574
156 2.705022
157 2.661857
158 2.600447
159 2.598464
160 2.579158
161 2.574448
162 2.571388
163 2.528808
164 2.562173
165 2.579724
166 2.542466
167 2.502750
168 2.481189
169 2.462623
170 2.463414
171 2.470575
172 2.441850
173 2.466844
174 2.482468
175 2.452299
176 2.412537
177 2.374797
178 2.378065
179 2.354503
180 2.368617
181 2.353802
182 2.353947
183 2.384763
184 2.362887
185 2.332225
186 2.308363
187 2.293953
188 2.296982
189 2.301583
190 2.291266
191 2.292329
192 2.331165
193 2.317298
194 2.270403
195 2.239688
196 2.208745
197 2.202034
198 2.197406
199 2.208558
200 2.191600
201 2.214837
202 2.215513
203 2.174796
204 2.151697
205 2.141730
206 2.142635
207 2.148702
208 2.135053
209 2.132807
210 2.145650
211 2.151440
212 2.117227
213 2.090510
214 2.097551
215 2.090885
216 2.088759
217 2.082723
218 2.094574
219 2.090016
220 2.113322
221 2.079687
222 2.046166
223 2.031143
224 2.016627
225 2.009588
226 2.004514
227 2.006812
228 2.018035
229 2.013139
230 2.009363
231 1.982164
232 1.968830
233 1.966130
234 1.960820
235 1.969410
236 1.969330
237 1.976671
238 1.981242
239 1.985447
240 1.950591
241 1.943459
242 1.937327
243 1.931060
244 1.920121
245 1.921736
246 1.918738
247 1.920986
248 1.910826
249 1.897047
250 1.871593
251 1.887255
252 1.895786
253 1.934141
254 1.930564
255 1.910494
256 1.883671
257 1.865391
258 1.840164
259 1.819400
260 1.807096
261 1.805889
262 1.807190
263 1.816383
264 1.804190
265 1.797124
266 1.797826
267 1.786989
268 1.768449
269 1.754953
270 1.764659
271 1.750390
272 1.756301
273 1.748994
274 1.740116
275 1.730203
276 1.714298
277 1.695085
278 1.683835
279 1.689885
280 1.689456
281 1.692313
282 1.696111
283 1.694525
284 1.696727
285 1.683357
286 1.656985
287 1.638485
288 1.625655
289 1.630032
290 1.622001
291 1.632277
292 1.629265
293 1.632855
294 1.626475
295 1.607052
296 1.590313
297 1.588320
298 1.594681
299 1.586082
300 1.588729
301 1.585652
302 1.589487
303 1.586685
304 1.572585
305 1.557004
306 1.557892
307 1.558606
308 1.560619
309 1.565321
310 1.572359
311 1.570113
312 1.574442
313 1.561714
314 1.541412
315 1.539712
316 1.537040
317 1.531311
318 1.517698
319 1.527737
320 1.528580
321 1.538064
322 1.518728
323 1.502143
324 1.489785
325 1.492186
326 1.488582
327 1.489743
328 1.496096
329 1.501803
330 1.508321
331 1.505546
332 1.500098
333 1.499209
334 1.510950
335 1.514770
336 1.514955
337 1.500868
338 1.500122
339 1.486454
340 1.485050
341 1.472406
342 1.476721
343 1.480752
344 1.487901
345 1.471482
346 1.469325
347 1.467381
348 1.469015
349 1.458111
350 1.451990
351 1.446986
352 1.451100
353 1.459059
354 1.460497
355 1.467872
356 1.473811
357 1.478994
358 1.467577
359 1.460401
360 1.445335
361 1.449735
362 1.452097
363 1.455251
364 1.452924
365 1.459776
366 1.449885
367 1.445187
368 1.431984
369 1.428383
370 1.418886
371 1.430547
372 1.424157
373 1.421360
374 1.421684
375 1.426046
376 1.429752
377 1.422206
378 1.412984
379 1.400579
380 1.411556
381 1.410340
382 1.415471
383 1.424194
384 1.446296
385 1.444261
386 1.441523
387 1.424911
388 1.418716
389 1.410165
390 1.416366
391 1.407291
392 1.413006
393 1.415930
394 1.420626
395 1.408452
396 1.396548
397 1.389962
398 1.391262
399 1.390490
400 1.381531
401 1.388020
402 1.392039
403 1.400856
404 1.392174
405 1.393565
406 1.388949
407 1.395676
408 1.397939
409 1.402151
410 1.392758
411 1.403016
412 1.399557
413 1.397111
414 1.385102
415 1.384961
416 1.382092
417 1.386134
418 1.385139
419 1.385405
420 1.387453
421 1.386563
422 1.382877
423 1.369844
424 1.365268
425 1.358229
426 1.363570
427 1.363119
428 1.364140
429 1.358858
430 1.368541
431 1.361387
432 1.360558
433 1.354117
434 1.357287
435 1.358274
436 1.364909
437 1.369709
438 1.371287
439 1.374053
440 1.367316
441 1.357464
442 1.351649
443 1.358174
444 1.362015
445 1.371280
446 1.362764
447 1.361126
448 1.354888
449 1.350503
450 1.334065
451 1.332215
452 1.325455
453 1.331696
454 1.337013
455 1.347234
456 1.347654
457 1.349491
458 1.342698
459 1.335704
460 1.329274
461 1.326103
462 1.324022
463 1.320965
464 1.326412
465 1.329083
466 1.341184
467 1.346904
468 1.342754
469 1.327941
470 1.322266
471 1.318221
472 1.328117
473 1.328763
474 1.336882
475 1.334776
476 1.332329
477 1.312366
478 1.304012
479 1.295261
480 1.295536
481 1.290561
482 1.293703
483 1.295161
484 1.297497
485 1.299756
486 1.297973
487 1.295872
488 1.292069
489 1.292433
490 1.289417
491 1.289734
492 1.286911
493 1.291119
494 1.286409
495 1.292093
496 1.282023
497 1.277356
498 1.274828
499 1.275940
500 1.274255
501 1.280735
502 1.286179
503 1.288224
504 1.284104
505 1.287468
506 1.278080
507 1.288055
508 1.275918
509 1.176949
510 1.148708
511 1.148341
512 1.162539
513 1.167575
514 1.170330
515 1.168589
516 1.181085
517 1.172567
518 1.124918
519 1.057196
520 1.102544
521 1.080172
522 1.087917
523 1.087697
524 1.091013
525 1.090353
526 1.087283
527 1.049033
528 1.007328
529 1.032249
530 1.030923
531 1.037493
532 1.027125
533 1.018728
534 1.016835
535 1.016683
536 0.987469
537 0.941873
538 0.936984
539 0.962603
540 0.942215
541 0.956181
542 0.955460
543 0.963143
544 0.962811
545 0.942900
546 0.912504
547 0.901842
548 0.915776
549 0.901921
550 0.909181
551 0.905845
552 0.918618
553 0.917349
554 0.901314
555 0.865179
556 0.847361
557 0.855569
558 0.852422
559 0.837340
560 0.850685
561 0.841868
562 0.845329
563 0.834941
564 0.814658
565 0.803934
566 0.811975
567 0.815954
568 0.810864
569 0.816390
570 0.812154
571 0.812166
572 0.803466
573 0.790214
574 0.777532
575 0.779656
576 0.782884
577 0.774517
578 0.770834
579 0.774064
580 0.764036
581 0.763173
582 0.747895
583 0.737803
584 0.733055
585 0.738819
586 0.734776
587 0.731218
588 0.736895
589 0.735303
590 0.727250
591 0.718692
592 0.701581
593 0.695924
594 0.694403
595 0.694351
596 0.691589
597 0.691077
598 0.690022
599 0.684447
600 0.678881
601 0.666549
602 0.663316
603 0.665268
604 0.665529
605 0.659083
606 0.655765
607 0.652502
608 0.645775
609 0.640431
610 0.637029
611 0.634135
612 0.636878
613 0.635432
614 0.631004
615 0.624865
616 0.621018
617 0.615109
618 0.608919
619 0.603199
620 0.598924
621 0.598281
622 0.597770
623 0.597387
624 0.598176
625 0.599221
626 0.594410
627 0.587712
628 0.579300
629 0.574539
630 0.572342
631 0.573339
632 0.571322
633 0.566876
634 0.563266
635 0.559257
636 0.554260
637 0.554286
638 0.550246
639 0.549267
640 0.546765
641 0.544377
642 0.541316
643 0.539949
644 0.540110
645 0.540292
646 0.540273
647 0.538834
648 0.538760
649 0.535771
650 0.533125
651 0.531221
652 0.530395
653 0.526345
654 0.521495
655 0.519291
656 0.516937
657 0.512173
658 0.511978
659 0.507626
660 0.505924
661 0.504542
662 0.505134
663 0.506565
664 0.506388
665 0.503398
666 0.499686
667 0.494958
668 0.490748
669 0.488295
670 0.485640
671 0.482257
672 0.481791
673 0.483557
674 0.484364
675 0.482356
676 0.479645
677 0.477748
678 0.474105
679 0.474077
680 0.467519
681 0.464907
682 0.465269
683 0.467520
684 0.471265
685 0.469311
686 0.466126
687 0.463904
688 0.461936
689 0.459438
690 0.455534
691 0.456241
692 0.455486
693 0.452598
694 0.449147
695 0.445823
696 0.442243
697 0.438531
698 0.436811
699 0.431220
700 0.432859
701 0.431474
702 0.432363
703 0.432424
704 0.430648
705 0.430375
706 0.429854
707 0.428264
708 0.424485
709 0.422895
710 0.425580
711 0.425432
712 0.422358
713 0.420350
714 0.418784
715 0.415906
716 0.415939
717 0.413845
718 0.411147
719 0.413139
720 0.409978
721 0.409728
722 0.408249
723 0.408459
724 0.408395
725 0.406432
726 0.404051
727 0.398498
728 0.396983
729 0.397684
730 0.394019
731 0.393731
732 0.390970
733 0.387951
734 0.386811
735 0.384763
736 0.381301
737 0.384371
738 0.388270
739 0.386944
740 0.386354
741 0.383462
742 0.381369
743 0.376768
744 0.373541
745 0.371541
746 0.368756
747 0.370451
748 0.368356
749 0.367886
750 0.370270
751 0.369189
752 0.370191
753 0.369585
754 0.365782
755 0.363309
756 0.362733
757 0.361565
758 0.359059
759 0.358697
760 0.358397
761 0.355457
762 0.352225
763 0.349265
764 0.346182
765 0.347430
766 0.348253
767 0.344217
768 0.342737
769 0.340995
770 0.337024
771 0.334631
772 0.328975
773 0.327785
774 0.328913
775 0.329910
776 0.326845
777 0.325875
778 0.325153
779 0.322640
780 0.320898
781 0.316792
782 0.315148
783 0.315415
784 0.318033
785 0.318807
786 0.319821
787 0.318756
788 0.313469
789 0.309316
790 0.305995
791 0.303410
792 0.306139
793 0.307710
794 0.305718
795 0.301626
796 0.299132
797 0.297951
798 0.295549
799 0.296096
800 0.294857
801 0.293979
802 0.293131
803 0.291441
804 0.286956
805 0.285421
806 0.285305
807 0.284914
808 0.285567
809 0.283539
810 0.280939
811 0.279771
812 0.278161
813 0.276236
814 0.273373
815 0.273072
816 0.273212
817 0.272599
818 0.272378
819 0.267723
820 0.266146
821 0.264477
822 0.262640
823 0.260179
824 0.259595
825 0.257516
826 0.256129
827 0.254900
828 0.252619
829 0.252518
830 0.252145
831 0.250418
832 0.248554
833 0.248276
834 0.247822
835 0.245843
836 0.243786
837 0.241971
838 0.240760
839 0.243126
840 0.240840
841 0.238630
842 0.236876
843 0.234783
844 0.231524
845 0.229760
846 0.228800
847 0.228789
848 0.230179
849 0.230523
850 0.229395
851 0.226041
852 0.223124
853 0.220586
854 0.218608
855 0.217786
856 0.217393
857 0.217325
858 0.217215
859 0.214279
860 0.212957
861 0.211674
862 0.210646
863 0.209240
864 0.207975
865 0.206326
866 0.206366
867 0.205992
868 0.204159
869 0.202025
870 0.199626
871 0.198371
872 0.196905
873 0.195494
874 0.194016
875 0.193361
876 0.193749
877 0.193046
878 0.191602
879 0.191763
880 0.188815
881 0.186773
882 0.185046
883 0.183960
884 0.183314
885 0.183744
886 0.184034
887 0.183490
888 0.182681
889 0.181014
890 0.177692
891 0.175452
892 0.174235
893 0.173134
894 0.173267
895 0.173095
896 0.171272
897 0.170933
898 0.171512
899 0.171669
900 0.170675
901 0.167102
902 0.164762
903 0.163616
904 0.163087
905 0.161678
906 0.159995
907 0.159072
908 0.158783
909 0.158206
910 0.158094
911 0.157411
912 0.156797
913 0.155898
914 0.154130
915 0.152540
916 0.151444
917 0.149711
918 0.148671
919 0.148202
920 0.147326
921 0.147693
922 0.147646
923 0.146978
924 0.145792
925 0.145053
926 0.144450
927 0.143527
928 0.141946
929 0.140900
930 0.140254
931 0.140240
932 0.139129
933 0.137142
934 0.136083
935 0.134846
936 0.134082
937 0.133204
938 0.132382
939 0.132484
940 0.132116
941 0.131062
942 0.130093
943 0.129068
944 0.128290
945 0.126844
946 0.125815
947 0.124934
948 0.124002
949 0.124136
950 0.123659
951 0.121977
952 0.120760
953 0.120040
954 0.119166
955 0.118321
956 0.117154
957 0.116266
958 0.116283
959 0.115693
960 0.114109
961 0.112046
962 0.111171
963 0.110745
964 0.110077
965 0.110072
966 0.110477
967 0.111046
968 0.110830
969 0.108171
970 0.105683
971 0.104610
972 0.103809
973 0.102964
974 0.102377
975 0.101894
976 0.101766
977 0.101538
978 0.100018
979 0.099007
980 0.098190
981 0.098031
982 0.097331
983 0.096878
984 0.096280
985 0.094828
986 0.094445
987 0.093161
988 0.090921
989 0.090024
990 0.089502
991 0.088984
992 0.088477
993 0.088005
994 0.087505
995 0.087373
996 0.086454
997 0.084322
998 0.082961
999 0.082444
1000 0.082295
1001 0.081701
1002 0.082134
1003 0.082064
1004 0.081512
1005 0.080791
1006 0.078313
1007 0.077204
1008 0.077206
1009 0.076709
1010 0.076159
1011 0.075189
1012 0.074703
1013 0.074011
1014 0.073838
1015 0.072974
1016 0.071003
1017 0.070815
1018 0.070207
1019 0.069315
1020 0.068707
1021 0.068442
1022 0.068362
1023 0.068235
1024 0.067375
1025 0.065860
1026 0.064821
1027 0.064363
1028 0.063729
1029 0.063535
1030 0.062803
1031 0.062443
1032 0.061877
1033 0.061774
1034 0.060706
1035 0.060008
1036 0.059771
1037 0.059256
1038 0.058874
1039 0.058839
1040 0.058749
1041 0.058319
1042 0.057231
1043 0.056133
1044 0.055318
1045 0.054911
1046 0.054690
1047 0.054044
1048 0.053810
1049 0.053521
1050 0.053288
1051 0.052542
1052 0.052128
1053 0.051290
1054 0.051067
1055 0.050425
1056 0.050093
1057 0.049858
1058 0.050091
1059 0.049935
1060 0.049355
1061 0.048529
1062 0.048035
1063 0.047631
1064 0.047465
1065 0.047207
1066 0.046838
1067 0.046226
1068 0.045657
1069 0.045207
1070 0.044800
1071 0.044724
1072 0.044282
1073 0.043941
1074 0.043220
1075 0.043108
1076 0.042594
1077 0.042476
1078 0.041970
1079 0.041988
1080 0.041888
1081 0.041762
1082 0.041476
1083 0.041090
1084 0.040785
1085 0.040627
1086 0.040439
1087 0.040111
1088 0.039948
1089 0.039732
1090 0.039830
1091 0.039407
1092 0.039286
1093 0.038896
1094 0.038638
1095 0.038128
1096 0.038025
1097 0.037736
1098 0.037988
1099 0.038052
1100 0.037886
1101 0.037742
1102 0.037685
1103 0.037800
1104 0.037580
1105 0.037675
1106 0.037653
1107 0.037737
1108 0.037695
1109 0.037548
1110 0.037081
1111 0.037225
1112 0.037182
1113 0.037578
1114 0.037666
1115 0.037844
1116 0.037525
1117 0.037704
1118 0.037425
1119 0.037407
1120 0.037197
1121 0.037485
1122 0.037512
1123 0.037677
1124 0.038142
1125 0.038547
1126 0.038898
1127 0.039113
1128 0.038743
1129 0.038738
1130 0.039224
1131 0.039445
1132 0.039314
1133 0.038868
1134 0.038941
1135 0.038772
1136 0.038821
1137 0.038351
1138 0.038111
1139 0.037953
1140 0.037905
1141 0.037243
1142 0.036780
1143 0.036293
1144 0.036379
1145 0.036343
1146 0.036234
1147 0.035854
1148 0.035898
1149 0.035722
1150 0.035378
1151 0.034925
1152 0.034687
1153 0.034731
1154 0.034524
1155 0.034558
1156 0.034109
1157 0.034101
1158 0.033857
1159 0.033551
1160 0.033094
1161 0.033130
1162 0.033194
1163 0.033550
1164 0.033328
1165 0.032827
1166 0.032258
1167 0.032075
1168 0.031763
1169 0.031423
1170 0.031167
1171 0.031270
1172 0.031339
1173 0.031163
1174 0.031053
1175 0.030754
1176 0.030905
1177 0.030605
1178 0.030232
1179 0.029950
1180 0.029871
1181 0.029718
1182 0.029677
1183 0.029287
1184 0.029037
1185 0.028760
1186 0.028593
1187 0.028168
1188 0.027931
1189 0.027912
1190 0.027795
1191 0.027553
1192 0.027344
1193 0.027227
1194 0.027091
1195 0.027158
1196 0.026909
1197 0.026837
1198 0.026732
1199 0.026578
1200 0.026284
1201 0.025990
1202 0.025593
1203 0.025487
1204 0.025373
1205 0.025122
1206 0.024977
1207 0.025019
1208 0.025093
1209 0.025001
1210 0.024783
1211 0.024451
1212 0.024196
1213 0.024135
1214 0.024042
1215 0.023717
1216 0.023495
1217 0.023222
1218 0.023065
1219 0.022964
1220 0.022902
1221 0.022925
1222 0.022968
1223 0.022588
1224 0.022170
1225 0.021891
1226 0.021808
1227 0.021725
1228 0.021737
1229 0.021620
1230 0.021337
1231 0.021071
1232 0.020907
1233 0.020714
1234 0.020607
1235 0.020424
1236 0.020317
1237 0.020222
1238 0.020000
1239 0.019828
1240 0.019662
1241 0.019554
1242 0.019346
1243 0.019148
1244 0.019015
1245 0.018914
1246 0.018745
1247 0.018620
1248 0.018494
1249 0.018350
1250 0.018202
1251 0.018016
1252 0.017769
1253 0.017639
1254 0.017432
1255 0.017276
1256 0.017087
1257 0.016940
1258 0.016865
1259 0.016739
1260 0.016619
1261 0.016412
1262 0.016278
1263 0.016146
1264 0.016006
1265 0.015896
1266 0.015711
1267 0.015487
1268 0.015337
1269 0.015192
1270 0.015061
1271 0.014931
1272 0.014851
1273 0.014705
1274 0.014675
1275 0.014616
1276 0.014609
1277 0.014458
1278 0.014195
1279 0.013972
1280 0.013764
1281 0.013635
1282 0.013449
1283 0.013328
1284 0.013140
1285 0.012979
1286 0.012942
1287 0.012904
1288 0.012801
1289 0.012648
1290 0.012516
1291 0.012331
1292 0.012246
1293 0.012199
1294 0.012114
1295 0.012084
1296 0.011980
1297 0.011794
1298 0.011635
1299 0.011448
1300 0.011309
1301 0.011137
1302 0.011038
1303 0.010848
1304 0.010747
1305 0.010716
1306 0.010663
1307 0.010634
1308 0.010565
1309 0.010480
1310 0.010326
1311 0.010183
1312 0.009960
1313 0.009834
1314 0.009798
1315 0.009723
1316 0.009621
1317 0.009501
1318 0.009369
1319 0.009282
1320 0.009136
1321 0.008999
1322 0.008856
1323 0.008829
1324 0.008775
1325 0.008725
1326 0.008661
1327 0.008575
1328 0.008550
1329 0.008503
1330 0.008383
1331 0.008170
1332 0.008108
1333 0.008072
1334 0.008001
1335 0.007953
1336 0.007857
1337 0.007752
1338 0.007628
1339 0.007478
1340 0.007353
1341 0.007292
1342 0.007312
1343 0.007256
1344 0.007208
1345 0.007102
1346 0.006974
1347 0.006888
1348 0.006801
1349 0.006724
1350 0.006679
1351 0.006683
1352 0.006609
1353 0.006501
1354 0.006414
1355 0.006309
1356 0.006274
1357 0.006215
1358 0.006076
1359 0.005980
1360 0.005946
1361 0.005932
1362 0.005836
1363 0.005788
1364 0.005695
1365 0.005624
1366 0.005578
1367 0.005514
1368 0.005484
1369 0.005484
1370 0.005482
1371 0.005420
1372 0.005338
1373 0.005267
1374 0.005172
1375 0.005127
1376 0.005049
1377 0.004966
1378 0.004937
1379 0.004943
1380 0.004916
1381 0.004886
1382 0.004904
1383 0.004862
1384 0.004799
1385 0.004692
1386 0.004595
1387 0.004576
1388 0.004593
1389 0.004583
1390 0.004545
1391 0.004522
1392 0.004464
1393 0.004373
1394 0.004311
1395 0.004204
1396 0.004168
1397 0.004166
1398 0.004149
1399 0.004086
1400 0.004028
1401 0.003974
1402 0.003893
1403 0.003841
1404 0.003767
1405 0.003748
1406 0.003755
1407 0.003728
1408 0.003670
1409 0.003627
1410 0.003603
1411 0.003560
1412 0.003518
1413 0.003452
1414 0.003376
1415 0.003372
1416 0.003351
1417 0.003314
1418 0.003264
1419 0.003227
1420 0.003164
1421 0.003104
1422 0.003075
1423 0.003030
1424 0.003027
1425 0.003021
1426 0.002967
1427 0.002907
1428 0.002842
1429 0.002796
1430 0.002738
1431 0.002701
1432 0.002671
1433 0.002639
1434 0.002640
1435 0.002604
1436 0.002566
1437 0.002520
1438 0.002475
1439 0.002420
1440 0.002384
1441 0.002351
1442 0.002324
1443 0.002332
1444 0.002328
1445 0.002299
1446 0.002251
1447 0.002189
1448 0.002138
1449 0.002092
1450 0.002064
1451 0.002037
1452 0.002027
1453 0.002025
1454 0.001984
1455 0.001940
1456 0.001894
1457 0.001859
1458 0.001828
1459 0.001809
1460 0.001784
1461 0.001763
1462 0.001742
1463 0.001701
1464 0.001660
1465 0.001634
1466 0.001601
1467 0.001576
1468 0.001546
1469 0.001527
1470 0.001513
1471 0.001507
1472 0.001485
1473 0.001450
1474 0.001425
1475 0.001391
1476 0.001370
1477 0.001350
1478 0.001331
1479 0.001308
1480 0.001285
1481 0.001259
1482 0.001228
1483 0.001202
1484 0.001178
1485 0.001150
1486 0.001130
1487 0.001109
1488 0.001094
1489 0.001074
1490 0.001063
1491 0.001036
1492 0.001010
1493 0.000991
1494 0.000962
1495 0.000945
1496 0.000932
1497 0.000922
1498 0.000910
1499 0.000897
1500 0.000871
1501 0.000845
1502 0.000826
1503 0.000804
1504 0.000783
1505 0.000768
1506 0.000753
1507 0.000742
1508 0.000731
1509 0.000718
1510 0.000697
1511 0.000680
1512 0.000661
1513 0.000643
1514 0.000631
1515 0.000615
1516 0.000604
1517 0.000592
1518 0.000579
1519 0.000565
1520 0.000555
1521 0.000540
1522 0.000528
1523 0.000518
1524 0.000508
1525 0.000498
1526 0.000487
1527 0.000474
1528 0.000458
1529 0.000442
1530 0.000432
1531 0.000420
1532 0.000411
1533 0.000401
1534 0.000390
1535 0.000381
1536 0.000371
1537 0.000362
1538 0.000353
1539 0.000347
1540 0.000338
1541 0.000328
1542 0.000317
1543 0.000307
1544 0.000299
1545 0.000292
1546 0.000283
1547 0.000274
1548 0.000267
1549 0.000261
1550 0.000253
1551 0.000247
1552 0.000239
1553 0.000235
1554 0.000230
1555 0.000223
1556 0.000215
1557 0.000206
1558 0.000199
1559 0.000193
1560 0.000187
1561 0.000183
1562 0.000177
1563 0.000173
1564 0.000169
1565 0.000163
1566 0.000158
1567 0.000154
1568 0.000150
1569 0.000147
1570 0.000144
1571 0.000141
1572 0.000138
1573 0.000133
1574 0.000129
1575 0.000124
1576 0.000122
1577 0.000120
1578 0.000118
1579 0.000116
1580 0.000114
1581 0.000111
1582 0.000110
1583 0.000107
1584 0.000106
1585 0.000105
1586 0.000104
1587 0.000103
1588 0.000102
1589 0.000101
1590 0.000101
1591 0.000101
1592 0.000101
1593 0.000101
1594 0.000102
1595 0.000103
1596 0.000105
1597 0.000106
1598 0.000107
1599 0.000109
1600 0.000112
1601 0.000116
1602 0.000119
1603 0.000123
1604 0.000127
1605 0.000131
1606 0.000137
1607 0.000143
1608 0.000150
1609 0.000157
1610 0.000165
1611 0.000173
1612 0.000181
1613 0.000192
1614 0.000204
1615 0.000219
1616 0.000235
1617 0.000252
1618 0.000273
1619 0.000297
1620 0.000320
1621 0.000346
1622 0.000376
1623 0.000408
1624 0.000447
1625 0.000488
1626 0.000535
1627 0.000589
1628 0.000647
1629 0.000712
1630 0.000779
1631 0.000848
1632 0.000920
1633 0.000983
1634 0.001036
1635 0.001069
1636 0.001082
1637 0.001074
1638 0.001037
1639 0.000977
1640 0.000907
1641 0.000830
1642 0.000752
1643 0.000682
1644 0.000622
1645 0.000575
1646 0.000534
1647 0.000503
1648 0.000481
1649 0.000469
1650 0.000465
1651 0.000469
1652 0.000473
1653 0.000477
1654 0.000475
1655 0.000474
1656 0.000469
1657 0.000461
1658 0.000454
1659 0.000447
1660 0.000442
1661 0.000439
1662 0.000435
1663 0.000432
1664 0.000429
1665 0.000427
1666 0.000427
1667 0.000428
1668 0.000428
1669 0.000422
1670 0.000416
1671 0.000411
1672 0.000408
1673 0.000405
1674 0.000404
1675 0.000404
1676 0.000405
1677 0.000403
1678 0.000401
1679 0.000399
1680 0.000398
1681 0.000397
1682 0.000400
1683 0.000401
1684 0.000404
1685 0.000402
1686 0.000403
1687 0.000401
1688 0.000398
1689 0.000395
1690 0.000393
1691 0.000392
1692 0.000390
1693 0.000390
1694 0.000389
1695 0.000388
1696 0.000385
1697 0.000384
1698 0.000381
1699 0.000379
1700 0.000377
1701 0.000376
1702 0.000375
1703 0.000378
1704 0.000380
1705 0.000380
1706 0.000378
1707 0.000374
1708 0.000371
1709 0.000369
1710 0.000368
1711 0.000366
1712 0.000366
1713 0.000365
1714 0.000365
1715 0.000363
1716 0.000365
1717 0.000365
1718 0.000366
1719 0.000366
1720 0.000365
1721 0.000363
1722 0.000363
1723 0.000361
1724 0.000361
1725 0.000358
1726 0.000358
1727 0.000357
1728 0.000357
1729 0.000358
1730 0.000360
1731 0.000366
1732 0.000369
1733 0.000372
1734 0.000370
1735 0.000368
1736 0.000364
1737 0.000363
1738 0.000362
1739 0.000362
1740 0.000365
1741 0.000367
1742 0.000364
1743 0.000363
1744 0.000360
1745 0.000357
1746 0.000354
1747 0.000353
1748 0.000351
1749 0.000351
1750 0.000353
1751 0.000350
1752 0.000350
1753 0.000348
1754 0.000346
1755 0.000343
1756 0.000343
1757 0.000343
1758 0.000345
1759 0.000346
1760 0.000345
1761 0.000344
1762 0.000344
1763 0.000341
1764 0.000340
1765 0.000339
1766 0.000340
1767 0.000343
1768 0.000345
1769 0.000345
1770 0.000345
1771 0.000349
1772 0.000350
1773 0.000349
1774 0.000345
1775 0.000344
1776 0.000344
1777 0.000346
1778 0.000346
1779 0.000347
1780 0.000350
1781 0.000351
1782 0.000349
1783 0.000349
1784 0.000347
1785 0.000347
1786 0.000348
1787 0.000349
1788 0.000349
1789 0.000351
1790 0.000352
1791 0.000350
1792 0.000347
1793 0.000346
1794 0.000347
1795 0.000349
1796 0.000351
1797 0.000350
1798 0.000350
1799 0.000351
1800 0.000348
1801 0.000345
1802 0.000345
1803 0.000344
1804 0.000346
1805 0.000345
1806 0.000343
1807 0.000339
1808 0.000338
1809 0.000336
1810 0.000332
1811 0.000332
1812 0.000331
1813 0.000333
1814 0.000335
1815 0.000338
1816 0.000339
1817 0.000337
1818 0.000333
1819 0.000328
1820 0.000326
1821 0.000326
1822 0.000326
1823 0.000327
1824 0.000326
1825 0.000325
1826 0.000324
1827 0.000323
1828 0.000322
1829 0.000321
1830 0.000321
1831 0.000321
1832 0.000320
1833 0.000319
1834 0.000318
1835 0.000317
1836 0.000316
1837 0.000313
1838 0.000311
1839 0.000312
1840 0.000313
1841 0.000313
1842 0.000313
1843 0.000312
1844 0.000311
1845 0.000310
1846 0.000307
1847 0.000305
1848 0.000305
1849 0.000304
1850 0.000302
1851 0.000303
1852 0.000301
1853 0.000300
1854 0.000299
1855 0.000300
1856 0.000299
1857 0.000302
1858 0.000303
1859 0.000302
1860 0.000299
1861 0.000296
1862 0.000295
1863 0.000296
1864 0.000295
1865 0.000293
1866 0.000291
1867 0.000290
1868 0.000288
1869 0.000286
1870 0.000286
1871 0.000284
1872 0.000283
1873 0.000282
1874 0.000279
1875 0.000276
1876 0.000274
1877 0.000272
1878 0.000270
1879 0.000267
1880 0.000264
1881 0.000262
1882 0.000260
1883 0.000255
1884 0.000252
1885 0.000249
1886 0.000247
1887 0.000245
1888 0.000244
1889 0.000243
1890 0.000241
1891 0.000238
1892 0.000235
1893 0.000232
1894 0.000230
1895 0.000229
1896 0.000226
1897 0.000222
1898 0.000220
1899 0.000218
1900 0.000217
1901 0.000216
1902 0.000215
1903 0.000214
1904 0.000212
1905 0.000210
1906 0.000208
1907 0.000208
1908 0.000207
1909 0.000208
1910 0.000207
1911 0.000205
1912 0.000202
1913 0.000201
1914 0.000199
1915 0.000197
1916 0.000197
1917 0.000197
1918 0.000197
1919 0.000197
1920 0.000196
1921 0.000195
1922 0.000193
1923 0.000191
1924 0.000190
1925 0.000190
1926 0.000190
1927 0.000189
1928 0.000189
1929 0.000188
1930 0.000186
1931 0.000184
1932 0.000183
1933 0.000180
1934 0.000179
1935 0.000179
1936 0.000178
1937 0.000177
1938 0.000177
1939 0.000176
1940 0.000176
1941 0.000175
1942 0.000174
1943 0.000173
1944 0.000172
1945 0.000172
1946 0.000171
1947 0.000171
1948 0.000169
1949 0.000168
1950 0.000167
1951 0.000166
1952 0.000165
1953 0.000164
1954 0.000163
1955 0.000162
1956 0.000161
1957 0.000160
1958 0.000160
1959 0.000159
1960 0.000157
1961 0.000157
1962 0.000157
1963 0.000156
1964 0.000156
1965 0.000156
1966 0.000156
1967 0.000155
1968 0.000154
1969 0.000153
1970 0.000154
1971 0.000154
1972 0.000154
1973 0.000155
1974 0.000157
1975 0.000158
1976 0.000159
1977 0.000159
1978 0.000158
1979 0.000157
1980 0.000157
1981 0.000157
1982 0.000156
1983 0.000156
1984 0.000157
1985 0.000158
1986 0.000157
1987 0.000157
1988 0.000158
1989 0.000159
1990 0.000160
1991 0.000160
1992 0.000161
1993 0.000162
1994 0.000163
1995 0.000162
1996 0.000161
1997 0.000160
1998 0.000161
1999 0.000162
2000 0.000162
2001 0.000163
2002 0.000165
2003 0.000168
2004 0.000169
2005 0.000167
2006 0.000165
2007 0.000165
2008 0.000166
2009 0.000166
2010 0.000167
2011 0.000167
2012 0.000168
2013 0.000169
2014 0.000170
2015 0.000170
2016 0.000172
2017 0.000173
2018 0.000172
2019 0.000171
2020 0.000172
2021 0.000172
2022 0.000173
2023 0.000172
2024 0.000171
2025 0.000172
2026 0.000173
2027 0.000173
2028 0.000174
2029 0.000178
2030 0.000179
2031 0.000180
2032 0.000179
2033 0.000179
2034 0.000179
2035 0.000179
2036 0.000179
2037 0.000179
2038 0.000179
2039 0.000179
2040 0.000180
2041 0.000180
2042 0.000179
2043 0.000180
2044 0.000181
2045 0.000183
2046 0.000183
2047 0.000184
2048 0.000185
2049 0.000184
2050 0.000184
2051 0.000183
2052 0.000182
2053 0.000181
2054 0.000181
2055 0.000181
2056 0.000181
2057 0.000181
2058 0.000181
2059 0.000181
2060 0.000180
2061 0.000179
2062 0.000180
2063 0.000181
2064 0.000181
2065 0.000181
2066 0.000181
2067 0.000181
2068 0.000180
2069 0.000180
2070 0.000180
2071 0.000180
2072 0.000181
2073 0.000182
2074 0.000184
2075 0.000187
2076 0.000187
2077 0.000185
2078 0.000183
2079 0.000182
2080 0.000181
2081 0.000181
2082 0.000181
2083 0.000181
2084 0.000182
2085 0.000183
2086 0.000183
2087 0.000183
2088 0.000181
2089 0.000180
2090 0.000181
2091 0.000180
2092 0.000180
2093 0.000180
2094 0.000181
2095 0.000180
2096 0.000180
2097 0.000180
2098 0.000180
2099 0.000182
2100 0.000182
2101 0.000182
2102 0.000183
2103 0.000184
2104 0.000184
2105 0.000183
2106 0.000183
2107 0.000182
2108 0.000185
2109 0.000186
2110 0.000186
2111 0.000185
2112 0.000184
2113 0.000184
2114 0.000183
2115 0.000183
2116 0.000183
2117 0.000183
2118 0.000183
2119 0.000183
2120 0.000183
2121 0.000184
2122 0.000185
2123 0.000185
2124 0.000184
2125 0.000183
2126 0.000181
2127 0.000181
2128 0.000180
2129 0.000179
2130 0.000179
2131 0.000178
2132 0.000177
2133 0.000176
2134 0.000174
2135 0.000172
2136 0.000172
2137 0.000171
2138 0.000169
2139 0.000169
2140 0.000167
2141 0.000166
2142 0.000164
2143 0.000162
2144 0.000160
2145 0.000158
2146 0.000156
2147 0.000152
2148 0.000150
2149 0.000148
2150 0.000146
2151 0.000143
2152 0.000141
2153 0.000138
2154 0.000137
2155 0.000135
2156 0.000134
2157 0.000134
2158 0.000134
2159 0.000134
2160 0.000133
2161 0.000131
2162 0.000130
2163 0.000129
2164 0.000128
2165 0.000127
2166 0.000126
2167 0.000127
2168 0.000127
2169 0.000127
2170 0.000126
2171 0.000124
2172 0.000123
2173 0.000123
2174 0.000122
2175 0.000122
2176 0.000121
2177 0.000121
2178 0.000120
2179 0.000119
2180 0.000119
2181 0.000119
2182 0.000119
2183 0.000120
2184 0.000119
2185 0.000118
2186 0.000118
2187 0.000117
2188 0.000117
2189 0.000116
2190 0.000116
2191 0.000116
2192 0.000117
2193 0.000117
2194 0.000117
2195 0.000117
2196 0.000115
2197 0.000114
2198 0.000113
2199 0.000112
2200 0.000111
2201 0.000111
2202 0.000111
2203 0.000110
2204 0.000110
2205 0.000110
2206 0.000110
2207 0.000110
2208 0.000109
2209 0.000108
2210 0.000108
2211 0.000107
2212 0.000106
2213 0.000106
2214 0.000106
2215 0.000105
2216 0.000104
2217 0.000103
2218 0.000102
2219 0.000102
2220 0.000103
2221 0.000103
2222 0.000103
2223 0.000102
2224 0.000101
2225 0.000099
2226 0.000098
2227 0.000098
2228 0.000098
2229 0.000099
2230 0.000099
2231 0.000098
2232 0.000097
2233 0.000096
2234 0.000095
2235 0.000095
2236 0.000095
2237 0.000094
2238 0.000093
2239 0.000093
2240 0.000092
2241 0.000092
2242 0.000092
2243 0.000092
2244 0.000091
2245 0.000091
2246 0.000091
2247 0.000091
2248 0.000091
2249 0.000091
2250 0.000091
2251 0.000090
2252 0.000089
2253 0.000089
2254 0.000088
2255 0.000088
2256 0.000088
2257 0.000087
2258 0.000086
2259 0.000086
2260 0.000085
2261 0.000085
2262 0.000084
2263 0.000083
2264 0.000082
2265 0.000082
2266 0.000081
2267 0.000081
2268 0.000080
2269 0.000080
2270 0.000079
2271 0.000078
2272 0.000077
2273 0.000077
2274 0.000076
2275 0.000075
2276 0.000074
2277 0.000073
2278 0.000073
2279 0.000071
2280 0.000070
2281 0.000070
2282 0.000069
2283 0.000068
2284 0.000067
2285 0.000066
2286 0.000065
2287 0.000065
2288 0.000064
2289 0.000062
2290 0.000061
2291 0.000061
2292 0.000060
2293 0.000059
2294 0.000059
2295 0.000059
2296 0.000059
2297 0.000059
2298 0.000059
2299 0.000059
2300 0.000060
2301 0.000060
2302 0.000061
2303 0.000061
2304 0.000062
2305 0.000062
2306 0.000063
2307 0.000063
2308 0.000064
2309 0.000064
2310 0.000064
2311 0.000064
2312 0.000063
2313 0.000064
2314 0.000064
2315 0.000065
2316 0.000065
2317 0.000064
2318 0.000064
2319 0.000064
2320 0.000064
2321 0.000064
2322 0.000064
2323 0.000064
2324 0.000064
2325 0.000064
2326 0.000064
2327 0.000064
2328 0.000064
2329 0.000064
2330 0.000064
2331 0.000064
2332 0.000064
2333 0.000064
2334 0.000063
2335 0.000063
2336 0.000062
2337 0.000062
2338 0.000062
2339 0.000062
2340 0.000062
2341 0.000062
2342 0.000062
2343 0.000061
2344 0.000061
2345 0.000061
2346 0.000061
2347 0.000060
2348 0.000060
2349 0.000059
2350 0.000059
2351 0.000059
2352 0.000059
2353 0.000058
2354 0.000058
2355 0.000058
2356 0.000057
2357 0.000057
2358 0.000057
2359 0.000057
2360 0.000057
2361 0.000056
2362 0.000056
2363 0.000055
2364 0.000055
2365 0.000055
2366 0.000054
2367 0.000054
2368 0.000054
2369 0.000054
2370 0.000054
2371 0.000054
2372 0.000054
2373 0.000053
2374 0.000053
2375 0.000052
2376 0.000051
2377 0.000051
2378 0.000051
2379 0.000051
2380 0.000051
2381 0.000051
2382 0.000050
2383 0.000050
2384 0.000049
2385 0.000049
2386 0.000048
2387 0.000048
2388 0.000048
2389 0.000047
2390 0.000048
2391 0.000047
2392 0.000047
2393 0.000047
2394 0.000046
2395 0.000046
2396 0.000046
2397 0.000046
2398 0.000046
2399 0.000046
2400 0.000046
2401 0.000045
2402 0.000045
2403 0.000045
2404 0.000045
2405 0.000045
2406 0.000045
2407 0.000045
2408 0.000045
2409 0.000045
2410 0.000045
2411 0.000044
2412 0.000044
2413 0.000044
2414 0.000044
2415 0.000045
2416 0.000045
2417 0.000045
2418 0.000045
2419 0.000044
2420 0.000044
2421 0.000044
2422 0.000044
2423 0.000044
2424 0.000044
2425 0.000044
2426 0.000045
2427 0.000045
2428 0.000045
2429 0.000045
2430 0.000045
2431 0.000045
2432 0.000045
2433 0.000045
2434 0.000045
2435 0.000045
2436 0.000045
2437 0.000045
2438 0.000045
2439 0.000045
2440 0.000045
2441 0.000045
2442 0.000045
2443 0.000045
2444 0.000045
2445 0.000045
2446 0.000045
2447 0.000045
2448 0.000045
2449 0.000045
2450 0.000045
2451 0.000045
2452 0.000045
2453 0.000045
2454 0.000046
2455 0.000046
2456 0.000045
2457 0.000045
2458 0.000045
2459 0.000045
2460 0.000044
2461 0.000044
2462 0.000044
2463 0.000044
2464 0.000044
2465 0.000044
2466 0.000044
2467 0.000044
2468 0.000044
2469 0.000044
2470 0.000044
2471 0.000044
2472 0.000044
2473 0.000045
2474 0.000045
2475 0.000044
2476 0.000045
2477 0.000045
2478 0.000045
2479 0.000045
2480 0.000045
2481 0.000045
2482 0.000044
2483 0.000044
2484 0.000044
2485 0.000044
2486 0.000044
2487 0.000045
2488 0.000045
2489 0.000045
2490 0.000045
2491 0.000044
2492 0.000044
2493 0.000044
2494 0.000043
2495 0.000044
2496 0.000044
2497 0.000044
2498 0.000044
2499 0.000044
2500 0.000044
2501 0.000044
2502 0.000043
2503 0.000043
2504 0.000043
2505 0.000044
2506 0.000044
2507 0.000044
2508 0.000044
2509 0.000043
2510 0.000043
2511 0.000043
2512 0.000043
2513 0.000043
2514 0.000043
2515 0.000043
2516 0.000043
2517 0.000043
2518 0.000043
2519 0.000043
2520 0.000043
2521 0.000043
2522 0.000043
2523 0.000043
2524 0.000043
2525 0.000043
2526 0.000043
2527 0.000043
2528 0.000043
2529 0.000043
2530 0.000043
2531 0.000044
2532 0.000044
2533 0.000044
2534 0.000044
2535 0.000044
2536 0.000044
2537 0.000044
2538 0.000044
2539 0.000044
2540 0.000044
2541 0.000044
2542 0.000044
2543 0.000044
2544 0.000044
2545 0.000044
2546 0.000044
2547 0.000044
2548 0.000044
2549 0.000044
2550 0.000044
2551 0.000044
2552 0.000044
2553 0.000044
2554 0.000044
2555 0.000044
2556 0.000044
2557 0.000043
2558 0.000043
2559 0.000043
2560 0.000043
2561 0.000043
2562 0.000043
2563 0.000043
2564 0.000043
2565 0.000043
2566 0.000042
2567 0.000042
2568 0.000042
2569 0.000042
2570 0.000043
2571 0.000043
2572 0.000043
2573 0.000042
2574 0.000042
2575 0.000042
2576 0.000041
2577 0.000041
2578 0.000041
2579 0.000041
2580 0.000041
2581 0.000041
2582 0.000041
2583 0.000041
2584 0.000041
2585 0.000040
2586 0.000040
2587 0.000040
2588 0.000040
2589 0.000040
2590 0.000040
2591 0.000040
2592 0.000040
2593 0.000039
2594 0.000039
2595 0.000039
2596 0.000039
2597 0.000038
2598 0.000038
2599 0.000038
2600 0.000037
2601 0.000037
2602 0.000037
2603 0.000037
2604 0.000036
2605 0.000036
2606 0.000036
2607 0.000036
2608 0.000036
2609 0.000035
2610 0.000035
2611 0.000035
2612 0.000034
2613 0.000034
2614 0.000034
2615 0.000034
2616 0.000033
2617 0.000033
2618 0.000033
2619 0.000032
2620 0.000031
2621 0.000031
2622 0.000031
2623 0.000031
2624 0.000030
2625 0.000030
2626 0.000030
2627 0.000029
2628 0.000029
2629 0.000029
2630 0.000028
2631 0.000028
2632 0.000028
2633 0.000028
2634 0.000028
2635 0.000028
2636 0.000028
2637 0.000028
2638 0.000028
2639 0.000027
2640 0.000027
2641 0.000027
2642 0.000027
2643 0.000027
2644 0.000027
2645 0.000026
2646 0.000026
2647 0.000026
2648 0.000026
2649 0.000026
2650 0.000026
2651 0.000025
2652 0.000025
2653 0.000025
2654 0.000024
2655 0.000024
2656 0.000024
2657 0.000024
2658 0.000023
2659 0.000023
2660 0.000023
2661 0.000023
2662 0.000023
2663 0.000023
2664 0.000023
2665 0.000023
2666 0.000023
2667 0.000023
2668 0.000022
2669 0.000022
2670 0.000022
2671 0.000022
2672 0.000022
2673 0.000022
2674 0.000022
2675 0.000021
2676 0.000021
2677 0.000021
2678 0.000021
2679 0.000021
2680 0.000021
2681 0.000021
2682 0.000021
2683 0.000021
2684 0.000020
2685 0.000020
2686 0.000020
2687 0.000020
2688 0.000020
2689 0.000020
2690 0.000020
2691 0.000020
2692 0.000019
2693 0.000019
2694 0.000019
2695 0.000019
2696 0.000019
2697 0.000019
2698 0.000019
2699 0.000019
2700 0.000019
2701 0.000019
2702 0.000019
2703 0.000019
2704 0.000019
2705 0.000018
2706 0.000018
2707 0.000018
2708 0.000018
2709 0.000018
2710 0.000018
2711 0.000018
2712 0.000017
2713 0.000017
2714 0.000017
2715 0.000017
2716 0.000017
2717 0.000017
2718 0.000016
2719 0.000016
2720 0.000016
2721 0.000016
2722 0.000016
2723 0.000016
2724 0.000016
2725 0.000016
2726 0.000016
2727 0.000016
2728 0.000016
2729 0.000016
2730 0.000015
2731 0.000015
2732 0.000015
2733 0.000015
2734 0.000015
2735 0.000015
2736 0.000015
2737 0.000015
2738 0.000015
2739 0.000014
2740 0.000014
2741 0.000014
2742 0.000014
2743 0.000014
2744 0.000014
2745 0.000014
2746 0.000014
2747 0.000014
2748 0.000014
2749 0.000014
2750 0.000013
2751 0.000013
2752 0.000013
2753 0.000013
2754 0.000013
2755 0.000013
2756 0.000013
2757 0.000013
2758 0.000013
2759 0.000013
2760 0.000012
2761 0.000012
2762 0.000012
2763 0.000012
2764 0.000012
2765 0.000012
2766 0.000012
2767 0.000012
2768 0.000012
2769 0.000012
2770 0.000012
2771 0.000012
2772 0.000012
2773 0.000012
2774 0.000012
2775 0.000012
2776 0.000011
2777 0.000011
2778 0.000011
2779 0.000011
2780 0.000011
2781 0.000011
2782 0.000011
2783 0.000011
2784 0.000011
2785 0.000011
2786 0.000011
2787 0.000011
2788 0.000011
2789 0.000011
2790 0.000011
2791 0.000010
2792 0.000010
2793 0.000011
2794 0.000011
2795 0.000010
2796 0.000010
2797 0.000010
2798 0.000010
2799 0.000010
2800 0.000010
2801 0.000010
2802 0.000010
2803 0.000010
2804 0.000010
2805 0.000010
2806 0.000010
2807 0.000010
2808 0.000010
2809 0.000010
2810 0.000010
2811 0.000010
2812 0.000010
2813 0.000010
2814 0.000010
2815 0.000010
2816 0.000010
2817 0.000010
2818 0.000010
2819 0.000010
2820 0.000010
2821 0.000010
2822 0.000010
2823 0.000010
2824 0.000010
2825 0.000010
2826 0.000010
2827 0.000010
2828 0.000010
2829 0.000010
2830 0.000010
2831 0.000010
2832 0.000010
2833 0.000010
2834 0.000010
2835 0.000010
2836 0.000010
2837 0.000010
2838 0.000010
2839 0.000010
2840 0.000010
2841 0.000010
2842 0.000010
2843 0.000010
2844 0.000010
2845 0.000010
2846 0.000010
2847 0.000010
2848 0.000010
2849 0.000010
2850 0.000010
2851 0.000010
2852 0.000010
2853 0.000010
2854 0.000010
2855 0.000010
2856 0.000010
2857 0.000010
2858 0.000010
2859 0.000010
2860 0.000010
2861 0.000010
2862 0.000010
2863 0.000010
2864 0.000010
2865 0.000010
2866 0.000010
2867 0.000010
2868 0.000010
2869 0.000010
2870 0.000009
2871 0.000009
2872 0.000009
2873 0.000009
2874 0.000009
2875 0.000009
2876 0.000009
2877 0.000009
2878 0.000009
2879 0.000009
2880 0.000009
2881 0.000009
2882 0.000009
2883 0.000010
2884 0.000010
2885 0.000009
2886 0.000009
2887 0.000009
2888 0.000009
2889 0.000009
2890 0.000009
2891 0.000009
2892 0.000009
2893 0.000009
2894 0.000010
2895 0.000010
2896 0.000009
2897 0.000009
2898 0.000009
2899 0.000009
2900 0.000009
2901 0.000010
2902 0.000010
2903 0.000009
2904 0.000009
2905 0.000009
2906 0.000009
2907 0.000009
2908 0.000009
2909 0.000009
2910 0.000009
2911 0.000009
2912 0.000009
2913 0.000009
2914 0.000009
2915 0.000009
2916 0.000009
2917 0.000009
2918 0.000009
2919 0.000009
2920 0.000009
2921 0.000009
2922 0.000009
2923 0.000009
2924 0.000009
2925 0.000009
2926 0.000009
2927 0.000009
2928 0.000009
2929 0.000009
2930 0.000009
2931 0.000009
2932 0.000009
2933 0.000009
2934 0.000009
2935 0.000009
2936 0.000009
2937 0.000009
2938 0.000009
2939 0.000009
2940 0.000008
2941 0.000008
2942 0.000008
2943 0.000008
2944 0.000008
2945 0.000008
2946 0.000008
2947 0.000008
2948 0.000008
2949 0.000008
2950 0.000008
2951 0.000008
2952 0.000008
2953 0.000007
2954 0.000007
2955 0.000007
2956 0.000007
2957 0.000007
2958 0.000007
2959 0.000007
2960 0.000007
2961 0.000007
2962 0.000007
2963 0.000007
2964 0.000007
2965 0.000007
2966 0.000007
2967 0.000007
2968 0.000007
2969 0.000007
2970 0.000007
2971 0.000007
2972 0.000007
2973 0.000007
2974 0.000007
2975 0.000007
2976 0.000007
2977 0.000007
2978 0.000007
2979 0.000007
2980 0.000007
2981 0.000007
2982 0.000007
2983 0.000007
2984 0.000006
2985 0.000006
2986 0.000006
2987 0.000006
2988 0.000006
2989 0.000006
2990 0.000006
2991 0.000006
2992 0.000006
2993 0.000006
2994 0.000006
2995 0.000006
2996 0.000006
2997 0.000006
2998 0.000006
2999 0.000006
3000 0.000006
3001 0.000006
3002 0.000006
3003 0.000006
3004 0.000006
3005 0.000006
3006 0.000006
3007 0.000006
3008 0.000006
3009 0.000006
3010 0.000006
3011 0.000006
3012 0.000006
3013 0.000006
3014 0.000005
3015 0.000005
3016 0.000005
3017 0.000005
3018 0.000005
3019 0.000005
3020 0.000005
3021 0.000005
3022 0.000005
3023 0.000005
3024 0.000005
3025 0.000005
3026 0.000005
3027 0.000005
3028 0.000005
3029 0.000005
3030 0.000005
3031 0.000005
3032 0.000005
3033 0.000005
3034 0.000005
3035 0.000005
3036 0.000005
3037 0.000005
3038 0.000005
3039 0.000005
3040 0.000005
3041 0.000005
3042 0.000005
3043 0.000005
3044 0.000005
3045 0.000005
3046 0.000005
3047 0.000005
3048 0.000005
3049 0.000005
3050 0.000005
3051 0.000005
3052 0.000005
3053 0.000005
3054 0.000005
3055 0.000005
3056 0.000005
3057 0.000005
3058 0.000005
3059 0.000005
3060 0.000005
3061 0.000005
3062 0.000005
3063 0.000005
3064 0.000005
3065 0.000005
3066 0.000005
3067 0.000005
3068 0.000005
3069 0.000005
3070 0.000005
3071 0.000005
3072 0.000005
3073 0.000005
3074 0.000005
3075 0.000005
3076 0.000005
3077 0.000005
3078 0.000005
3079 0.000005
3080 0.000005
3081 0.000004
3082 0.000004
3083 0.000004
3084 0.000004
3085 0.000004
3086 0.000004
3087 0.000004
3088 0.000004
3089 0.000004
3090 0.000004
3091 0.000004
3092 0.000004
3093 0.000004
3094 0.000004
3095 0.000004
3096 0.000004
3097 0.000004
3098 0.000004
3099 0.000004
3100 0.000004
3101 0.000004
3102 0.000004
3103 0.000004
3104 0.000004
3105 0.000004
3106 0.000004
3107 0.000004
3108 0.000004
3109 0.000004
3110 0.000004
3111 0.000004
3112 0.000004
3113 0.000004
3114 0.000004
3115 0.000004
3116 0.000004
3117 0.000004
3118 0.000004
3119 0.000004
3120 0.000004
3121 0.000004
3122 0.000004
3123 0.000004
3124 0.000004
3125 0.000004
3126 0.000003
3127 0.000003
3128 0.000003
3129 0.000003
3130 0.000003
3131 0.000003
3132 0.000003
3133 0.000003
3134 0.000003
3135 0.000003
3136 0.000003
3137 0.000003
3138 0.000003
3139 0.000003
3140 0.000003
3141 0.000003
3142 0.000003
3143 0.000003
3144 0.000003
3145 0.000003
3146 0.000003
3147 0.000003
3148 0.000003
3149 0.000003
3150 0.000003
3151 0.000003
3152 0.000003
3153 0.000003
3154 0.000003
3155 0.000003
3156 0.000003
3157 0.000003
3158 0.000003
3159 0.000003
3160 0.000003
3161 0.000003
3162 0.000003
3163 0.000003
3164 0.000003
3165 0.000003
3166 0.000003
3167 0.000003
3168 0.000002
3169 0.000002
3170 0.000002
3171 0.000002
3172 0.000002
3173 0.000002
3174 0.000002
3175 0.000002
3176 0.000002
3177 0.000002
3178 0.000002
3179 0.000002
3180 0.000002
3181 0.000002
3182 0.000002
3183 0.000002
3184 0.000002
3185 0.000002
3186 0.000002
3187 0.000002
3188 0.000002
3189 0.000002
3190 0.000002
3191 0.000002
3192 0.000002
3193 0.000002
3194 0.000002
3195 0.000002
3196 0.000002
3197 0.000002
3198 0.000002
3199 0.000002
3200 0.000002
3201 0.000002
3202 0.000002
3203 0.000002
3204 0.000002
3205 0.000002
3206 0.000002
3207 0.000002
3208 0.000002
3209 0.000002
3210 0.000002
3211 0.000002
3212 0.000002
3213 0.000002
3214 0.000002
3215 0.000002
3216 0.000002
3217 0.000002
3218 0.000002
3219 0.000002
3220 0.000002
3221 0.000002
3222 0.000002
3223 0.000002
3224 0.000002
3225 0.000002
3226 0.000002
3227 0.000002
3228 0.000002
3229 0.000002
3230 0.000002
3231 0.000002
3232 0.000002
3233 0.000002
3234 0.000002
3235 0.000002
3236 0.000002
3237 0.000002
3238 0.000002
3239 0.000002
3240 0.000002
3241 0.000002
3242 0.000002
3243 0.000002
3244 0.000002
3245 0.000002
3246 0.000002
3247 0.000002
3248 0.000002
3249 0.000002
3250 0.000002
3251 0.000002
3252 0.000002
3253 0.000002
3254 0.000002
3255 0.000002
3256 0.000002
3257 0.000002
3258 0.000002
3259 0.000002
3260 0.000002
3261 0.000002
3262 0.000002
3263 0.000002
3264 0.000002
3265 0.000002
3266 0.000002
3267 0.000002
3268 0.000002
3269 0.000002
3270 0.000002
3271 0.000002
3272 0.000002
3273 0.000002
3274 0.000002
3275 0.000002
3276 0.000002
3277 0.000002
3278 0.000002
3279 0.000001
3280 0.000001
3281 0.000001
3282 0.000001
3283 0.000001
3284 0.000001
3285 0.000001
3286 0.000001
3287 0.000001
3288 0.000001
3289 0.000001
3290 0.000001
3291 0.000001
3292 0.000001
3293 0.000001
3294 0.000001
3295 0.000001
3296 0.000001
3297 0.000001
3298 0.000001
3299 0.000001
3300 0.000001
3301 0.000001
3302 0.000001
3303 0.000001
3304 0.000001
3305 0.000001
3306 0.000001
3307 0.000001
3308 0.000001
3309 0.000001
3310 0.000001
3311 0.000001
3312 0.000001
3313 0.000001
3314 0.000001
3315 0.000001
3316 0.000001
3317 0.000001
3318 0.000001
3319 0.000001
3320 0.000001
3321 0.000001
3322 0.000001
3323 0.000001
3324 0.000001
3325 0.000001
3326 0.000001
3327 0.000001
3328 0.000001
3329 0.000001
3330 0.000001
3331 0.000001
3332 0.000001
3333 0.000001
3334 0.000001
3335 0.000001
3336 0.000001
3337 0.000001
3338 0.000001
3339 0.000001
3340 0.000001
3341 0.000001
3342 0.000001
3343 0.000001
3344 0.000001
3345 0.000001
3346 0.000001
3347 0.000001
3348 0.000001
3349 0.000001
3350 0.000001
3351 0.000001
3352 0.000001
3353 0.000001
3354 0.000001
3355 0.000001
3356 0.000001
3357 0.000001
3358 0.000001
3359 0.000001
3360 0.000001
3361 0.000001
3362 0.000001
3363 0.000001
3364 0.000001
3365 0.000001
3366 0.000001
3367 0.000001
3368 0.000001
3369 0.000001
3370 0.000001
3371 0.000001
3372 0.000001
3373 0.000001
3374 0.000001
3375 0.000001
3376 0.000001
3377 0.000001
3378 0.000001
3379 0.000001
3380 0.000001
3381 0.000001
3382 0.000001
3383 0.000001
3384 0.000001
3385 0.000001
3386 0.000001
3387 0.000001
3388 0.000001
3389 0.000001
3390 0.000001
3391 0.000001
3392 0.000001
3393 0.000001
3394 0.000001
3395 0.000001
3396 0.000001
3397 0.000001
3398 0.000001
3399 0.000001
3400 0.000001
3401 0.000001
3402 0.000001
3403 0.000001
3404 0.000001
3405 0.000001
3406 0.000001
3407 0.000001
3408 0.000001
3409 0.000001
3410 0.000001
3411 0.000001
3412 0.000001
3413 0.000001
3414 0.000001
3415 0.000001
3416 0.000001
3417 0.000001
3418 0.000001
3419 0.000001
3420 0.000001
3421 0.000001
3422 0.000001
3423 0.000001
3424 0.000001
3425 0.000001
3426 0.000001
3427 0.000001
3428 0.000001
3429 0.000001
3430 0.000001
