#ite residual of mtx/thermal2.mtx
1 40.527851
2 28.945203
3 28.775420
4 28.983830
5 28.919384
6 29.262744
7 29.008609
8 29.272394
9 29.143282
10 25.931116
11 16.333658
12 17.472527
13 16.790892
14 16.923722
15 16.909433
16 17.061064
17 17.019624
18 16.939875
19 16.043208
20 13.200192
21 11.074348
22 12.860135
23 11.629572
24 11.894285
25 12.006507
26 12.089897
27 12.180154
28 11.647583
29 10.491256
30 9.025447
31 9.229492
32 9.577417
33 9.166342
34 9.274794
35 9.389164
36 9.409854
37 9.307820
38 8.476127
39 7.626421
40 7.414422
41 7.859906
42 7.419506
43 7.666927
44 7.521124
45 7.704784
46 7.619222
47 7.258819
48 6.569027
49 6.212909
50 6.561985
51 6.525614
52 6.234908
53 6.608280
54 6.418194
55 6.513921
56 6.281298
57 5.794494
58 5.486395
59 5.493622
60 5.710460
61 5.458132
62 5.551900
63 5.614026
64 5.581002
65 5.467218
66 5.181913
67 4.887957
68 4.926851
69 5.008360
70 4.920790
71 4.879119
72 5.028296
73 4.889853
74 4.926555
75 4.625128
76 4.428886
77 4.354907
78 4.458233
79 4.419582
80 4.279632
81 4.458575
82 4.427860
83 4.304018
84 4.265630
85 4.009108
86 3.957653
87 4.003988
88 4.003568
89 3.928795
90 3.913822
91 4.044933
92 3.947322
93 3.886621
94 3.676145
95 3.590838
96 3.621294
97 3.661964
98 3.575579
99 3.576728
100 3.669873
101 3.591064
102 3.548492
103 3.446336
104 3.276945
105 3.334296
106 3.343548
107 3.334820
108 3.314519
109 3.369144
110 3.384425
111 3.243301
112 3.213868
113 3.082575
114 3.071688
115 3.107037
116 3.074862
117 3.061540
118 3.102573
119 3.126693
120 3.058681
121 2.973999
122 2.868911
123 2.845091
124 2.907801
125 2.868495
126 2.844778
127 2.852138
128 2.911509
129 2.855444
130 2.777306
131 2.739346
132 2.643294
133 2.690678
134 2.688194
135 2.647697
136 2.681165
137 2.709898
138 2.690472
139 2.607840
140 2.551053
141 2.500820
142 2.511240
143 2.536672
144 2.508593
145 2.544181
146 2.584651
147 2.574785
148 2.494053
149 2.441333
150 2.390219
151 2.361371
152 2.411767
153 2.367776
154 2.359903
155 2.410204
156 2.403260
157 2.355346
158 2.281804
159 2.278143
160 2.252226
161 2.250693
162 2.252068
163 2.204985
164 2.246838
165 2.267800
166 2.224891
167 2.177446
168 2.149231
169 2.126861
170 2.131117
171 2.142888
172 2.106666
173 2.139798
174 2.161662
175 2.125022
176 2.078276
177 2.036036
178 2.039969
179 2.011696
180 2.031253
181 2.014067
182 2.015769
183 2.057576
184 2.028342
185 1.988773
186 1.959220
187 1.941341
188 1.943974
189 1.952438
190 1.939529
191 1.937944
192 1.988368
193 1.971639
194 1.918218
195 1.884215
196 1.852640
197 1.845419
198 1.840348
199 1.857722
200 1.834332
201 1.864814
202 1.871076
203 1.817747
204 1.792820
205 1.778467
206 1.777664
207 1.784625
208 1.770898
209 1.768866
210 1.786884
211 1.800084
212 1.752867
213 1.719987
214 1.721974
215 1.711493
216 1.707054
217 1.698513
218 1.708193
219 1.701583
220 1.743365
221 1.716256
222 1.685716
223 1.673118
224 1.649857
225 1.640939
226 1.633373
227 1.634024
228 1.648240
229 1.647979
230 1.642967
231 1.601704
232 1.590058
233 1.584944
234 1.574937
235 1.582614
236 1.579186
237 1.583355
238 1.589406
239 1.596411
240 1.545474
241 1.542526
242 1.546096
243 1.547137
244 1.550893
245 1.550438
246 1.547626
247 1.547709
248 1.536409
249 1.513969
250 1.473989
251 1.486010
252 1.475148
253 1.476828
254 1.478561
255 1.474009
256 1.479801
257 1.480867
258 1.456800
259 1.425476
260 1.415766
261 1.407154
262 1.392559
263 1.391792
264 1.387553
265 1.379118
266 1.383596
267 1.372644
268 1.343988
269 1.321497
270 1.328143
271 1.300626
272 1.299877
273 1.297360
274 1.293406
275 1.289428
276 1.273887
277 1.254342
278 1.240866
279 1.245552
280 1.243598
281 1.228368
282 1.232330
283 1.225220
284 1.223603
285 1.215631
286 1.186544
287 1.168057
288 1.158824
289 1.159169
290 1.141362
291 1.149917
292 1.147248
293 1.149842
294 1.143119
295 1.123526
296 1.105269
297 1.098408
298 1.100107
299 1.086160
300 1.082700
301 1.086412
302 1.083654
303 1.082798
304 1.067283
305 1.045735
306 1.044389
307 1.042634
308 1.036155
309 1.033634
310 1.043569
311 1.035444
312 1.040391
313 1.025589
314 1.006344
315 0.999988
316 0.994045
317 0.986512
318 0.971227
319 0.979029
320 0.979941
321 0.979999
322 0.967133
323 0.945744
324 0.933880
325 0.935340
326 0.926852
327 0.921982
328 0.926835
329 0.932602
330 0.932534
331 0.934720
332 0.921470
333 0.916309
334 0.911273
335 0.903011
336 0.895579
337 0.886401
338 0.893288
339 0.886372
340 0.887199
341 0.879605
342 0.869804
343 0.865545
344 0.858077
345 0.842421
346 0.842714
347 0.843326
348 0.846675
349 0.837901
350 0.834791
351 0.822095
352 0.819586
353 0.816732
354 0.808697
355 0.803552
356 0.806840
357 0.809810
358 0.798906
359 0.792432
360 0.777794
361 0.773888
362 0.773716
363 0.765178
364 0.762675
365 0.768075
366 0.763940
367 0.761331
368 0.753423
369 0.749394
370 0.745972
371 0.754516
372 0.751095
373 0.743789
374 0.739966
375 0.737217
376 0.732761
377 0.723021
378 0.714968
379 0.703947
380 0.707964
381 0.706618
382 0.700750
383 0.700431
384 0.702654
385 0.698715
386 0.693825
387 0.681904
388 0.676403
389 0.668328
390 0.671730
391 0.663007
392 0.666346
393 0.674138
394 0.674283
395 0.665120
396 0.652411
397 0.642746
398 0.638436
399 0.636429
400 0.629759
401 0.629960
402 0.635242
403 0.638935
404 0.634072
405 0.625741
406 0.615559
407 0.610036
408 0.604229
409 0.604312
410 0.595380
411 0.603635
412 0.602912
413 0.598051
414 0.591205
415 0.585358
416 0.582069
417 0.582526
418 0.582667
419 0.580450
420 0.578059
421 0.577326
422 0.570386
423 0.560790
424 0.554311
425 0.548110
426 0.547094
427 0.544585
428 0.542284
429 0.537468
430 0.544236
431 0.537979
432 0.535805
433 0.531146
434 0.527909
435 0.525578
436 0.522398
437 0.517740
438 0.513274
439 0.514177
440 0.512583
441 0.503705
442 0.498379
443 0.496197
444 0.494998
445 0.497417
446 0.494830
447 0.494539
448 0.491860
449 0.489197
450 0.477060
451 0.472979
452 0.465535
453 0.464012
454 0.464421
455 0.463362
456 0.461424
457 0.460511
458 0.459449
459 0.454055
460 0.447354
461 0.445084
462 0.440120
463 0.437770
464 0.436900
465 0.433690
466 0.433634
467 0.432189
468 0.428802
469 0.419938
470 0.416301
471 0.411036
472 0.410361
473 0.405333
474 0.401942
475 0.401328
476 0.402647
477 0.398706
478 0.391554
479 0.388007
480 0.385126
481 0.380884
482 0.379363
483 0.376647
484 0.374890
485 0.376239
486 0.373647
487 0.371387
488 0.368453
489 0.367001
490 0.360777
491 0.357107
492 0.352004
493 0.350655
494 0.349438
495 0.349617
496 0.344173
497 0.338745
498 0.336314
499 0.333322
500 0.329980
501 0.329623
502 0.325649
503 0.324114
504 0.320845
505 0.318812
506 0.313746
507 0.313210
508 0.310406
509 0.307712
510 0.305205
511 0.303972
512 0.302396
513 0.303281
514 0.301834
515 0.297548
516 0.296442
517 0.293415
518 0.292640
519 0.290915
520 0.293005
521 0.291281
522 0.294435
523 0.290545
524 0.287697
525 0.283938
526 0.283259
527 0.280429
528 0.277914
529 0.277596
530 0.277568
531 0.281038
532 0.281173
533 0.276668
534 0.272631
535 0.270735
536 0.266950
537 0.264067
538 0.262061
539 0.262224
540 0.261648
541 0.261946
542 0.257748
543 0.257172
544 0.255913
545 0.254769
546 0.252968
547 0.251734
548 0.253409
549 0.252819
550 0.253253
551 0.249317
552 0.247160
553 0.245261
554 0.244446
555 0.242221
556 0.242099
557 0.240662
558 0.239160
559 0.236987
560 0.235006
561 0.231696
562 0.231740
563 0.231562
564 0.230848
565 0.229104
566 0.228213
567 0.225800
568 0.223122
569 0.221757
570 0.218411
571 0.217893
572 0.217036
573 0.215417
574 0.213514
575 0.212692
576 0.212744
577 0.212513
578 0.211506
579 0.209682
580 0.207578
581 0.206977
582 0.204896
583 0.203636
584 0.203475
585 0.204195
586 0.203399
587 0.201711
588 0.199023
589 0.194918
590 0.194490
591 0.192124
592 0.190405
593 0.189367
594 0.189432
595 0.189450
596 0.188668
597 0.186236
598 0.183805
599 0.182457
600 0.181685
601 0.179534
602 0.179249
603 0.179307
604 0.178515
605 0.177394
606 0.176420
607 0.175662
608 0.174481
609 0.173874
610 0.170507
611 0.168541
612 0.167607
613 0.167365
614 0.166545
615 0.165826
616 0.164131
617 0.161806
618 0.159895
619 0.158456
620 0.156057
621 0.156056
622 0.155219
623 0.154739
624 0.154152
625 0.153079
626 0.152006
627 0.150588
628 0.148873
629 0.146043
630 0.145427
631 0.145145
632 0.144666
633 0.142992
634 0.141996
635 0.140860
636 0.140283
637 0.139854
638 0.138898
639 0.138008
640 0.137715
641 0.135773
642 0.134460
643 0.132825
644 0.131942
645 0.131512
646 0.130598
647 0.129673
648 0.128881
649 0.128803
650 0.127412
651 0.126064
652 0.125064
653 0.123520
654 0.121958
655 0.121175
656 0.119462
657 0.117939
658 0.117414
659 0.117458
660 0.116143
661 0.116235
662 0.115399
663 0.114301
664 0.112380
665 0.110690
666 0.109125
667 0.108221
668 0.107805
669 0.106758
670 0.105748
671 0.104896
672 0.104093
673 0.103628
674 0.102672
675 0.101180
676 0.100328
677 0.099836
678 0.099335
679 0.098048
680 0.097296
681 0.095802
682 0.095202
683 0.094207
684 0.093679
685 0.092350
686 0.091649
687 0.090927
688 0.089603
689 0.088516
690 0.087447
691 0.086669
692 0.086003
693 0.084905
694 0.083879
695 0.083773
696 0.083141
697 0.082184
698 0.081630
699 0.081357
700 0.080429
701 0.079320
702 0.077916
703 0.077233
704 0.076506
705 0.076097
706 0.075298
707 0.074251
708 0.073592
709 0.072367
710 0.072077
711 0.071371
712 0.070683
713 0.070436
714 0.070445
715 0.069461
716 0.068648
717 0.067869
718 0.067315
719 0.066747
720 0.066351
721 0.065232
722 0.064594
723 0.063881
724 0.062974
725 0.061745
726 0.061085
727 0.060627
728 0.059948
729 0.059679
730 0.059063
731 0.058939
732 0.058767
733 0.058028
734 0.056988
735 0.056217
736 0.055522
737 0.055227
738 0.054825
739 0.054590
740 0.053784
741 0.053468
742 0.052717
743 0.051860
744 0.051104
745 0.050753
746 0.050049
747 0.049429
748 0.048905
749 0.048544
750 0.048536
751 0.048308
752 0.047997
753 0.047694
754 0.047428
755 0.046905
756 0.046153
757 0.045512
758 0.045089
759 0.044586
760 0.044580
761 0.043886
762 0.043473
763 0.043022
764 0.042601
765 0.042584
766 0.042164
767 0.041824
768 0.041346
769 0.040931
770 0.040269
771 0.039388
772 0.038662
773 0.038321
774 0.038064
775 0.037942
776 0.037287
777 0.037148
778 0.036853
779 0.036657
780 0.036077
781 0.035872
782 0.035495
783 0.035257
784 0.034776
785 0.034154
786 0.033772
787 0.033403
788 0.033099
789 0.032498
790 0.031867
791 0.031455
792 0.031253
793 0.031165
794 0.030880
795 0.030593
796 0.030793
797 0.030765
798 0.030351
799 0.029583
800 0.029140
801 0.028687
802 0.028521
803 0.028298
804 0.028055
805 0.027838
806 0.027529
807 0.027052
808 0.026447
809 0.026016
810 0.025886
811 0.025718
812 0.025509
813 0.025124
814 0.024934
815 0.024852
816 0.024540
817 0.024152
818 0.023819
819 0.023690
820 0.023409
821 0.023376
822 0.023126
823 0.022874
824 0.022576
825 0.022216
826 0.021788
827 0.021425
828 0.021166
829 0.021083
830 0.020907
831 0.020783
832 0.020662
833 0.020762
834 0.020408
835 0.019957
836 0.019552
837 0.019228
838 0.019089
839 0.018919
840 0.018722
841 0.018485
842 0.018467
843 0.018381
844 0.018024
845 0.017595
846 0.017351
847 0.017149
848 0.016952
849 0.016733
850 0.016683
851 0.016505
852 0.016428
853 0.016098
854 0.015855
855 0.015601
856 0.015485
857 0.015329
858 0.015099
859 0.014901
860 0.014681
861 0.014593
862 0.014406
863 0.014145
864 0.013958
865 0.013811
866 0.013672
867 0.013522
868 0.013352
869 0.013273
870 0.013109
871 0.012989
872 0.012684
873 0.012485
874 0.012227
875 0.012074
876 0.011900
877 0.011737
878 0.011627
879 0.011552
880 0.011453
881 0.011240
882 0.011076
883 0.010943
884 0.010761
885 0.010582
886 0.010463
887 0.010323
888 0.010232
889 0.010061
890 0.009882
891 0.009690
892 0.009634
893 0.009488
894 0.009416
895 0.009303
896 0.009160
897 0.009060
898 0.008930
899 0.008839
900 0.008697
901 0.008656
902 0.008545
903 0.008449
904 0.008317
905 0.008211
906 0.008050
907 0.007921
908 0.007785
909 0.007673
910 0.007573
911 0.007503
912 0.007367
913 0.007278
914 0.007191
915 0.007121
916 0.007053
917 0.006937
918 0.006853
919 0.006794
920 0.006772
921 0.006629
922 0.006509
923 0.006405
924 0.006344
925 0.006262
926 0.006180
927 0.006074
928 0.005971
929 0.005894
930 0.005856
931 0.005786
932 0.005739
933 0.005657
934 0.005593
935 0.005479
936 0.005378
937 0.005297
938 0.005285
939 0.005304
940 0.005229
941 0.005135
942 0.005037
943 0.004959
944 0.004882
945 0.004809
946 0.004739
947 0.004707
948 0.004665
949 0.004617
950 0.004528
951 0.004484
952 0.004405
953 0.004354
954 0.004281
955 0.004242
956 0.004202
957 0.004181
958 0.004164
959 0.004137
960 0.004094
961 0.004015
962 0.003949
963 0.003891
964 0.003841
965 0.003805
966 0.003807
967 0.003779
968 0.003731
969 0.003669
970 0.003643
971 0.003592
972 0.003572
973 0.003527
974 0.003499
975 0.003463
976 0.003424
977 0.003356
978 0.003311
979 0.003291
980 0.003273
981 0.003231
982 0.003192
983 0.003151
984 0.003123
985 0.003082
986 0.003042
987 0.003018
988 0.002999
989 0.002987
990 0.002953
991 0.002932
992 0.002881
993 0.002847
994 0.002805
995 0.002789
996 0.002760
997 0.002742
998 0.002706
999 0.002670
1000 0.002625
1001 0.002587
1002 0.002550
1003 0.002531
1004 0.002495
1005 0.002462
1006 0.002428
1007 0.002399
1008 0.002363
1009 0.002320
1010 0.002291
1011 0.002254
1012 0.002234
1013 0.002196
1014 0.002159
1015 0.002109
1016 0.002069
1017 0.002051
1018 0.001995
1019 0.001980
1020 0.001950
1021 0.001935
1022 0.001919
1023 0.001896
1024 0.001875
1025 0.001843
1026 0.001824
1027 0.001784
1028 0.001770
1029 0.001743
1030 0.001735
1031 0.001711
1032 0.001712
1033 0.001696
1034 0.001689
1035 0.001654
1036 0.001636
1037 0.001608
1038 0.001601
1039 0.001587
1040 0.001576
1041 0.001553
1042 0.001522
1043 0.001503
1044 0.001487
1045 0.001477
1046 0.001463
1047 0.001455
1048 0.001438
1049 0.001425
1050 0.001399
1051 0.001381
1052 0.001363
1053 0.001354
1054 0.001337
1055 0.001324
1056 0.001307
1057 0.001304
1058 0.001302
1059 0.001306
1060 0.001291
1061 0.001269
1062 0.001250
1063 0.001232
1064 0.001217
1065 0.001203
1066 0.001191
1067 0.001175
1068 0.001164
1069 0.001154
1070 0.001146
1071 0.001137
1072 0.001127
1073 0.001112
1074 0.001099
1075 0.001088
1076 0.001079
1077 0.001066
1078 0.001058
1079 0.001050
1080 0.001043
1081 0.001034
1082 0.001024
1083 0.001017
1084 0.001010
1085 0.001010
1086 0.001003
1087 0.000991
1088 0.000975
1089 0.000959
1090 0.000948
1091 0.000938
1092 0.000929
1093 0.000919
1094 0.000909
1095 0.000900
1096 0.000891
1097 0.000884
1098 0.000875
1099 0.000865
1100 0.000853
1101 0.000841
1102 0.000834
1103 0.000828
1104 0.000825
1105 0.000821
1106 0.000811
1107 0.000795
1108 0.000779
1109 0.000769
1110 0.000755
1111 0.000748
1112 0.000739
1113 0.000734
1114 0.000726
1115 0.000721
1116 0.000713
1117 0.000704
1118 0.000691
1119 0.000680
1120 0.000669
1121 0.000660
1122 0.000652
1123 0.000645
1124 0.000642
1125 0.000636
1126 0.000632
1127 0.000624
1128 0.000614
1129 0.000600
1130 0.000598
1131 0.000592
1132 0.000588
1133 0.000584
1134 0.000580
1135 0.000572
1136 0.000564
1137 0.000555
1138 0.000550
1139 0.000546
1140 0.000544
1141 0.000541
1142 0.000537
1143 0.000534
1144 0.000530
1145 0.000525
1146 0.000518
1147 0.000515
1148 0.000507
1149 0.000507
1150 0.000498
1151 0.000496
1152 0.000487
1153 0.000485
1154 0.000476
1155 0.000474
1156 0.000466
1157 0.000464
1158 0.000456
1159 0.000451
1160 0.000443
1161 0.000438
1162 0.000435
1163 0.000431
1164 0.000427
1165 0.000418
1166 0.000412
1167 0.000406
1168 0.000404
1169 0.000397
1170 0.000396
1171 0.000394
1172 0.000394
1173 0.000387
1174 0.000379
1175 0.000369
1176 0.000363
1177 0.000358
1178 0.000354
1179 0.000350
1180 0.000348
1181 0.000348
1182 0.000344
1183 0.000336
1184 0.000327
1185 0.000321
1186 0.000315
1187 0.000311
1188 0.000307
1189 0.000307
1190 0.000301
1191 0.000295
1192 0.000288
1193 0.000283
1194 0.000278
1195 0.000274
1196 0.000270
1197 0.000266
1198 0.000262
1199 0.000259
1200 0.000254
1201 0.000248
1202 0.000243
1203 0.000238
1204 0.000234
1205 0.000229
1206 0.000226
1207 0.000223
1208 0.000221
1209 0.000217
1210 0.000215
1211 0.000209
1212 0.000204
1213 0.000200
1214 0.000197
1215 0.000192
1216 0.000188
1217 0.000185
1218 0.000182
1219 0.000179
1220 0.000177
1221 0.000175
1222 0.000171
1223 0.000167
1224 0.000163
1225 0.000159
1226 0.000156
1227 0.000154
1228 0.000152
1229 0.000150
1230 0.000147
1231 0.000144
1232 0.000140
1233 0.000138
1234 0.000135
1235 0.000133
1236 0.000131
1237 0.000130
1238 0.000128
1239 0.000127
1240 0.000125
1241 0.000122
1242 0.000120
1243 0.000117
1244 0.000116
1245 0.000114
1246 0.000113
1247 0.000111
1248 0.000110
1249 0.000109
1250 0.000108
1251 0.000107
1252 0.000105
1253 0.000104
1254 0.000103
1255 0.000102
1256 0.000100
1257 0.000099
1258 0.000098
1259 0.000096
1260 0.000094
1261 0.000093
1262 0.000091
1263 0.000090
1264 0.000089
1265 0.000087
1266 0.000085
1267 0.000084
1268 0.000081
1269 0.000079
1270 0.000077
1271 0.000075
1272 0.000073
1273 0.000074
1274 0.000072
1275 0.000071
1276 0.000069
1277 0.000068
1278 0.000066
1279 0.000065
1280 0.000064
1281 0.000063
1282 0.000062
1283 0.000060
1284 0.000060
1285 0.000058
1286 0.000058
1287 0.000056
1288 0.000056
1289 0.000054
1290 0.000053
1291 0.000051
1292 0.000051
1293 0.000050
1294 0.000050
1295 0.000049
1296 0.000049
1297 0.000048
1298 0.000047
1299 0.000045
1300 0.000045
1301 0.000044
1302 0.000043
1303 0.000043
1304 0.000043
1305 0.000042
1306 0.000041
1307 0.000040
1308 0.000039
1309 0.000039
1310 0.000038
1311 0.000038
1312 0.000037
1313 0.000037
1314 0.000036
1315 0.000036
1316 0.000035
1317 0.000035
1318 0.000034
1319 0.000034
1320 0.000034
1321 0.000033
1322 0.000033
1323 0.000033
1324 0.000033
1325 0.000032
1326 0.000032
1327 0.000032
1328 0.000031
1329 0.000031
1330 0.000031
1331 0.000031
1332 0.000031
1333 0.000031
1334 0.000031
1335 0.000030
1336 0.000031
1337 0.000030
1338 0.000030
1339 0.000030
1340 0.000030
1341 0.000030
1342 0.000030
1343 0.000030
1344 0.000030
1345 0.000031
1346 0.000031
1347 0.000031
1348 0.000031
1349 0.000032
1350 0.000032
1351 0.000032
1352 0.000032
1353 0.000033
1354 0.000033
1355 0.000033
1356 0.000033
1357 0.000033
1358 0.000033
1359 0.000034
1360 0.000034
1361 0.000034
1362 0.000035
1363 0.000035
1364 0.000036
1365 0.000036
1366 0.000037
1367 0.000037
1368 0.000037
1369 0.000037
1370 0.000038
1371 0.000038
1372 0.000039
1373 0.000039
1374 0.000040
1375 0.000040
1376 0.000041
1377 0.000041
1378 0.000041
1379 0.000041
1380 0.000042
1381 0.000042
1382 0.000043
1383 0.000044
1384 0.000044
1385 0.000045
1386 0.000046
1387 0.000047
1388 0.000047
1389 0.000047
1390 0.000048
1391 0.000049
1392 0.000049
1393 0.000050
1394 0.000051
1395 0.000052
1396 0.000053
1397 0.000054
1398 0.000055
1399 0.000056
1400 0.000057
1401 0.000058
1402 0.000058
1403 0.000058
1404 0.000059
1405 0.000060
1406 0.000060
1407 0.000061
1408 0.000061
1409 0.000062
1410 0.000063
1411 0.000064
1412 0.000065
1413 0.000066
1414 0.000066
1415 0.000066
1416 0.000067
1417 0.000067
1418 0.000068
1419 0.000068
1420 0.000069
1421 0.000069
1422 0.000070
1423 0.000070
1424 0.000070
1425 0.000070
1426 0.000070
1427 0.000071
1428 0.000071
1429 0.000071
1430 0.000071
1431 0.000071
1432 0.000070
1433 0.000070
1434 0.000070
1435 0.000070
1436 0.000070
1437 0.000071
1438 0.000071
1439 0.000070
1440 0.000069
1441 0.000068
1442 0.000068
1443 0.000067
1444 0.000066
1445 0.000066
1446 0.000066
1447 0.000066
1448 0.000065
1449 0.000064
1450 0.000063
1451 0.000062
1452 0.000061
1453 0.000060
1454 0.000060
1455 0.000060
1456 0.000059
1457 0.000058
1458 0.000058
1459 0.000056
1460 0.000055
1461 0.000054
1462 0.000054
1463 0.000053
1464 0.000052
1465 0.000051
1466 0.000050
1467 0.000049
1468 0.000048
1469 0.000047
1470 0.000046
1471 0.000045
1472 0.000044
1473 0.000044
1474 0.000043
1475 0.000042
1476 0.000041
1477 0.000040
1478 0.000039
1479 0.000038
1480 0.000037
1481 0.000037
1482 0.000036
1483 0.000035
1484 0.000034
1485 0.000033
1486 0.000032
1487 0.000031
1488 0.000030
1489 0.000029
1490 0.000028
1491 0.000028
1492 0.000027
1493 0.000026
1494 0.000025
1495 0.000024
1496 0.000024
1497 0.000023
1498 0.000022
1499 0.000022
1500 0.000021
1501 0.000020
1502 0.000019
1503 0.000019
1504 0.000018
1505 0.000017
1506 0.000016
1507 0.000016
1508 0.000015
1509 0.000015
1510 0.000014
1511 0.000014
1512 0.000013
1513 0.000013
1514 0.000013
1515 0.000012
1516 0.000012
1517 0.000012
1518 0.000011
1519 0.000011
1520 0.000010
1521 0.000010
1522 0.000010
1523 0.000009
1524 0.000009
1525 0.000009
1526 0.000008
1527 0.000008
1528 0.000008
1529 0.000007
1530 0.000007
1531 0.000007
1532 0.000007
1533 0.000007
1534 0.000006
1535 0.000006
1536 0.000006
1537 0.000006
1538 0.000006
1539 0.000006
1540 0.000005
1541 0.000005
1542 0.000005
1543 0.000005
1544 0.000005
1545 0.000005
1546 0.000005
1547 0.000005
1548 0.000005
1549 0.000005
1550 0.000005
1551 0.000005
1552 0.000005
1553 0.000005
1554 0.000005
1555 0.000005
1556 0.000005
1557 0.000005
1558 0.000005
1559 0.000005
1560 0.000005
1561 0.000005
1562 0.000005
1563 0.000005
1564 0.000005
1565 0.000005
1566 0.000005
1567 0.000006
1568 0.000006
1569 0.000006
1570 0.000006
1571 0.000006
1572 0.000006
1573 0.000007
1574 0.000007
1575 0.000007
1576 0.000008
1577 0.000008
1578 0.000008
1579 0.000008
1580 0.000009
1581 0.000009
1582 0.000009
1583 0.000010
1584 0.000010
1585 0.000010
1586 0.000010
1587 0.000011
1588 0.000011
1589 0.000011
1590 0.000012
1591 0.000012
1592 0.000012
1593 0.000012
1594 0.000012
1595 0.000012
1596 0.000012
1597 0.000012
1598 0.000012
1599 0.000011
1600 0.000011
1601 0.000011
1602 0.000010
1603 0.000010
1604 0.000009
1605 0.000009
1606 0.000009
1607 0.000008
1608 0.000008
1609 0.000007
1610 0.000007
1611 0.000006
1612 0.000006
1613 0.000006
1614 0.000005
1615 0.000005
1616 0.000005
1617 0.000004
1618 0.000004
1619 0.000004
1620 0.000004
1621 0.000004
1622 0.000004
1623 0.000004
1624 0.000004
1625 0.000004
1626 0.000004
1627 0.000004
1628 0.000004
1629 0.000004
1630 0.000005
1631 0.000005
1632 0.000006
1633 0.000006
1634 0.000007
1635 0.000008
1636 0.000008
1637 0.000009
1638 0.000009
1639 0.000009
1640 0.000009
1641 0.000009
1642 0.000009
1643 0.000009
1644 0.000008
1645 0.000008
1646 0.000007
1647 0.000007
1648 0.000007
1649 0.000007
1650 0.000006
1651 0.000006
1652 0.000007
1653 0.000007
1654 0.000007
1655 0.000007
1656 0.000007
1657 0.000007
1658 0.000007
1659 0.000006
1660 0.000006
1661 0.000006
1662 0.000006
1663 0.000006
1664 0.000006
1665 0.000006
1666 0.000006
1667 0.000006
1668 0.000006
1669 0.000006
1670 0.000006
1671 0.000006
1672 0.000006
1673 0.000006
1674 0.000005
1675 0.000005
1676 0.000005
1677 0.000005
1678 0.000005
1679 0.000005
1680 0.000005
1681 0.000005
1682 0.000005
1683 0.000005
1684 0.000005
1685 0.000005
1686 0.000005
1687 0.000005
1688 0.000005
1689 0.000005
1690 0.000005
1691 0.000005
1692 0.000004
1693 0.000004
1694 0.000004
1695 0.000004
1696 0.000004
1697 0.000004
1698 0.000004
1699 0.000004
1700 0.000004
1701 0.000004
1702 0.000004
1703 0.000004
1704 0.000004
1705 0.000004
1706 0.000004
1707 0.000004
1708 0.000004
1709 0.000004
1710 0.000003
1711 0.000003
1712 0.000003
1713 0.000003
1714 0.000003
1715 0.000003
1716 0.000003
1717 0.000003
1718 0.000003
1719 0.000003
1720 0.000003
1721 0.000003
1722 0.000003
1723 0.000003
1724 0.000003
1725 0.000003
1726 0.000003
1727 0.000003
1728 0.000003
1729 0.000003
1730 0.000003
1731 0.000003
1732 0.000003
1733 0.000003
1734 0.000003
1735 0.000003
1736 0.000003
1737 0.000003
1738 0.000003
1739 0.000003
1740 0.000003
1741 0.000003
1742 0.000003
1743 0.000003
1744 0.000003
1745 0.000003
1746 0.000003
1747 0.000003
1748 0.000003
1749 0.000003
1750 0.000003
1751 0.000003
1752 0.000003
1753 0.000003
1754 0.000003
1755 0.000003
1756 0.000003
1757 0.000003
1758 0.000003
1759 0.000003
1760 0.000003
1761 0.000003
1762 0.000003
1763 0.000003
1764 0.000003
1765 0.000003
1766 0.000003
1767 0.000003
1768 0.000003
1769 0.000003
1770 0.000003
1771 0.000003
1772 0.000003
1773 0.000002
1774 0.000002
1775 0.000002
1776 0.000002
1777 0.000002
1778 0.000002
1779 0.000002
1780 0.000002
1781 0.000002
1782 0.000002
1783 0.000002
1784 0.000002
1785 0.000002
1786 0.000002
1787 0.000002
1788 0.000002
1789 0.000002
1790 0.000002
1791 0.000002
1792 0.000002
1793 0.000002
1794 0.000002
1795 0.000002
1796 0.000002
1797 0.000002
1798 0.000002
1799 0.000002
1800 0.000002
1801 0.000002
1802 0.000002
1803 0.000002
1804 0.000002
1805 0.000002
1806 0.000002
1807 0.000002
1808 0.000002
1809 0.000002
1810 0.000002
1811 0.000002
1812 0.000002
1813 0.000002
1814 0.000002
1815 0.000002
1816 0.000002
1817 0.000002
1818 0.000002
1819 0.000002
1820 0.000002
1821 0.000002
1822 0.000002
1823 0.000002
1824 0.000002
1825 0.000002
1826 0.000002
1827 0.000002
1828 0.000002
1829 0.000002
1830 0.000002
1831 0.000002
1832 0.000002
1833 0.000002
1834 0.000002
1835 0.000002
1836 0.000002
1837 0.000002
1838 0.000002
1839 0.000002
1840 0.000002
1841 0.000002
1842 0.000002
1843 0.000002
1844 0.000002
1845 0.000002
1846 0.000002
1847 0.000002
1848 0.000002
1849 0.000002
1850 0.000002
1851 0.000002
1852 0.000002
1853 0.000002
1854 0.000002
1855 0.000002
1856 0.000002
1857 0.000002
1858 0.000002
1859 0.000002
1860 0.000002
1861 0.000002
1862 0.000002
1863 0.000002
1864 0.000002
1865 0.000002
1866 0.000002
1867 0.000002
1868 0.000002
1869 0.000002
1870 0.000002
1871 0.000002
1872 0.000002
1873 0.000002
1874 0.000002
1875 0.000002
1876 0.000002
1877 0.000002
1878 0.000002
1879 0.000002
1880 0.000002
1881 0.000002
1882 0.000002
1883 0.000002
1884 0.000002
1885 0.000002
1886 0.000002
1887 0.000002
1888 0.000002
1889 0.000002
1890 0.000002
1891 0.000002
1892 0.000002
1893 0.000002
1894 0.000002
1895 0.000002
1896 0.000002
1897 0.000002
1898 0.000002
1899 0.000002
1900 0.000001
1901 0.000001
1902 0.000001
1903 0.000001
1904 0.000001
1905 0.000001
1906 0.000001
1907 0.000001
1908 0.000001
1909 0.000001
1910 0.000001
1911 0.000001
1912 0.000001
1913 0.000001
1914 0.000001
1915 0.000001
1916 0.000001
1917 0.000001
1918 0.000001
1919 0.000001
1920 0.000001
1921 0.000001
1922 0.000001
1923 0.000001
1924 0.000001
1925 0.000001
1926 0.000001
1927 0.000001
1928 0.000001
1929 0.000001
1930 0.000001
1931 0.000001
1932 0.000001
1933 0.000001
1934 0.000001
1935 0.000001
1936 0.000001
1937 0.000001
1938 0.000001
1939 0.000001
1940 0.000001
1941 0.000001
1942 0.000001
1943 0.000001
1944 0.000001
1945 0.000001
1946 0.000001
1947 0.000001
1948 0.000001
1949 0.000001
1950 0.000001
1951 0.000001
1952 0.000001
1953 0.000001
1954 0.000001
1955 0.000001
1956 0.000001
1957 0.000001
1958 0.000001
1959 0.000001
1960 0.000001
1961 0.000001
1962 0.000001
1963 0.000001
1964 0.000001
1965 0.000001
1966 0.000001
1967 0.000001
1968 0.000001
1969 0.000001
1970 0.000001
1971 0.000001
1972 0.000001
1973 0.000001
1974 0.000001
1975 0.000001
1976 0.000001
1977 0.000001
1978 0.000001
1979 0.000001
1980 0.000001
1981 0.000001
1982 0.000001
1983 0.000001
1984 0.000001
1985 0.000001
1986 0.000001
