#ite residual of mtx/Bump_2911.mtx
1 1.616727
2 1.747835
3 1.968517
4 1.927217
5 1.888540
6 2.027544
7 2.275232
8 2.383817
9 2.550564
10 2.528601
11 2.568672
12 2.583012
13 2.551910
14 2.769347
15 2.875628
16 3.105691
17 2.998776
18 3.153987
19 3.167867
20 3.317083
21 3.035551
22 3.254345
23 3.054359
24 2.924807
25 2.981460
26 3.122636
27 3.308755
28 3.428671
29 3.392985
30 3.329634
31 3.367293
32 3.539071
33 3.526083
34 3.602559
35 3.681316
36 3.722930
37 3.808765
38 3.817504
39 3.876697
40 3.749870
41 3.800878
42 3.800106
43 3.716725
44 3.872419
45 3.788640
46 3.728284
47 3.685024
48 3.513512
49 3.048036
50 3.332456
51 3.194528
52 2.931157
53 2.709061
54 2.626667
55 2.512714
56 2.469653
57 2.373437
58 2.329037
59 2.271393
60 2.157464
61 2.152945
62 2.072365
63 2.071733
64 2.069165
65 2.042348
66 2.117109
67 2.000930
68 2.216491
69 2.143664
70 2.146957
71 2.133998
72 2.141049
73 2.076617
74 2.081662
75 2.052332
76 2.030955
77 2.031849
78 2.095711
79 2.122847
80 2.066442
81 1.987760
82 1.984213
83 1.923782
84 1.863774
85 1.898602
86 1.902082
87 1.912322
88 1.902545
89 1.873855
90 1.918864
91 1.902679
92 1.851341
93 1.810699
94 1.904085
95 1.863593
96 1.888335
97 1.937340
98 1.808511
99 1.834576
100 1.929387
101 1.953622
102 1.877448
103 1.921710
104 1.909208
105 1.943566
106 1.857737
107 1.985978
108 2.004434
109 1.991787
110 1.942696
111 1.948393
112 1.918592
113 1.855251
114 1.800770
115 1.663739
116 1.732716
117 1.727617
118 1.637300
119 1.540996
120 1.611188
121 1.611391
122 1.518397
123 1.579661
124 1.588643
125 1.442565
126 1.538686
127 1.496511
128 1.460391
129 1.481497
130 1.557190
131 1.560353
132 1.506748
133 1.474349
134 1.516957
135 1.516252
136 1.589111
137 1.594251
138 1.601378
139 1.601172
140 1.602334
141 1.521014
142 1.551833
143 1.534736
144 1.496518
145 1.454448
146 1.473392
147 1.503367
148 1.543540
149 1.495776
150 1.477804
151 1.542774
152 1.529178
153 1.444768
154 1.456348
155 1.419652
156 1.463422
157 1.410399
158 1.500974
159 1.526261
160 1.531415
161 1.525586
162 1.522938
163 1.462159
164 1.567656
165 1.479801
166 1.522380
167 1.512121
168 1.508751
169 1.512583
170 1.570367
171 1.539574
172 1.551608
173 1.485021
174 1.513156
175 1.464622
176 1.485359
177 1.438820
178 1.375377
179 1.310722
180 1.431229
181 1.353393
182 1.416032
183 1.416376
184 1.352440
185 1.350000
186 1.374072
187 1.319976
188 1.322459
189 1.291943
190 1.348000
191 1.364378
192 1.336746
193 1.326926
194 1.316127
195 1.235323
196 1.196320
197 1.323182
198 1.330268
199 1.332227
200 1.302952
201 1.247634
202 1.326746
203 1.333007
204 1.159372
205 1.324973
206 1.279021
207 1.230933
208 1.259305
209 1.274478
210 1.260008
211 1.271927
212 1.235335
213 1.180936
214 1.285953
215 1.296629
216 1.273615
217 1.241267
218 1.180744
219 1.226151
220 1.190450
221 1.165374
222 1.196750
223 1.208673
224 1.232053
225 1.244903
226 1.155640
227 1.178520
228 1.114755
229 1.157352
230 1.072652
231 1.118863
232 1.174650
233 1.154947
234 1.083589
235 1.123555
236 1.125218
237 1.052670
238 1.088327
239 1.097107
240 1.080478
241 1.048542
242 1.078476
243 1.092702
244 1.060452
245 0.975157
246 1.025970
247 1.016930
248 0.978659
249 0.989506
250 1.051891
251 1.060006
252 1.018649
253 0.975819
254 0.981157
255 0.980337
256 0.980896
257 0.988770
258 0.939091
259 0.969394
260 0.995978
261 0.979796
262 0.919129
263 0.930993
264 0.934653
265 0.946551
266 0.923631
267 0.888481
268 0.931917
269 0.937062
270 0.930920
271 0.861425
272 0.845137
273 0.894411
274 0.846180
275 0.899846
276 0.914649
277 0.908641
278 0.823386
279 0.873823
280 0.827405
281 0.825546
282 0.814396
283 0.863234
284 0.764449
285 0.844808
286 0.854275
287 0.720866
288 0.798475
289 0.743018
290 0.749733
291 0.786719
292 0.720450
293 0.754560
294 0.700270
295 0.724729
296 0.684229
297 0.731470
298 0.609536
299 0.695701
300 0.685470
301 0.659807
302 0.716531
303 0.724333
304 0.680872
305 0.635593
306 0.674972
307 0.670825
308 0.655370
309 0.614593
310 0.658057
311 0.670068
312 0.661875
313 0.655417
314 0.635962
315 0.569945
316 0.590781
317 0.597266
318 0.592637
319 0.556690
320 0.593643
321 0.585025
322 0.564055
323 0.531598
324 0.543580
325 0.580753
326 0.586419
327 0.524243
328 0.539662
329 0.531954
330 0.543136
331 0.523500
332 0.540321
333 0.556915
334 0.503474
335 0.539236
336 0.524233
337 0.516956
338 0.523434
339 0.477464
340 0.516983
341 0.472760
342 0.529728
343 0.520874
344 0.470647
345 0.474250
346 0.476430
347 0.445430
348 0.453517
349 0.463402
350 0.459175
351 0.435097
352 0.451589
353 0.411804
354 0.454101
355 0.448829
356 0.425722
357 0.403655
358 0.407929
359 0.419662
360 0.421340
361 0.399906
362 0.422280
363 0.431530
364 0.421118
365 0.388632
366 0.393310
367 0.384637
368 0.381453
369 0.394523
370 0.401411
371 0.397225
372 0.388535
373 0.406119
374 0.372071
375 0.415367
376 0.384579
377 0.379772
378 0.397158
379 0.369638
380 0.411482
381 0.435451
382 0.416957
383 0.363400
384 0.415326
385 0.392761
386 0.395418
387 0.356854
388 0.358031
389 0.368027
390 0.389412
391 0.380720
392 0.341708
393 0.380099
394 0.362367
395 0.386355
396 0.359769
397 0.348277
398 0.375868
399 0.364020
400 0.317303
401 0.346228
402 0.308597
403 0.306866
404 0.342785
405 0.324175
406 0.325510
407 0.307625
408 0.327743
409 0.324578
410 0.317988
411 0.312255
412 0.295698
413 0.306769
414 0.327836
415 0.326210
416 0.297155
417 0.318506
418 0.297683
419 0.324895
420 0.313800
421 0.293345
422 0.314278
423 0.336203
424 0.340096
425 0.328327
426 0.292716
427 0.298685
428 0.315497
429 0.287917
430 0.289885
431 0.329964
432 0.325969
433 0.291022
434 0.327946
435 0.289980
436 0.296028
437 0.289676
438 0.288970
439 0.259983
440 0.309225
441 0.306400
442 0.303006
443 0.297342
444 0.277930
445 0.273452
446 0.279701
447 0.279137
448 0.283480
449 0.275772
450 0.301012
451 0.278302
452 0.277654
453 0.285358
454 0.261507
455 0.269980
456 0.264087
457 0.274304
458 0.290563
459 0.260252
460 0.278250
461 0.273823
462 0.254105
463 0.278329
464 0.252760
465 0.249902
466 0.263301
467 0.247071
468 0.282551
469 0.280231
470 0.246087
471 0.281896
472 0.290081
473 0.275437
474 0.283037
475 0.259196
476 0.254107
477 0.265780
478 0.265118
479 0.261602
480 0.247256
481 0.259077
482 0.228436
483 0.251805
484 0.246709
485 0.242208
486 0.239143
487 0.251659
488 0.241496
489 0.246541
490 0.259105
491 0.243419
492 0.261816
493 0.263960
494 0.261373
495 0.253137
496 0.227876
497 0.233753
498 0.231101
499 0.226878
500 0.218369
501 0.232069
502 0.225985
503 0.219504
504 0.213818
505 0.230549
506 0.234854
507 0.214959
508 0.210700
509 0.226965
510 0.220058
511 0.232748
512 0.228944
513 0.226715
514 0.232886
515 0.229200
516 0.196702
517 0.224147
518 0.232677
519 0.239993
520 0.240337
521 0.210033
522 0.219241
523 0.203807
524 0.217680
525 0.221643
526 0.206171
527 0.216685
528 0.218431
529 0.207264
530 0.200013
531 0.203048
532 0.195945
533 0.186602
534 0.204036
535 0.198900
536 0.201445
537 0.206160
538 0.193165
539 0.198216
540 0.201196
541 0.180340
542 0.187702
543 0.189836
544 0.189571
545 0.191995
546 0.193070
547 0.186141
548 0.194730
549 0.188395
550 0.171533
551 0.190549
552 0.194931
553 0.185291
554 0.197629
555 0.196630
556 0.177027
557 0.189878
558 0.160844
559 0.185344
560 0.174153
561 0.183651
562 0.176321
563 0.185020
564 0.190566
565 0.184884
566 0.170651
567 0.166375
568 0.179496
569 0.180034
570 0.175711
571 0.170460
572 0.160394
573 0.175766
574 0.181179
575 0.179115
576 0.176091
577 0.161910
578 0.159125
579 0.158957
580 0.151160
581 0.168095
582 0.172966
583 0.136081
584 0.162246
585 0.152318
586 0.152654
587 0.158047
588 0.150318
589 0.161064
590 0.163474
591 0.145316
592 0.146325
593 0.157822
594 0.159342
595 0.154753
596 0.152203
597 0.146206
598 0.149580
599 0.142303
600 0.130323
601 0.154726
602 0.145111
603 0.147018
604 0.154892
605 0.137910
606 0.148501
607 0.141469
608 0.132879
609 0.140953
610 0.138778
611 0.139505
612 0.131413
613 0.143741
614 0.145638
615 0.142230
616 0.115050
617 0.134153
618 0.126262
619 0.120668
620 0.136338
621 0.131720
622 0.127348
623 0.135582
624 0.129775
625 0.127903
626 0.123451
627 0.126430
628 0.129370
629 0.133598
630 0.135219
631 0.128495
632 0.112343
633 0.119500
634 0.121786
635 0.113042
636 0.119020
637 0.111056
638 0.112720
639 0.119086
640 0.113561
641 0.109928
642 0.112061
643 0.121044
644 0.118408
645 0.110748
646 0.108608
647 0.114808
648 0.109947
649 0.105141
650 0.103711
651 0.106903
652 0.101053
653 0.106941
654 0.102716
655 0.095945
656 0.102686
657 0.094937
658 0.097860
659 0.102712
660 0.101433
661 0.097821
662 0.100199
663 0.096619
664 0.099601
665 0.094311
666 0.087366
667 0.099040
668 0.097676
669 0.096458
670 0.094102
671 0.094994
672 0.091527
673 0.093414
674 0.087827
675 0.094446
676 0.087921
677 0.089457
678 0.095863
679 0.099812
680 0.099151
681 0.092945
682 0.082846
683 0.090641
684 0.096819
685 0.098691
686 0.093522
687 0.084933
688 0.090196
689 0.087417
690 0.079056
691 0.089847
692 0.084276
693 0.091532
694 0.079993
695 0.088974
696 0.085093
697 0.081117
698 0.083648
699 0.082598
700 0.080250
701 0.084158
702 0.087449
703 0.088010
704 0.081187
705 0.080482
706 0.085079
707 0.083471
708 0.078980
709 0.082907
710 0.080372
711 0.081508
712 0.082478
713 0.082672
714 0.076732
715 0.082545
716 0.085083
717 0.083085
718 0.083435
719 0.086349
720 0.077745
721 0.080706
722 0.080703
723 0.076345
724 0.075466
725 0.081518
726 0.080326
727 0.077064
728 0.078748
729 0.080146
730 0.079930
731 0.068874
732 0.069000
733 0.080321
734 0.081002
735 0.073074
736 0.078034
737 0.079454
738 0.070492
739 0.077209
740 0.068075
741 0.074599
742 0.070728
743 0.074474
744 0.076673
745 0.068326
746 0.075853
747 0.075834
748 0.065723
749 0.073396
750 0.072866
751 0.066352
752 0.074995
753 0.076309
754 0.075188
755 0.072427
756 0.067532
757 0.069582
758 0.071432
759 0.070645
760 0.069673
761 0.073659
762 0.072993
763 0.067799
764 0.073471
765 0.073559
766 0.071173
767 0.071905
768 0.070452
769 0.068991
770 0.066588
771 0.068269
772 0.069845
773 0.072042
774 0.074530
775 0.071160
776 0.067907
777 0.072809
778 0.065193
779 0.072176
780 0.066685
781 0.068912
782 0.068023
783 0.068719
784 0.067229
785 0.069637
786 0.067804
787 0.068427
788 0.065933
789 0.067810
790 0.059544
791 0.068257
792 0.066501
793 0.065033
794 0.064609
795 0.065161
796 0.064995
797 0.064508
798 0.065659
799 0.065419
800 0.068235
801 0.067555
802 0.062417
803 0.066840
804 0.066572
805 0.063546
806 0.066989
807 0.066013
808 0.066457
809 0.060398
810 0.065206
811 0.067206
812 0.068696
813 0.064578
814 0.064031
815 0.057785
816 0.062919
817 0.066174
818 0.070175
819 0.060614
820 0.069102
821 0.061437
822 0.067470
823 0.068862
824 0.068440
825 0.068088
826 0.066607
827 0.060874
828 0.060596
829 0.062201
830 0.067151
831 0.068125
832 0.066178
833 0.059338
834 0.065334
835 0.064314
836 0.060442
837 0.067809
838 0.067378
839 0.057514
840 0.056358
841 0.064513
842 0.063076
843 0.058094
844 0.059291
845 0.059987
846 0.058357
847 0.057739
848 0.059749
849 0.052026
850 0.060454
851 0.057248
852 0.063637
853 0.064128
854 0.059604
855 0.057689
856 0.063128
857 0.058016
858 0.062101
859 0.054435
860 0.062599
861 0.060652
862 0.053015
863 0.057822
864 0.055468
865 0.050982
866 0.053446
867 0.052698
868 0.056624
869 0.051754
870 0.055708
871 0.052403
872 0.052938
873 0.053065
874 0.048031
875 0.055702
876 0.055160
877 0.055398
878 0.056784
879 0.054944
880 0.051115
881 0.054078
882 0.049080
883 0.050835
884 0.053529
885 0.053163
886 0.053745
887 0.054093
888 0.048060
889 0.055068
890 0.052603
891 0.056564
892 0.051535
893 0.051404
894 0.053911
895 0.047692
896 0.051538
897 0.050192
898 0.048614
899 0.048004
900 0.047815
901 0.048390
902 0.047815
903 0.050640
904 0.045198
905 0.048883
906 0.045580
907 0.050817
908 0.051216
909 0.050284
910 0.043991
911 0.049309
912 0.045472
913 0.048433
914 0.051136
915 0.049381
916 0.050860
917 0.048325
918 0.044580
919 0.047778
920 0.046671
921 0.043373
922 0.046619
923 0.044000
924 0.042309
925 0.046405
926 0.041553
927 0.048382
928 0.049043
929 0.048481
930 0.043941
931 0.045540
932 0.043705
933 0.046084
934 0.046944
935 0.048787
936 0.049051
937 0.042672
938 0.047681
939 0.047137
940 0.039641
941 0.042913
942 0.046329
943 0.043913
944 0.045016
945 0.041644
946 0.047492
947 0.042547
948 0.045240
949 0.039380
950 0.042193
951 0.045320
952 0.046092
953 0.044889
954 0.045506
955 0.046787
956 0.046489
957 0.042289
958 0.042027
959 0.044916
960 0.044493
961 0.042924
962 0.043865
963 0.043465
964 0.041227
965 0.045124
966 0.044384
967 0.044580
968 0.041758
969 0.046609
970 0.043189
971 0.042481
972 0.041287
973 0.044038
974 0.039355
975 0.041752
976 0.043752
977 0.042726
978 0.044776
979 0.045415
980 0.040957
981 0.046065
982 0.041432
983 0.042385
984 0.042044
985 0.040757
986 0.045199
987 0.043027
988 0.042661
989 0.043698
990 0.042934
991 0.040370
992 0.043449
993 0.040426
994 0.043685
995 0.043672
996 0.040603
997 0.043957
998 0.040186
999 0.041465
1000 0.042654
1001 0.041744
1002 0.042980
1003 0.042535
1004 0.039020
1005 0.044669
1006 0.046007
1007 0.045370
1008 0.043302
1009 0.042683
1010 0.041763
1011 0.044581
1012 0.045225
1013 0.041485
1014 0.040657
1015 0.043111
1016 0.043612
1017 0.039068
1018 0.041671
1019 0.039968
1020 0.040442
1021 0.039537
1022 0.038058
1023 0.042447
1024 0.037713
1025 0.038880
1026 0.041657
1027 0.040475
1028 0.040515
1029 0.043022
1030 0.041366
1031 0.039566
1032 0.042494
1033 0.042835
1034 0.039299
1035 0.040977
1036 0.042771
1037 0.039686
1038 0.039886
1039 0.038774
1040 0.040164
1041 0.040115
1042 0.039881
1043 0.043801
1044 0.042210
1045 0.036719
1046 0.041472
1047 0.040073
1048 0.037705
1049 0.036163
1050 0.036877
1051 0.039759
1052 0.040892
1053 0.037959
1054 0.038069
1055 0.039815
1056 0.037548
1057 0.037280
1058 0.037057
1059 0.039252
1060 0.037076
1061 0.038036
1062 0.036843
1063 0.036257
1064 0.037668
1065 0.036543
1066 0.033091
1067 0.035381
1068 0.037141
1069 0.036476
1070 0.034257
1071 0.037054
1072 0.037426
1073 0.032833
1074 0.035383
1075 0.036923
1076 0.032756
1077 0.036844
1078 0.033183
1079 0.035993
1080 0.033046
1081 0.034875
1082 0.033372
1083 0.030584
1084 0.036593
1085 0.037833
1086 0.037784
1087 0.037559
1088 0.036752
1089 0.032946
1090 0.033542
1091 0.032852
1092 0.034729
1093 0.031023
1094 0.035516
1095 0.034986
1096 0.033333
1097 0.029866
1098 0.031317
1099 0.030264
1100 0.030925
1101 0.030517
1102 0.031318
1103 0.031815
1104 0.029898
1105 0.032704
1106 0.030787
1107 0.031273
1108 0.029704
1109 0.030114
1110 0.030904
1111 0.033151
1112 0.033581
1113 0.033334
1114 0.030925
1115 0.029350
1116 0.029039
1117 0.031642
1118 0.026948
1119 0.029310
1120 0.029827
1121 0.031865
1122 0.030162
1123 0.027675
1124 0.028782
1125 0.030457
1126 0.027493
1127 0.029544
1128 0.029675
1129 0.028833
1130 0.027161
1131 0.027350
1132 0.028365
1133 0.028796
1134 0.028488
1135 0.025932
1136 0.029221
1137 0.027870
1138 0.028449
1139 0.028684
1140 0.025541
1141 0.024590
1142 0.026898
1143 0.025421
1144 0.027488
1145 0.025721
1146 0.026319
1147 0.025387
1148 0.026342
1149 0.025744
1150 0.027125
1151 0.024847
1152 0.024973
1153 0.025579
1154 0.027657
1155 0.027579
1156 0.026968
1157 0.024006
1158 0.025007
1159 0.026139
1160 0.026495
1161 0.025371
1162 0.023560
1163 0.025540
1164 0.024144
1165 0.024112
1166 0.021908
1167 0.026273
1168 0.026181
1169 0.022852
1170 0.025373
1171 0.024293
1172 0.023682
1173 0.023597
1174 0.021755
1175 0.023890
1176 0.023306
1177 0.024452
1178 0.022970
1179 0.024497
1180 0.022835
1181 0.024362
1182 0.024769
1183 0.024020
1184 0.023289
1185 0.022915
1186 0.022800
1187 0.023680
1188 0.022110
1189 0.024421
1190 0.023998
1191 0.021475
1192 0.022801
1193 0.023592
1194 0.024580
1195 0.023875
1196 0.020989
1197 0.022383
1198 0.023077
1199 0.021041
1200 0.023153
1201 0.022175
1202 0.022803
1203 0.020598
1204 0.023129
1205 0.020854
1206 0.022200
1207 0.022100
1208 0.022731
1209 0.020865
1210 0.020924
1211 0.021778
1212 0.021782
1213 0.022096
1214 0.022131
1215 0.017633
1216 0.020836
1217 0.020468
1218 0.020344
1219 0.020463
1220 0.019989
1221 0.021506
1222 0.021467
1223 0.019291
1224 0.019246
1225 0.020078
1226 0.019879
1227 0.019904
1228 0.019596
1229 0.019533
1230 0.020698
1231 0.020724
1232 0.018241
1233 0.018887
1234 0.020749
1235 0.020569
1236 0.020117
1237 0.018381
1238 0.020532
1239 0.020000
1240 0.019292
1241 0.018789
1242 0.019765
1243 0.019530
1244 0.020969
1245 0.020926
1246 0.018364
1247 0.020266
1248 0.019419
1249 0.018885
1250 0.019187
1251 0.019110
1252 0.020524
1253 0.019709
1254 0.019606
1255 0.019122
1256 0.019786
1257 0.018177
1258 0.021035
1259 0.017474
1260 0.020485
1261 0.019005
1262 0.020318
1263 0.020539
1264 0.018635
1265 0.019617
1266 0.019676
1267 0.019231
1268 0.018950
1269 0.019187
1270 0.020051
1271 0.021286
1272 0.021309
1273 0.018128
1274 0.018353
1275 0.020436
1276 0.020249
1277 0.018324
1278 0.018062
1279 0.019461
1280 0.018090
1281 0.020093
1282 0.018680
1283 0.019659
1284 0.018197
1285 0.019559
1286 0.018674
1287 0.019123
1288 0.019825
1289 0.019577
1290 0.016144
1291 0.018803
1292 0.018060
1293 0.018515
1294 0.019197
1295 0.018167
1296 0.017751
1297 0.019577
1298 0.015736
1299 0.016366
1300 0.019577
1301 0.017295
1302 0.018970
1303 0.019619
1304 0.016928
1305 0.019064
1306 0.017274
1307 0.016954
1308 0.018453
1309 0.018908
1310 0.016725
1311 0.018551
1312 0.018964
1313 0.017995
1314 0.017437
1315 0.016587
1316 0.018277
1317 0.016785
1318 0.018338
1319 0.018292
1320 0.016769
1321 0.017677
1322 0.016850
1323 0.018031
1324 0.017454
1325 0.017915
1326 0.017749
1327 0.016260
1328 0.017726
1329 0.018443
1330 0.016612
1331 0.017517
1332 0.015131
1333 0.016885
1334 0.017407
1335 0.018379
1336 0.018412
1337 0.018232
1338 0.016150
1339 0.017689
1340 0.015051
1341 0.017246
1342 0.016876
1343 0.017387
1344 0.017831
1345 0.016813
1346 0.016885
1347 0.017465
1348 0.015535
1349 0.015883
1350 0.018058
1351 0.018208
1352 0.016853
1353 0.016503
1354 0.016405
1355 0.016636
1356 0.016515
1357 0.016021
1358 0.016227
1359 0.016324
1360 0.015973
1361 0.017018
1362 0.016873
1363 0.015585
1364 0.017533
1365 0.016864
1366 0.017553
1367 0.015480
1368 0.016997
1369 0.016645
1370 0.016044
1371 0.017076
1372 0.016910
1373 0.015777
1374 0.015900
1375 0.015985
1376 0.016201
1377 0.016221
1378 0.016129
1379 0.015233
1380 0.016072
1381 0.015372
1382 0.015534
1383 0.015755
1384 0.015788
1385 0.017022
1386 0.016596
1387 0.016187
1388 0.016824
1389 0.017185
1390 0.014699
1391 0.014669
1392 0.016909
1393 0.016794
1394 0.014983
1395 0.016521
1396 0.016910
1397 0.015294
1398 0.015535
1399 0.014779
1400 0.014216
1401 0.016493
1402 0.016593
1403 0.014721
1404 0.015958
1405 0.015052
1406 0.015458
1407 0.014218
1408 0.014039
1409 0.015880
1410 0.014304
1411 0.016053
1412 0.016610
1413 0.016641
1414 0.016069
1415 0.014980
1416 0.014416
1417 0.015358
1418 0.015134
1419 0.014390
1420 0.014494
1421 0.015218
1422 0.014384
1423 0.014927
1424 0.015059
1425 0.014995
1426 0.014920
1427 0.014225
1428 0.015174
1429 0.014602
1430 0.014369
1431 0.014840
1432 0.014077
1433 0.013584
1434 0.014599
1435 0.014214
1436 0.014603
1437 0.014638
1438 0.013749
1439 0.014461
1440 0.015236
1441 0.013979
1442 0.012238
1443 0.015743
1444 0.015732
1445 0.014803
1446 0.013310
1447 0.015473
1448 0.015571
1449 0.015324
1450 0.014173
1451 0.015095
1452 0.014691
1453 0.013651
1454 0.013205
1455 0.013171
1456 0.013037
1457 0.012718
1458 0.012029
1459 0.013370
1460 0.012271
1461 0.012735
1462 0.013313
1463 0.014238
1464 0.013912
1465 0.012769
1466 0.012874
1467 0.013018
1468 0.013859
1469 0.013561
1470 0.012316
1471 0.012856
1472 0.012934
1473 0.012878
1474 0.012801
1475 0.012501
1476 0.014192
1477 0.014367
1478 0.013948
1479 0.011575
1480 0.013020
1481 0.012578
1482 0.013240
1483 0.012303
1484 0.012274
1485 0.013022
1486 0.012701
1487 0.012885
1488 0.012569
1489 0.012833
1490 0.012524
1491 0.013475
1492 0.013575
1493 0.013652
1494 0.012113
1495 0.012926
1496 0.012458
1497 0.012871
1498 0.013438
1499 0.012193
1500 0.010979
1501 0.012923
1502 0.012181
1503 0.013422
1504 0.012812
1505 0.012106
1506 0.012277
1507 0.012308
1508 0.011320
1509 0.012065
1510 0.012029
1511 0.011975
1512 0.012427
1513 0.011764
1514 0.012999
1515 0.013284
1516 0.011899
1517 0.011763
1518 0.012282
1519 0.011691
1520 0.012578
1521 0.011650
1522 0.013264
1523 0.013137
1524 0.012047
1525 0.011221
1526 0.011584
1527 0.012628
1528 0.011313
1529 0.012068
1530 0.011370
1531 0.012209
1532 0.012768
1533 0.011294
1534 0.011653
1535 0.011831
1536 0.010912
1537 0.012573
1538 0.013026
1539 0.011763
1540 0.012683
1541 0.012936
1542 0.010303
1543 0.012751
1544 0.011564
1545 0.011416
1546 0.012423
1547 0.011221
1548 0.011533
1549 0.012413
1550 0.011021
1551 0.012481
1552 0.011937
1553 0.010861
1554 0.012298
1555 0.010730
1556 0.011417
1557 0.010035
1558 0.011191
1559 0.011343
1560 0.010465
1561 0.011645
1562 0.010156
1563 0.011294
1564 0.010227
1565 0.011582
1566 0.011353
1567 0.009394
1568 0.010897
1569 0.010883
1570 0.010502
1571 0.010384
1572 0.010695
1573 0.010481
1574 0.010341
1575 0.009288
1576 0.010799
1577 0.010843
1578 0.009910
1579 0.009863
1580 0.010887
1581 0.010886
1582 0.009907
1583 0.011341
1584 0.010909
1585 0.011586
1586 0.011376
1587 0.009267
1588 0.011081
1589 0.010764
1590 0.010303
1591 0.010240
1592 0.010155
1593 0.010525
1594 0.010251
1595 0.009306
1596 0.009550
1597 0.009266
1598 0.009322
1599 0.010063
1600 0.008437
1601 0.009602
1602 0.009325
1603 0.010193
1604 0.010406
1605 0.009622
1606 0.009182
1607 0.010024
1608 0.007764
1609 0.008791
1610 0.009273
1611 0.008683
1612 0.009150
1613 0.008286
1614 0.009514
1615 0.009533
1616 0.008631
1617 0.008825
1618 0.008729
1619 0.008857
1620 0.008591
1621 0.008456
1622 0.008873
1623 0.008611
1624 0.008180
1625 0.007251
1626 0.008895
1627 0.008031
1628 0.008372
1629 0.008491
1630 0.008462
1631 0.008801
1632 0.008587
1633 0.007919
1634 0.008011
1635 0.008117
1636 0.007647
1637 0.007770
1638 0.008043
1639 0.007592
1640 0.008069
1641 0.007663
1642 0.007234
1643 0.007845
1644 0.008099
1645 0.008106
1646 0.007647
1647 0.007870
1648 0.008063
1649 0.007230
1650 0.006847
1651 0.007946
1652 0.007956
1653 0.007241
1654 0.007721
1655 0.007427
1656 0.007234
1657 0.007774
1658 0.007218
1659 0.006548
1660 0.007176
1661 0.007344
1662 0.007656
1663 0.007221
1664 0.006702
1665 0.007054
1666 0.007358
1667 0.007265
1668 0.007203
1669 0.006638
1670 0.007129
1671 0.006806
1672 0.006810
1673 0.006933
1674 0.006518
1675 0.006410
1676 0.007291
1677 0.006566
1678 0.006884
1679 0.006909
1680 0.006393
1681 0.006051
1682 0.006871
1683 0.006156
1684 0.006364
1685 0.006689
1686 0.007008
1687 0.006808
1688 0.006538
1689 0.006340
1690 0.006214
1691 0.006405
1692 0.006685
1693 0.006619
1694 0.006192
1695 0.006068
1696 0.006124
1697 0.006421
1698 0.006339
1699 0.005648
1700 0.005654
1701 0.006209
1702 0.006425
1703 0.006569
1704 0.005800
1705 0.006329
1706 0.006363
1707 0.005769
1708 0.005804
1709 0.006002
1710 0.006131
1711 0.006266
1712 0.006126
1713 0.005787
1714 0.005724
1715 0.005900
1716 0.005444
1717 0.005991
1718 0.005682
1719 0.005772
1720 0.005497
1721 0.005933
1722 0.006112
1723 0.005510
1724 0.005980
1725 0.005964
1726 0.006078
1727 0.005419
1728 0.006034
1729 0.005405
1730 0.006003
1731 0.006137
1732 0.005645
1733 0.005680
1734 0.005668
1735 0.005787
1736 0.005416
1737 0.005882
1738 0.005559
1739 0.005433
1740 0.005192
1741 0.004828
1742 0.005816
1743 0.005051
1744 0.005621
1745 0.005263
1746 0.005940
1747 0.005898
1748 0.005683
1749 0.004544
1750 0.005497
1751 0.005550
1752 0.005674
1753 0.005622
1754 0.004866
1755 0.005414
1756 0.005177
1757 0.004831
1758 0.004981
1759 0.004972
1760 0.005014
1761 0.004945
1762 0.005198
1763 0.004646
1764 0.005156
1765 0.005096
1766 0.005115
1767 0.004922
1768 0.004609
1769 0.004749
1770 0.004741
1771 0.004963
1772 0.004998
1773 0.004601
1774 0.004542
1775 0.004828
1776 0.004722
1777 0.004621
1778 0.004977
1779 0.004433
1780 0.004742
1781 0.004755
1782 0.004569
1783 0.004400
1784 0.004508
1785 0.004478
1786 0.004833
1787 0.004828
1788 0.004745
1789 0.004604
1790 0.004366
1791 0.004371
1792 0.004088
1793 0.004170
1794 0.004353
1795 0.004161
1796 0.004168
1797 0.004341
1798 0.003543
1799 0.004163
1800 0.004068
1801 0.003862
1802 0.004170
1803 0.004293
1804 0.004062
1805 0.003978
1806 0.003652
1807 0.003795
1808 0.003920
1809 0.003868
1810 0.003777
1811 0.003868
1812 0.003771
1813 0.004006
1814 0.003749
1815 0.003834
1816 0.003635
1817 0.003891
1818 0.003731
1819 0.003588
1820 0.003714
1821 0.003652
1822 0.003691
1823 0.003665
1824 0.003638
1825 0.003535
1826 0.003566
1827 0.003434
1828 0.003424
1829 0.003694
1830 0.003833
1831 0.002956
1832 0.003841
1833 0.003518
1834 0.003423
1835 0.003557
1836 0.003261
1837 0.003500
1838 0.003200
1839 0.003181
1840 0.003500
1841 0.003482
1842 0.003459
1843 0.003142
1844 0.003376
1845 0.003209
1846 0.003373
1847 0.003318
1848 0.003506
1849 0.002910
1850 0.003352
1851 0.003018
1852 0.003444
1853 0.003516
1854 0.003390
1855 0.003042
1856 0.003114
1857 0.003143
1858 0.003178
1859 0.002952
1860 0.003307
1861 0.003168
1862 0.003027
1863 0.002959
1864 0.003166
1865 0.002817
1866 0.003103
1867 0.002778
1868 0.003172
1869 0.003065
1870 0.002709
1871 0.002811
1872 0.002682
1873 0.002836
1874 0.002978
1875 0.002791
1876 0.002718
1877 0.002732
1878 0.002765
1879 0.002632
1880 0.002673
1881 0.002768
1882 0.002845
1883 0.002867
1884 0.002851
1885 0.002558
1886 0.002699
1887 0.002347
1888 0.002823
1889 0.002833
1890 0.002884
1891 0.002868
1892 0.002822
1893 0.002617
1894 0.002466
1895 0.002588
1896 0.002463
1897 0.002463
1898 0.002550
1899 0.002384
1900 0.002573
1901 0.002291
1902 0.002561
1903 0.002535
1904 0.002232
1905 0.002281
1906 0.002410
1907 0.002209
1908 0.002355
1909 0.002428
1910 0.002376
1911 0.002264
1912 0.002383
1913 0.002084
1914 0.002275
1915 0.002422
1916 0.002309
1917 0.002292
1918 0.002457
1919 0.002434
1920 0.002368
1921 0.002263
1922 0.002141
1923 0.002182
1924 0.002127
1925 0.002254
1926 0.002087
1927 0.002114
1928 0.002096
1929 0.002119
1930 0.002085
1931 0.002192
1932 0.002234
1933 0.001981
1934 0.002218
1935 0.002251
1936 0.002155
1937 0.002014
1938 0.002051
1939 0.002122
1940 0.002078
1941 0.001993
1942 0.002163
1943 0.002167
1944 0.002047
1945 0.001936
1946 0.001906
1947 0.002019
1948 0.001973
1949 0.001913
1950 0.002013
1951 0.001998
1952 0.001974
1953 0.001851
1954 0.001777
1955 0.001994
1956 0.001899
1957 0.001943
1958 0.001971
1959 0.001828
1960 0.001953
1961 0.001813
1962 0.001725
1963 0.001927
1964 0.001937
1965 0.001886
1966 0.001710
1967 0.001898
1968 0.001814
1969 0.001847
1970 0.001868
1971 0.001964
1972 0.001916
1973 0.001708
1974 0.001903
1975 0.001765
1976 0.001805
1977 0.001700
1978 0.001866
1979 0.001844
1980 0.001839
1981 0.001708
1982 0.001806
1983 0.001780
1984 0.001812
1985 0.001776
1986 0.001646
1987 0.001563
1988 0.001759
1989 0.001753
1990 0.001703
1991 0.001824
1992 0.001879
1993 0.001860
1994 0.001595
1995 0.001563
1996 0.001820
1997 0.001657
1998 0.001736
1999 0.001675
2000 0.001741
2001 0.001814
2002 0.001530
2003 0.001587
2004 0.001828
2005 0.001841
2006 0.001487
2007 0.001818
2008 0.001787
2009 0.001718
2010 0.001657
2011 0.001451
2012 0.001526
2013 0.001671
2014 0.001742
2015 0.001762
2016 0.001669
2017 0.001518
2018 0.001696
2019 0.001451
2020 0.001727
2021 0.001592
2022 0.001515
2023 0.001453
2024 0.001581
2025 0.001445
2026 0.001632
2027 0.001391
2028 0.001383
2029 0.001644
2030 0.001523
2031 0.001464
2032 0.001505
2033 0.001474
2034 0.001575
2035 0.001365
2036 0.001357
2037 0.001543
2038 0.001464
2039 0.001423
2040 0.001579
2041 0.001569
2042 0.001401
2043 0.001382
2044 0.001294
2045 0.001281
2046 0.001485
2047 0.001385
2048 0.001343
2049 0.001442
2050 0.001396
2051 0.001295
2052 0.001181
2053 0.001301
2054 0.001263
2055 0.001293
2056 0.001283
2057 0.001261
2058 0.001310
2059 0.001387
2060 0.001285
2061 0.001376
2062 0.001176
2063 0.001297
2064 0.001188
2065 0.001267
2066 0.001190
2067 0.001267
2068 0.001230
2069 0.001151
2070 0.001194
2071 0.001188
2072 0.001223
2073 0.001227
2074 0.001149
2075 0.001175
2076 0.001108
2077 0.001059
2078 0.001187
2079 0.001126
2080 0.001136
2081 0.001124
2082 0.001196
2083 0.001068
2084 0.001087
2085 0.001188
2086 0.001108
2087 0.001199
2088 0.001135
2089 0.001173
2090 0.001213
2091 0.001191
2092 0.001129
2093 0.001023
2094 0.001101
2095 0.001075
2096 0.001060
2097 0.001088
2098 0.001074
2099 0.001140
2100 0.001164
2101 0.000983
2102 0.000939
2103 0.001155
2104 0.000978
2105 0.001105
2106 0.000940
2107 0.001150
2108 0.001155
2109 0.001117
2110 0.001101
2111 0.000929
2112 0.001104
2113 0.001119
2114 0.001066
2115 0.000928
2116 0.001041
2117 0.000946
2118 0.000926
2119 0.000994
2120 0.000992
2121 0.000975
2122 0.000890
2123 0.000964
2124 0.000934
2125 0.000975
2126 0.000930
2127 0.000983
2128 0.000983
2129 0.000941
2130 0.000899
2131 0.000906
2132 0.000905
2133 0.000877
2134 0.000932
2135 0.000908
2136 0.000954
2137 0.000892
2138 0.000915
2139 0.000969
2140 0.000970
2141 0.000793
2142 0.000917
2143 0.000876
2144 0.000845
2145 0.000914
2146 0.000871
2147 0.000858
2148 0.000879
2149 0.000852
2150 0.000876
2151 0.000863
2152 0.000903
2153 0.000872
2154 0.000761
2155 0.000833
2156 0.000771
2157 0.000815
2158 0.000771
2159 0.000720
2160 0.000799
2161 0.000801
2162 0.000741
2163 0.000773
2164 0.000790
2165 0.000764
2166 0.000791
2167 0.000824
2168 0.000805
2169 0.000783
2170 0.000765
2171 0.000773
2172 0.000754
2173 0.000791
2174 0.000706
2175 0.000772
2176 0.000761
2177 0.000812
2178 0.000770
2179 0.000713
2180 0.000719
2181 0.000705
2182 0.000695
2183 0.000762
2184 0.000646
2185 0.000666
2186 0.000747
2187 0.000675
2188 0.000743
2189 0.000669
2190 0.000757
2191 0.000780
2192 0.000700
2193 0.000762
2194 0.000686
2195 0.000704
2196 0.000754
2197 0.000750
2198 0.000634
2199 0.000714
2200 0.000574
2201 0.000649
2202 0.000685
2203 0.000621
2204 0.000698
2205 0.000687
2206 0.000654
2207 0.000664
2208 0.000648
2209 0.000665
2210 0.000608
2211 0.000678
2212 0.000640
2213 0.000602
2214 0.000641
2215 0.000628
2216 0.000631
2217 0.000619
2218 0.000640
2219 0.000639
2220 0.000567
2221 0.000629
2222 0.000617
2223 0.000567
2224 0.000635
2225 0.000535
2226 0.000609
2227 0.000572
2228 0.000632
2229 0.000600
2230 0.000566
2231 0.000614
2232 0.000565
2233 0.000516
2234 0.000592
2235 0.000527
2236 0.000610
2237 0.000613
2238 0.000552
2239 0.000559
2240 0.000518
2241 0.000558
2242 0.000541
2243 0.000525
2244 0.000560
2245 0.000534
2246 0.000542
2247 0.000564
2248 0.000540
2249 0.000518
2250 0.000470
2251 0.000573
2252 0.000583
2253 0.000584
2254 0.000578
2255 0.000556
2256 0.000501
2257 0.000503
2258 0.000514
2259 0.000467
2260 0.000521
2261 0.000491
2262 0.000501
2263 0.000501
2264 0.000493
2265 0.000534
2266 0.000460
2267 0.000540
2268 0.000499
2269 0.000495
2270 0.000531
2271 0.000504
2272 0.000463
2273 0.000521
2274 0.000424
2275 0.000507
2276 0.000453
2277 0.000475
2278 0.000443
2279 0.000443
2280 0.000471
2281 0.000467
2282 0.000432
2283 0.000430
2284 0.000451
2285 0.000444
2286 0.000461
2287 0.000461
2288 0.000404
2289 0.000450
2290 0.000437
2291 0.000425
2292 0.000420
2293 0.000433
2294 0.000419
2295 0.000414
2296 0.000436
2297 0.000426
2298 0.000419
2299 0.000416
2300 0.000394
2301 0.000438
2302 0.000438
2303 0.000413
2304 0.000401
2305 0.000408
2306 0.000384
2307 0.000346
2308 0.000430
2309 0.000421
2310 0.000364
2311 0.000426
2312 0.000395
2313 0.000392
2314 0.000368
2315 0.000392
2316 0.000402
2317 0.000400
2318 0.000361
2319 0.000394
2320 0.000379
2321 0.000403
2322 0.000354
2323 0.000372
2324 0.000339
2325 0.000360
2326 0.000376
2327 0.000377
2328 0.000359
2329 0.000363
2330 0.000373
2331 0.000350
2332 0.000352
2333 0.000331
2334 0.000344
2335 0.000351
2336 0.000366
2337 0.000350
2338 0.000358
2339 0.000365
2340 0.000349
2341 0.000304
2342 0.000352
2343 0.000332
2344 0.000323
2345 0.000324
2346 0.000329
2347 0.000321
2348 0.000295
2349 0.000317
2350 0.000342
2351 0.000353
2352 0.000352
2353 0.000328
2354 0.000298
2355 0.000321
2356 0.000317
2357 0.000284
2358 0.000304
2359 0.000301
2360 0.000300
2361 0.000313
2362 0.000301
2363 0.000297
2364 0.000288
2365 0.000298
2366 0.000292
2367 0.000304
2368 0.000281
2369 0.000312
2370 0.000314
2371 0.000311
2372 0.000277
2373 0.000286
2374 0.000283
2375 0.000285
2376 0.000284
2377 0.000263
2378 0.000301
2379 0.000302
2380 0.000266
2381 0.000260
2382 0.000291
2383 0.000291
2384 0.000275
2385 0.000271
2386 0.000282
2387 0.000285
2388 0.000272
2389 0.000260
2390 0.000277
2391 0.000285
2392 0.000269
2393 0.000265
2394 0.000273
2395 0.000275
2396 0.000245
2397 0.000267
2398 0.000277
2399 0.000269
2400 0.000259
2401 0.000262
2402 0.000250
2403 0.000257
2404 0.000262
2405 0.000247
2406 0.000252
2407 0.000261
2408 0.000271
2409 0.000262
2410 0.000248
2411 0.000265
2412 0.000262
2413 0.000225
2414 0.000235
2415 0.000244
2416 0.000247
2417 0.000253
2418 0.000261
2419 0.000260
2420 0.000245
2421 0.000271
2422 0.000262
2423 0.000244
2424 0.000246
2425 0.000268
2426 0.000236
2427 0.000251
2428 0.000271
2429 0.000266
2430 0.000269
2431 0.000257
2432 0.000223
2433 0.000259
2434 0.000227
2435 0.000265
2436 0.000264
2437 0.000252
2438 0.000250
2439 0.000222
2440 0.000230
2441 0.000222
2442 0.000222
2443 0.000220
2444 0.000235
2445 0.000206
2446 0.000209
2447 0.000237
2448 0.000233
2449 0.000205
2450 0.000232
2451 0.000210
2452 0.000218
2453 0.000193
2454 0.000225
2455 0.000228
2456 0.000212
2457 0.000208
2458 0.000225
2459 0.000222
2460 0.000212
2461 0.000202
2462 0.000177
2463 0.000207
2464 0.000197
2465 0.000200
2466 0.000208
2467 0.000195
2468 0.000196
2469 0.000205
2470 0.000185
2471 0.000183
2472 0.000198
2473 0.000199
2474 0.000208
2475 0.000203
2476 0.000200
2477 0.000192
2478 0.000181
2479 0.000180
2480 0.000192
2481 0.000179
2482 0.000197
2483 0.000173
2484 0.000198
2485 0.000200
2486 0.000183
2487 0.000183
2488 0.000179
2489 0.000179
2490 0.000179
2491 0.000166
2492 0.000196
2493 0.000199
2494 0.000176
2495 0.000169
2496 0.000182
2497 0.000193
2498 0.000162
2499 0.000179
2500 0.000172
2501 0.000195
2502 0.000200
2503 0.000151
2504 0.000196
2505 0.000178
2506 0.000172
2507 0.000182
2508 0.000162
2509 0.000166
2510 0.000176
2511 0.000170
2512 0.000177
2513 0.000169
2514 0.000170
2515 0.000172
2516 0.000187
2517 0.000174
2518 0.000169
2519 0.000167
2520 0.000171
2521 0.000172
2522 0.000178
2523 0.000165
2524 0.000185
2525 0.000155
2526 0.000182
2527 0.000165
2528 0.000161
2529 0.000174
2530 0.000151
2531 0.000181
2532 0.000171
2533 0.000169
2534 0.000179
2535 0.000161
2536 0.000158
2537 0.000171
2538 0.000177
2539 0.000171
2540 0.000172
2541 0.000179
2542 0.000182
2543 0.000173
2544 0.000177
2545 0.000164
2546 0.000155
2547 0.000157
2548 0.000167
2549 0.000149
2550 0.000164
2551 0.000152
2552 0.000144
2553 0.000170
2554 0.000165
2555 0.000159
2556 0.000157
2557 0.000161
2558 0.000156
2559 0.000157
2560 0.000136
2561 0.000163
2562 0.000152
2563 0.000164
2564 0.000161
2565 0.000152
2566 0.000146
2567 0.000157
2568 0.000148
2569 0.000148
2570 0.000158
2571 0.000148
2572 0.000162
2573 0.000162
2574 0.000150
2575 0.000152
2576 0.000145
2577 0.000145
2578 0.000152
2579 0.000154
2580 0.000149
2581 0.000150
2582 0.000163
2583 0.000158
2584 0.000142
2585 0.000134
2586 0.000162
2587 0.000142
2588 0.000162
2589 0.000138
2590 0.000163
2591 0.000163
2592 0.000153
2593 0.000131
2594 0.000143
2595 0.000156
2596 0.000158
2597 0.000154
2598 0.000147
2599 0.000145
2600 0.000134
2601 0.000130
2602 0.000147
2603 0.000133
2604 0.000149
2605 0.000133
2606 0.000149
2607 0.000141
2608 0.000139
2609 0.000143
2610 0.000146
2611 0.000142
2612 0.000144
2613 0.000148
2614 0.000135
2615 0.000140
2616 0.000141
2617 0.000126
2618 0.000131
2619 0.000141
2620 0.000129
2621 0.000145
2622 0.000143
2623 0.000121
2624 0.000138
2625 0.000136
2626 0.000135
2627 0.000137
2628 0.000124
2629 0.000135
2630 0.000132
2631 0.000134
2632 0.000124
2633 0.000136
2634 0.000127
2635 0.000133
2636 0.000127
2637 0.000128
2638 0.000131
2639 0.000135
2640 0.000124
2641 0.000128
2642 0.000125
2643 0.000118
2644 0.000124
2645 0.000126
2646 0.000131
2647 0.000120
2648 0.000138
2649 0.000134
2650 0.000113
2651 0.000115
2652 0.000134
2653 0.000128
2654 0.000119
2655 0.000121
2656 0.000123
2657 0.000127
2658 0.000126
2659 0.000127
2660 0.000130
2661 0.000127
2662 0.000115
2663 0.000115
2664 0.000125
2665 0.000133
2666 0.000131
2667 0.000132
2668 0.000120
2669 0.000118
2670 0.000119
2671 0.000117
2672 0.000130
2673 0.000126
2674 0.000115
2675 0.000117
2676 0.000122
2677 0.000118
2678 0.000114
2679 0.000112
2680 0.000122
2681 0.000108
2682 0.000118
2683 0.000109
2684 0.000111
2685 0.000127
2686 0.000113
2687 0.000120
2688 0.000125
2689 0.000104
2690 0.000123
2691 0.000113
2692 0.000117
2693 0.000110
2694 0.000119
2695 0.000122
2696 0.000118
2697 0.000113
2698 0.000112
2699 0.000105
2700 0.000109
2701 0.000113
2702 0.000117
2703 0.000099
2704 0.000115
2705 0.000097
2706 0.000117
2707 0.000105
2708 0.000107
2709 0.000106
2710 0.000112
2711 0.000104
2712 0.000111
2713 0.000103
2714 0.000106
2715 0.000109
2716 0.000111
2717 0.000100
2718 0.000112
2719 0.000112
2720 0.000104
2721 0.000101
2722 0.000106
2723 0.000106
2724 0.000098
2725 0.000099
2726 0.000108
2727 0.000098
2728 0.000104
2729 0.000101
2730 0.000097
2731 0.000097
2732 0.000096
2733 0.000099
2734 0.000103
2735 0.000094
2736 0.000100
2737 0.000091
2738 0.000101
2739 0.000094
2740 0.000093
2741 0.000096
2742 0.000089
2743 0.000101
2744 0.000100
2745 0.000099
2746 0.000100
2747 0.000096
2748 0.000088
2749 0.000088
2750 0.000096
2751 0.000094
2752 0.000097
2753 0.000099
2754 0.000095
2755 0.000086
2756 0.000087
2757 0.000088
2758 0.000092
2759 0.000094
2760 0.000082
2761 0.000092
2762 0.000088
2763 0.000090
2764 0.000090
2765 0.000088
2766 0.000086
2767 0.000085
2768 0.000091
2769 0.000085
2770 0.000084
2771 0.000087
2772 0.000080
2773 0.000075
2774 0.000090
2775 0.000077
2776 0.000089
2777 0.000092
2778 0.000091
2779 0.000075
2780 0.000087
2781 0.000074
2782 0.000074
2783 0.000087
2784 0.000073
2785 0.000088
2786 0.000081
2787 0.000080
2788 0.000084
2789 0.000075
2790 0.000075
2791 0.000085
2792 0.000080
2793 0.000078
2794 0.000086
2795 0.000085
2796 0.000081
2797 0.000072
2798 0.000076
2799 0.000078
2800 0.000072
2801 0.000082
2802 0.000082
2803 0.000080
2804 0.000077
2805 0.000072
2806 0.000074
2807 0.000072
2808 0.000074
2809 0.000071
2810 0.000076
2811 0.000073
2812 0.000075
2813 0.000081
2814 0.000070
2815 0.000082
2816 0.000075
2817 0.000071
2818 0.000079
2819 0.000071
2820 0.000078
2821 0.000076
2822 0.000063
2823 0.000069
2824 0.000070
2825 0.000071
2826 0.000075
2827 0.000073
2828 0.000067
2829 0.000074
2830 0.000063
2831 0.000075
2832 0.000063
2833 0.000074
2834 0.000064
2835 0.000075
2836 0.000071
2837 0.000065
2838 0.000065
2839 0.000071
2840 0.000064
2841 0.000068
2842 0.000067
2843 0.000071
2844 0.000068
2845 0.000069
2846 0.000070
2847 0.000072
2848 0.000068
2849 0.000066
2850 0.000068
2851 0.000062
2852 0.000069
2853 0.000067
2854 0.000063
2855 0.000065
2856 0.000064
2857 0.000062
2858 0.000063
2859 0.000060
2860 0.000062
2861 0.000063
2862 0.000056
2863 0.000058
2864 0.000065
2865 0.000065
2866 0.000063
2867 0.000062
2868 0.000059
2869 0.000058
2870 0.000062
2871 0.000060
2872 0.000059
2873 0.000057
2874 0.000061
2875 0.000054
2876 0.000058
2877 0.000056
2878 0.000057
2879 0.000054
2880 0.000056
2881 0.000056
2882 0.000052
2883 0.000057
2884 0.000051
2885 0.000055
2886 0.000051
2887 0.000054
2888 0.000054
2889 0.000054
2890 0.000057
2891 0.000053
2892 0.000053
2893 0.000055
2894 0.000051
2895 0.000051
2896 0.000051
2897 0.000052
2898 0.000051
2899 0.000051
2900 0.000049
2901 0.000048
2902 0.000048
2903 0.000046
2904 0.000044
2905 0.000048
2906 0.000048
2907 0.000047
2908 0.000050
2909 0.000049
2910 0.000046
2911 0.000045
2912 0.000041
2913 0.000047
2914 0.000047
2915 0.000047
2916 0.000048
2917 0.000045
2918 0.000043
2919 0.000048
2920 0.000047
2921 0.000047
2922 0.000043
2923 0.000040
2924 0.000044
2925 0.000046
2926 0.000040
2927 0.000046
2928 0.000038
2929 0.000044
2930 0.000042
2931 0.000046
2932 0.000040
2933 0.000044
2934 0.000042
2935 0.000041
2936 0.000037
2937 0.000041
2938 0.000041
2939 0.000040
2940 0.000043
2941 0.000042
2942 0.000038
2943 0.000042
2944 0.000036
2945 0.000036
2946 0.000038
2947 0.000041
2948 0.000044
2949 0.000042
2950 0.000037
2951 0.000039
2952 0.000040
2953 0.000040
2954 0.000037
2955 0.000037
2956 0.000038
2957 0.000038
2958 0.000039
2959 0.000038
2960 0.000036
2961 0.000036
2962 0.000039
2963 0.000033
2964 0.000034
2965 0.000038
2966 0.000037
2967 0.000035
2968 0.000037
2969 0.000033
2970 0.000032
2971 0.000037
2972 0.000033
2973 0.000035
2974 0.000037
2975 0.000034
2976 0.000033
2977 0.000030
2978 0.000036
2979 0.000031
2980 0.000035
2981 0.000036
2982 0.000029
2983 0.000033
2984 0.000032
2985 0.000032
2986 0.000034
2987 0.000030
2988 0.000034
2989 0.000029
2990 0.000034
2991 0.000032
2992 0.000029
2993 0.000032
2994 0.000031
2995 0.000032
2996 0.000032
2997 0.000029
2998 0.000031
2999 0.000032
3000 0.000030
3001 0.000027
3002 0.000028
3003 0.000027
3004 0.000031
3005 0.000028
3006 0.000029
3007 0.000030
3008 0.000027
3009 0.000029
3010 0.000028
3011 0.000026
3012 0.000029
3013 0.000029
3014 0.000025
3015 0.000028
3016 0.000029
3017 0.000028
3018 0.000026
3019 0.000025
3020 0.000029
3021 0.000029
3022 0.000025
3023 0.000029
3024 0.000028
3025 0.000024
3026 0.000024
3027 0.000027
3028 0.000027
3029 0.000026
3030 0.000024
3031 0.000025
3032 0.000026
3033 0.000026
3034 0.000024
3035 0.000023
3036 0.000025
3037 0.000025
3038 0.000023
3039 0.000023
3040 0.000024
3041 0.000021
3042 0.000024
3043 0.000024
3044 0.000023
3045 0.000023
3046 0.000024
3047 0.000023
3048 0.000022
3049 0.000022
3050 0.000022
3051 0.000023
3052 0.000022
3053 0.000021
3054 0.000021
3055 0.000021
3056 0.000021
3057 0.000022
3058 0.000019
3059 0.000021
3060 0.000020
3061 0.000020
3062 0.000022
3063 0.000022
3064 0.000019
3065 0.000021
3066 0.000019
3067 0.000018
3068 0.000022
3069 0.000019
3070 0.000021
3071 0.000022
3072 0.000020
3073 0.000019
3074 0.000020
3075 0.000020
3076 0.000019
3077 0.000020
3078 0.000020
3079 0.000018
3080 0.000018
3081 0.000020
3082 0.000019
3083 0.000018
3084 0.000018
3085 0.000019
3086 0.000017
3087 0.000019
3088 0.000018
3089 0.000018
3090 0.000017
3091 0.000016
3092 0.000018
3093 0.000017
3094 0.000017
3095 0.000017
3096 0.000018
3097 0.000016
3098 0.000018
3099 0.000017
3100 0.000017
3101 0.000017
3102 0.000015
3103 0.000017
3104 0.000018
3105 0.000018
3106 0.000017
3107 0.000016
3108 0.000017
3109 0.000016
3110 0.000017
3111 0.000018
3112 0.000018
3113 0.000017
3114 0.000016
3115 0.000015
3116 0.000015
3117 0.000015
3118 0.000016
3119 0.000016
3120 0.000015
3121 0.000016
3122 0.000015
3123 0.000015
3124 0.000015
3125 0.000015
3126 0.000015
3127 0.000015
3128 0.000015
3129 0.000016
3130 0.000015
3131 0.000014
3132 0.000014
3133 0.000016
3134 0.000015
3135 0.000014
3136 0.000015
3137 0.000014
3138 0.000015
3139 0.000015
3140 0.000015
3141 0.000013
3142 0.000015
3143 0.000013
3144 0.000014
3145 0.000013
3146 0.000014
3147 0.000014
3148 0.000012
3149 0.000015
3150 0.000014
3151 0.000013
3152 0.000013
3153 0.000014
3154 0.000014
3155 0.000013
3156 0.000012
3157 0.000014
3158 0.000014
3159 0.000013
3160 0.000013
3161 0.000013
3162 0.000013
3163 0.000013
3164 0.000012
3165 0.000013
3166 0.000014
3167 0.000012
3168 0.000013
3169 0.000012
3170 0.000013
3171 0.000012
3172 0.000013
3173 0.000013
3174 0.000014
3175 0.000014
3176 0.000012
3177 0.000012
3178 0.000013
3179 0.000013
3180 0.000011
3181 0.000011
3182 0.000012
3183 0.000012
3184 0.000012
3185 0.000012
3186 0.000012
3187 0.000012
3188 0.000012
3189 0.000012
3190 0.000013
3191 0.000012
3192 0.000011
3193 0.000012
3194 0.000012
3195 0.000011
3196 0.000011
3197 0.000011
3198 0.000011
3199 0.000011
3200 0.000011
3201 0.000010
3202 0.000011
3203 0.000010
3204 0.000011
3205 0.000009
3206 0.000012
3207 0.000012
3208 0.000011
3209 0.000010
3210 0.000010
3211 0.000010
3212 0.000011
3213 0.000010
3214 0.000009
3215 0.000011
3216 0.000011
3217 0.000011
3218 0.000010
3219 0.000009
3220 0.000010
3221 0.000009
3222 0.000009
3223 0.000009
3224 0.000009
3225 0.000010
3226 0.000010
3227 0.000009
3228 0.000009
3229 0.000008
3230 0.000009
3231 0.000008
3232 0.000009
3233 0.000009
3234 0.000008
3235 0.000009
3236 0.000009
3237 0.000009
3238 0.000008
3239 0.000008
3240 0.000008
3241 0.000009
3242 0.000008
3243 0.000008
3244 0.000008
3245 0.000007
3246 0.000008
3247 0.000008
3248 0.000007
3249 0.000008
3250 0.000007
3251 0.000008
3252 0.000008
3253 0.000008
3254 0.000008
3255 0.000008
3256 0.000008
3257 0.000007
3258 0.000007
3259 0.000007
3260 0.000007
3261 0.000007
3262 0.000007
3263 0.000007
3264 0.000007
3265 0.000007
3266 0.000007
3267 0.000007
3268 0.000006
3269 0.000007
3270 0.000007
3271 0.000007
3272 0.000007
3273 0.000006
3274 0.000006
3275 0.000006
3276 0.000007
3277 0.000006
3278 0.000007
3279 0.000006
3280 0.000006
3281 0.000007
3282 0.000007
3283 0.000006
3284 0.000006
3285 0.000006
3286 0.000005
3287 0.000006
3288 0.000006
3289 0.000006
3290 0.000006
3291 0.000006
3292 0.000006
3293 0.000006
3294 0.000006
3295 0.000006
3296 0.000006
3297 0.000006
3298 0.000005
3299 0.000006
3300 0.000005
3301 0.000006
3302 0.000005
3303 0.000005
3304 0.000006
3305 0.000005
3306 0.000005
3307 0.000006
3308 0.000006
3309 0.000005
3310 0.000005
3311 0.000005
3312 0.000005
3313 0.000005
3314 0.000005
3315 0.000005
3316 0.000005
3317 0.000005
3318 0.000004
3319 0.000005
3320 0.000005
3321 0.000005
3322 0.000005
3323 0.000005
3324 0.000005
3325 0.000005
3326 0.000004
3327 0.000005
3328 0.000005
3329 0.000005
3330 0.000005
3331 0.000005
3332 0.000005
3333 0.000005
3334 0.000005
3335 0.000005
3336 0.000005
3337 0.000005
3338 0.000005
3339 0.000004
3340 0.000005
3341 0.000005
3342 0.000005
3343 0.000005
3344 0.000005
3345 0.000004
3346 0.000005
3347 0.000005
3348 0.000005
3349 0.000005
3350 0.000004
3351 0.000004
3352 0.000005
3353 0.000004
3354 0.000004
3355 0.000004
3356 0.000005
3357 0.000004
3358 0.000005
3359 0.000004
3360 0.000005
3361 0.000005
3362 0.000005
3363 0.000004
3364 0.000004
3365 0.000004
3366 0.000005
3367 0.000005
3368 0.000004
3369 0.000004
3370 0.000004
3371 0.000004
3372 0.000004
3373 0.000005
3374 0.000004
3375 0.000004
3376 0.000004
3377 0.000004
3378 0.000004
3379 0.000004
3380 0.000004
3381 0.000004
3382 0.000004
3383 0.000004
3384 0.000004
3385 0.000004
3386 0.000004
3387 0.000004
3388 0.000004
3389 0.000004
3390 0.000004
3391 0.000004
3392 0.000004
3393 0.000004
3394 0.000004
3395 0.000004
3396 0.000004
3397 0.000004
3398 0.000004
3399 0.000004
3400 0.000004
3401 0.000004
3402 0.000004
3403 0.000004
3404 0.000004
3405 0.000004
3406 0.000004
3407 0.000003
3408 0.000004
3409 0.000004
3410 0.000004
3411 0.000004
3412 0.000004
3413 0.000004
3414 0.000004
3415 0.000003
3416 0.000004
3417 0.000004
3418 0.000004
3419 0.000003
3420 0.000004
3421 0.000004
3422 0.000004
3423 0.000003
3424 0.000004
3425 0.000004
3426 0.000004
3427 0.000003
3428 0.000004
3429 0.000003
3430 0.000004
3431 0.000003
3432 0.000003
3433 0.000004
3434 0.000003
3435 0.000004
3436 0.000004
3437 0.000004
3438 0.000003
3439 0.000003
3440 0.000004
3441 0.000004
3442 0.000003
3443 0.000003
3444 0.000004
3445 0.000003
3446 0.000003
3447 0.000003
3448 0.000003
3449 0.000003
3450 0.000003
3451 0.000003
3452 0.000003
3453 0.000003
3454 0.000003
3455 0.000003
3456 0.000003
3457 0.000003
3458 0.000003
3459 0.000003
3460 0.000003
3461 0.000003
3462 0.000003
3463 0.000003
3464 0.000003
3465 0.000003
3466 0.000003
3467 0.000003
3468 0.000003
3469 0.000003
3470 0.000003
3471 0.000003
3472 0.000003
3473 0.000003
3474 0.000003
3475 0.000003
3476 0.000003
3477 0.000003
3478 0.000003
3479 0.000003
3480 0.000003
3481 0.000003
3482 0.000003
3483 0.000003
3484 0.000003
3485 0.000003
3486 0.000003
3487 0.000003
3488 0.000003
3489 0.000003
3490 0.000003
3491 0.000003
3492 0.000003
3493 0.000003
3494 0.000003
3495 0.000002
3496 0.000002
3497 0.000003
3498 0.000003
3499 0.000003
3500 0.000003
3501 0.000003
3502 0.000003
3503 0.000002
3504 0.000002
3505 0.000003
3506 0.000003
3507 0.000002
3508 0.000002
3509 0.000003
3510 0.000002
3511 0.000002
3512 0.000002
3513 0.000002
3514 0.000002
3515 0.000002
3516 0.000002
3517 0.000002
3518 0.000002
3519 0.000002
3520 0.000002
3521 0.000002
3522 0.000002
3523 0.000002
3524 0.000002
3525 0.000002
3526 0.000002
3527 0.000002
3528 0.000002
3529 0.000002
3530 0.000002
3531 0.000002
3532 0.000002
3533 0.000002
3534 0.000002
3535 0.000002
3536 0.000002
3537 0.000002
3538 0.000002
3539 0.000002
3540 0.000002
3541 0.000002
3542 0.000002
3543 0.000002
3544 0.000002
3545 0.000002
3546 0.000002
3547 0.000002
3548 0.000002
3549 0.000002
3550 0.000002
3551 0.000002
3552 0.000002
3553 0.000002
3554 0.000002
3555 0.000002
3556 0.000002
3557 0.000002
3558 0.000002
3559 0.000002
3560 0.000002
3561 0.000002
3562 0.000002
3563 0.000002
3564 0.000002
3565 0.000002
3566 0.000002
3567 0.000002
3568 0.000002
3569 0.000002
3570 0.000002
3571 0.000002
3572 0.000002
3573 0.000002
3574 0.000002
3575 0.000002
3576 0.000002
3577 0.000002
3578 0.000002
3579 0.000002
3580 0.000002
3581 0.000002
3582 0.000002
3583 0.000002
3584 0.000002
3585 0.000002
3586 0.000002
3587 0.000002
3588 0.000002
3589 0.000002
3590 0.000001
3591 0.000002
3592 0.000001
3593 0.000002
3594 0.000001
3595 0.000002
3596 0.000002
3597 0.000002
3598 0.000001
3599 0.000001
3600 0.000001
3601 0.000002
3602 0.000001
3603 0.000001
3604 0.000001
3605 0.000001
3606 0.000001
3607 0.000001
3608 0.000001
3609 0.000002
3610 0.000002
3611 0.000002
3612 0.000001
3613 0.000002
3614 0.000002
3615 0.000001
3616 0.000002
3617 0.000001
3618 0.000001
3619 0.000001
3620 0.000001
3621 0.000001
3622 0.000001
3623 0.000001
3624 0.000001
3625 0.000001
3626 0.000001
3627 0.000001
3628 0.000001
3629 0.000001
3630 0.000001
3631 0.000001
3632 0.000001
3633 0.000001
3634 0.000001
3635 0.000001
3636 0.000001
3637 0.000001
3638 0.000001
3639 0.000001
3640 0.000001
3641 0.000001
3642 0.000001
3643 0.000001
3644 0.000001
3645 0.000001
3646 0.000001
3647 0.000001
3648 0.000001
3649 0.000001
3650 0.000001
3651 0.000001
3652 0.000001
3653 0.000001
3654 0.000001
3655 0.000001
3656 0.000001
3657 0.000001
3658 0.000001
3659 0.000001
3660 0.000001
3661 0.000001
3662 0.000001
3663 0.000001
3664 0.000001
3665 0.000001
3666 0.000001
3667 0.000001
3668 0.000001
3669 0.000001
3670 0.000001
3671 0.000001
3672 0.000001
3673 0.000001
3674 0.000001
3675 0.000001
3676 0.000001
3677 0.000001
3678 0.000001
3679 0.000001
3680 0.000001
3681 0.000001
3682 0.000001
3683 0.000001
3684 0.000001
3685 0.000001
3686 0.000001
3687 0.000001
3688 0.000001
3689 0.000001
3690 0.000001
3691 0.000001
3692 0.000001
3693 0.000001
3694 0.000001
3695 0.000001
3696 0.000001
3697 0.000001
3698 0.000001
3699 0.000001
3700 0.000001
3701 0.000001
3702 0.000001
3703 0.000001
3704 0.000001
3705 0.000001
3706 0.000001
3707 0.000001
3708 0.000001
3709 0.000001
3710 0.000001
3711 0.000001
3712 0.000001
3713 0.000001
3714 0.000001
3715 0.000001
3716 0.000001
3717 0.000001
3718 0.000001
3719 0.000001
3720 0.000001
3721 0.000001
3722 0.000001
3723 0.000001
3724 0.000001
3725 0.000001
3726 0.000001
3727 0.000001
3728 0.000001
3729 0.000001
3730 0.000001
3731 0.000001
3732 0.000001
3733 0.000001
3734 0.000001
3735 0.000001
3736 0.000001
3737 0.000001
3738 0.000001
3739 0.000001
3740 0.000001
3741 0.000001
3742 0.000001
3743 0.000001
3744 0.000001
3745 0.000001
3746 0.000001
3747 0.000001
3748 0.000001
3749 0.000001
3750 0.000001
3751 0.000001
3752 0.000001
3753 0.000001
3754 0.000001
3755 0.000001
3756 0.000001
3757 0.000001
3758 0.000001
3759 0.000001
3760 0.000001
3761 0.000001
3762 0.000001
3763 0.000001
3764 0.000001
3765 0.000001
3766 0.000001
3767 0.000001
3768 0.000001
3769 0.000001
3770 0.000001
3771 0.000001
3772 0.000001
3773 0.000001
3774 0.000001
3775 0.000001
3776 0.000001
3777 0.000001
3778 0.000001
3779 0.000001
3780 0.000001
3781 0.000001
3782 0.000001
3783 0.000001
3784 0.000001
3785 0.000001
3786 0.000001
3787 0.000001
3788 0.000001
3789 0.000001
3790 0.000001
3791 0.000001
3792 0.000001
3793 0.000001
3794 0.000001
3795 0.000001
3796 0.000001
3797 0.000001
3798 0.000001
3799 0.000001
3800 0.000001
3801 0.000001
3802 0.000001
3803 0.000001
3804 0.000001
3805 0.000001
3806 0.000001
3807 0.000001
3808 0.000001
3809 0.000001
3810 0.000001
3811 0.000001
3812 0.000001
3813 0.000001
3814 0.000001
3815 0.000001
3816 0.000001
3817 0.000001
3818 0.000001
3819 0.000001
3820 0.000001
3821 0.000001
3822 0.000001
3823 0.000001
3824 0.000001
3825 0.000001
3826 0.000001
3827 0.000001
3828 0.000001
3829 0.000001
3830 0.000001
3831 0.000001
3832 0.000001
3833 0.000001
3834 0.000001
3835 0.000001
3836 0.000001
3837 0.000001
3838 0.000001
3839 0.000001
3840 0.000001
3841 0.000001
3842 0.000001
3843 0.000001
3844 0.000001
3845 0.000001
3846 0.000001
3847 0.000001
3848 0.000001
3849 0.000001
3850 0.000001
3851 0.000001
3852 0.000001
3853 0.000001
3854 0.000001
3855 0.000001
3856 0.000001
3857 0.000001
3858 0.000001
3859 0.000001
3860 0.000001
3861 0.000001
3862 0.000001
3863 0.000001
3864 0.000001
3865 0.000001
3866 0.000001
3867 0.000001
3868 0.000001
3869 0.000001
3870 0.000001
3871 0.000001
3872 0.000001
3873 0.000001
3874 0.000001
3875 0.000001
3876 0.000001
3877 0.000001
3878 0.000001
3879 0.000001
3880 0.000001
3881 0.000001
3882 0.000001
3883 0.000001
3884 0.000001
3885 0.000001
3886 0.000001
3887 0.000001
3888 0.000001
3889 0.000001
3890 0.000001
3891 0.000001
3892 0.000001
3893 0.000001
3894 0.000001
3895 0.000001
3896 0.000001
3897 0.000001
3898 0.000001
3899 0.000001
3900 0.000001
3901 0.000001
3902 0.000001
3903 0.000001
3904 0.000001
3905 0.000001
3906 0.000001
3907 0.000001
3908 0.000001
3909 0.000001
3910 0.000001
3911 0.000001
3912 0.000001
3913 0.000001
3914 0.000001
3915 0.000001
3916 0.000001
3917 0.000001
3918 0.000001
3919 0.000001
3920 0.000001
3921 0.000001
3922 0.000001
3923 0.000001
3924 0.000001
3925 0.000000
3926 0.000001
3927 0.000001
3928 0.000001
3929 0.000001
3930 0.000000
3931 0.000001
3932 0.000000
3933 0.000001
3934 0.000001
3935 0.000001
3936 0.000000
3937 0.000001
3938 0.000001
3939 0.000001
3940 0.000001
3941 0.000000
3942 0.000001
3943 0.000000
3944 0.000001
3945 0.000000
3946 0.000000
3947 0.000001
3948 0.000001
3949 0.000000
3950 0.000000
3951 0.000001
3952 0.000000
3953 0.000001
3954 0.000000
3955 0.000000
3956 0.000000
3957 0.000001
3958 0.000000
3959 0.000000
3960 0.000000
3961 0.000000
3962 0.000000
3963 0.000000
3964 0.000000
3965 0.000000
3966 0.000000
3967 0.000000
3968 0.000000
3969 0.000000
3970 0.000000
3971 0.000000
3972 0.000000
3973 0.000000
3974 0.000000
3975 0.000000
3976 0.000000
3977 0.000000
3978 0.000000
3979 0.000000
3980 0.000000
3981 0.000000
3982 0.000000
3983 0.000000
3984 0.000000
3985 0.000000
3986 0.000000
3987 0.000000
3988 0.000000
3989 0.000000
3990 0.000000
3991 0.000000
3992 0.000000
3993 0.000000
3994 0.000000
3995 0.000000
3996 0.000000
3997 0.000000
3998 0.000000
3999 0.000000
4000 0.000000
4001 0.000000
4002 0.000000
4003 0.000000
4004 0.000000
4005 0.000000
4006 0.000000
4007 0.000000
4008 0.000000
4009 0.000000
4010 0.000000
4011 0.000000
4012 0.000000
4013 0.000000
4014 0.000000
4015 0.000000
4016 0.000000
4017 0.000000
4018 0.000000
4019 0.000000
4020 0.000000
4021 0.000000
4022 0.000000
4023 0.000000
4024 0.000000
4025 0.000000
4026 0.000000
4027 0.000000
4028 0.000000
4029 0.000000
4030 0.000000
4031 0.000000
4032 0.000000
4033 0.000000
4034 0.000000
4035 0.000000
4036 0.000000
4037 0.000000
4038 0.000000
4039 0.000000
4040 0.000000
4041 0.000000
4042 0.000000
4043 0.000000
4044 0.000000
4045 0.000000
4046 0.000000
4047 0.000000
4048 0.000000
4049 0.000000
4050 0.000000
4051 0.000000
4052 0.000000
4053 0.000000
4054 0.000000
4055 0.000000
4056 0.000000
4057 0.000000
4058 0.000000
4059 0.000000
4060 0.000000
4061 0.000000
4062 0.000000
4063 0.000000
4064 0.000000
4065 0.000000
4066 0.000000
4067 0.000000
4068 0.000000
4069 0.000000
4070 0.000000
4071 0.000000
4072 0.000000
4073 0.000000
4074 0.000000
4075 0.000000
4076 0.000000
4077 0.000000
4078 0.000000
4079 0.000000
4080 0.000000
4081 0.000000
4082 0.000000
4083 0.000000
4084 0.000000
4085 0.000000
4086 0.000000
4087 0.000000
4088 0.000000
4089 0.000000
4090 0.000000
4091 0.000000
4092 0.000000
4093 0.000000
4094 0.000000
4095 0.000000
4096 0.000000
4097 0.000000
4098 0.000000
4099 0.000000
4100 0.000000
4101 0.000000
4102 0.000000
4103 0.000000
4104 0.000000
4105 0.000000
4106 0.000000
4107 0.000000
4108 0.000000
4109 0.000000
4110 0.000000
4111 0.000000
4112 0.000000
4113 0.000000
4114 0.000000
4115 0.000000
4116 0.000000
4117 0.000000
4118 0.000000
4119 0.000000
4120 0.000000
4121 0.000000
4122 0.000000
4123 0.000000
4124 0.000000
4125 0.000000
4126 0.000000
4127 0.000000
4128 0.000000
4129 0.000000
4130 0.000000
4131 0.000000
4132 0.000000
4133 0.000000
4134 0.000000
4135 0.000000
4136 0.000000
4137 0.000000
4138 0.000000
4139 0.000000
4140 0.000000
4141 0.000000
4142 0.000000
4143 0.000000
4144 0.000000
4145 0.000000
4146 0.000000
4147 0.000000
4148 0.000000
4149 0.000000
4150 0.000000
4151 0.000000
4152 0.000000
4153 0.000000
4154 0.000000
4155 0.000000
4156 0.000000
4157 0.000000
4158 0.000000
4159 0.000000
4160 0.000000
4161 0.000000
4162 0.000000
4163 0.000000
4164 0.000000
4165 0.000000
4166 0.000000
4167 0.000000
4168 0.000000
4169 0.000000
4170 0.000000
4171 0.000000
4172 0.000000
4173 0.0