#ite residual of mtx/Bump_2911.mtx
1 1.509339
2 1.484863
3 1.387474
4 1.905086
5 2.464793
6 2.289501
7 2.283110
8 2.983230
9 2.911026
10 2.807677
11 3.229808
12 3.273427
13 2.951531
14 3.398663
15 3.299532
16 3.470592
17 3.649869
18 3.757448
19 3.963507
20 3.757197
21 3.652789
22 3.897652
23 3.802107
24 3.586038
25 3.356642
26 3.700645
27 3.646198
28 3.968554
29 3.966765
30 3.740080
31 4.016407
32 4.014458
33 4.116859
34 4.151919
35 4.231187
36 4.258185
37 4.258531
38 4.362992
39 3.798518
40 4.533990
41 4.347122
42 4.429627
43 4.490201
44 4.305125
45 4.140366
46 4.261444
47 4.380042
48 3.753625
49 4.110825
50 3.997327
51 3.815245
52 3.529690
53 3.276654
54 3.107059
55 3.106750
56 2.875665
57 2.671023
58 2.804984
59 2.846770
60 2.669644
61 2.465579
62 2.513355
63 2.313264
64 2.424500
65 2.269184
66 2.403909
67 2.148996
68 2.507835
69 2.428330
70 2.572604
71 2.616268
72 2.447814
73 2.460063
74 2.341028
75 2.399744
76 2.384805
77 2.458490
78 2.394761
79 2.442067
80 2.446238
81 2.347448
82 2.260656
83 2.237389
84 2.229765
85 2.161620
86 2.129534
87 2.227746
88 2.248593
89 2.234057
90 2.128451
91 2.171656
92 2.189993
93 2.179647
94 2.083178
95 2.234264
96 2.089409
97 2.150285
98 2.189219
99 2.124104
100 2.112626
101 2.036055
102 2.187201
103 2.217591
104 2.088906
105 2.237858
106 2.235471
107 2.269234
108 2.354016
109 2.313630
110 2.207571
111 2.261458
112 2.266948
113 2.255890
114 2.164424
115 2.051100
116 1.931725
117 1.974017
118 1.823455
119 1.918161
120 1.924888
121 1.822131
122 1.896580
123 1.968206
124 1.925396
125 1.697389
126 1.807708
127 1.782357
128 1.765343
129 1.856072
130 1.695205
131 1.182324
132 1.057413
133 1.235029
134 1.298846
135 1.172494
136 1.225564
137 1.387950
138 1.369875
139 1.311406
140 1.337560
141 1.234542
142 1.296511
143 1.185204
144 1.307919
145 1.291875
146 1.385398
147 1.245299
148 1.335446
149 1.280868
150 1.311874
151 1.276708
152 1.145454
153 1.266055
154 1.226804
155 1.250183
156 1.256322
157 1.311497
158 1.312092
159 1.346189
160 1.142631
161 1.275381
162 1.320688
163 1.386401
164 1.346445
165 1.324396
166 1.337439
167 1.364239
168 1.345344
169 1.198688
170 1.332123
171 1.309092
172 1.380923
173 1.303425
174 1.397759
175 1.290590
176 1.331476
177 1.256815
178 1.183690
179 1.147010
180 1.183231
181 1.104415
182 1.016990
183 1.020077
184 0.968136
185 0.995512
186 0.866889
187 0.912319
188 0.950849
189 0.899143
190 0.863440
191 0.851401
192 0.830325
193 0.787057
194 0.792424
195 0.789829
196 0.777746
197 0.765233
198 0.679726
199 0.737329
200 0.696003
201 0.682428
202 0.674343
203 0.642908
204 0.680427
205 0.642633
206 0.671314
207 0.658981
208 0.624005
209 0.652016
210 0.601079
211 0.630779
212 0.622988
213 0.629917
214 0.573321
215 0.622491
216 0.617517
217 0.604030
218 0.585236
219 0.561771
220 0.523610
221 0.586536
222 0.583108
223 0.519719
224 0.544059
225 0.532617
226 0.517965
227 0.536111
228 0.539983
229 0.499555
230 0.508894
231 0.511387
232 0.486238
233 0.506215
234 0.485125
235 0.483521
236 0.504658
237 0.430970
238 0.471716
239 0.430289
240 0.443803
241 0.424229
242 0.415627
243 0.384662
244 0.412199
245 0.394488
246 0.376005
247 0.373322
248 0.339303
249 0.346153
250 0.327161
251 0.327657
252 0.314773
253 0.305229
254 0.299887
255 0.300053
256 0.288938
257 0.290065
258 0.250439
259 0.202393
260 0.218675
261 0.224710
262 0.187254
263 0.192350
264 0.211413
265 0.194771
266 0.193740
267 0.185833
268 0.179993
269 0.172893
270 0.160838
271 0.160687
272 0.171070
273 0.166332
274 0.163706
275 0.154172
276 0.140021
277 0.146239
278 0.143485
279 0.121370
280 0.133451
281 0.114054
282 0.117538
283 0.111539
284 0.112045
285 0.098249
286 0.101481
287 0.096769
288 0.086279
289 0.088050
290 0.090492
291 0.083938
292 0.084739
293 0.077814
294 0.074181
295 0.072113
296 0.061564
297 0.064581
298 0.064554
299 0.061698
300 0.056490
301 0.060125
302 0.051972
303 0.056399
304 0.048843
305 0.047454
306 0.051465
307 0.046377
308 0.049383
309 0.043520
310 0.045866
311 0.045631
312 0.040962
313 0.034647
314 0.038016
315 0.037146
316 0.035492
317 0.031929
318 0.031688
319 0.030116
320 0.025819
321 0.025705
322 0.026841
323 0.026861
324 0.026653
325 0.024763
326 0.025865
327 0.022016
328 0.023768
329 0.020939
330 0.020521
331 0.020353
332 0.018992
333 0.020339
334 0.019807
335 0.018823
336 0.017484
337 0.016455
338 0.015381
339 0.016614
340 0.015614
341 0.014456
342 0.014239
343 0.014463
344 0.013570
345 0.013262
346 0.012773
347 0.013263
348 0.012668
349 0.010923
350 0.011443
351 0.011171
352 0.010132
353 0.009858
354 0.008594
355 0.009236
356 0.009109
357 0.009042
358 0.008498
359 0.007688
360 0.007559
361 0.007917
362 0.007777
363 0.007363
364 0.007401
365 0.007561
366 0.007154
367 0.006986
368 0.007051
369 0.007092
370 0.006914
371 0.006624
372 0.006797
373 0.007341
374 0.006845
375 0.007367
376 0.007811
377 0.007363
378 0.007681
379 0.007227
380 0.007459
381 0.008168
382 0.007768
383 0.008766
384 0.008041
385 0.009547
386 0.009108
387 0.008996
388 0.007615
389 0.009508
390 0.009450
391 0.009358
392 0.010454
393 0.009683
394 0.009996
395 0.011257
396 0.010676
397 0.010617
398 0.010175
399 0.010396
400 0.010285
401 0.010315
402 0.010706
403 0.009929
404 0.011081
405 0.010956
406 0.011100
407 0.011084
408 0.009988
409 0.010823
410 0.010646
411 0.010874
412 0.011038
413 0.010628
414 0.010709
415 0.010875
416 0.011312
417 0.011041
418 0.010674
419 0.011529
420 0.010155
421 0.010954
422 0.011467
423 0.010863
424 0.011015
425 0.011339
426 0.010702
427 0.011220
428 0.011356
429 0.010513
430 0.010698
431 0.012074
432 0.011677
433 0.010576
434 0.011275
435 0.010424
436 0.010760
437 0.010101
438 0.009982
439 0.011272
440 0.010788
441 0.010248
442 0.010030
443 0.011118
444 0.010456
445 0.010452
446 0.009698
447 0.010334
448 0.010470
449 0.011172
450 0.011625
451 0.011740
452 0.011781
453 0.011023
454 0.010566
455 0.011138
456 0.011331
457 0.010790
458 0.011941
459 0.010676
460 0.011582
461 0.011143
462 0.010993
463 0.009885
464 0.010913
465 0.010465
466 0.011008
467 0.010707
468 0.009987
469 0.010585
470 0.010275
471 0.009990
472 0.009389
473 0.009788
474 0.009486
475 0.009419
476 0.009229
477 0.009814
478 0.008618
479 0.008529
480 0.009609
481 0.009477
482 0.007918
483 0.008983
484 0.007785
485 0.007941
486 0.007313
487 0.007743
488 0.007112
489 0.007092
490 0.007561
491 0.007253
492 0.007168
493 0.007559
494 0.007506
495 0.006878
496 0.006376
497 0.006398
498 0.007160
499 0.007003
500 0.006360
501 0.006030
502 0.005594
503 0.006535
504 0.006099
505 0.006528
506 0.005886
507 0.006212
508 0.006346
509 0.005978
510 0.006419
511 0.006276
512 0.006257
513 0.005921
514 0.006068
515 0.006309
516 0.006301
517 0.006726
518 0.005874
519 0.006486
520 0.006895
521 0.005492
522 0.006425
523 0.006275
524 0.006675
525 0.006368
526 0.006231
527 0.005987
528 0.005833
529 0.005446
530 0.005865
531 0.005869
532 0.005496
533 0.005588
534 0.005445
535 0.005399
536 0.005142
537 0.005428
538 0.005299
539 0.005253
540 0.005192
541 0.005196
542 0.004937
543 0.005242
544 0.005194
545 0.004798
546 0.005033
547 0.005172
548 0.005053
549 0.004650
550 0.004606
551 0.004806
552 0.004658
553 0.004555
554 0.004133
555 0.004252
556 0.004557
557 0.004667
558 0.004503
559 0.004352
560 0.003994
561 0.004296
562 0.004066
563 0.003822
564 0.004126
565 0.003930
566 0.004099
567 0.003941
568 0.004088
569 0.003973
570 0.003609
571 0.003812
572 0.003929
573 0.003801
574 0.003532
575 0.003603
576 0.003498
577 0.003720
578 0.003635
579 0.003495
580 0.003549
581 0.003519
582 0.003682
583 0.003667
584 0.003680
585 0.003781
586 0.003698
587 0.003327
588 0.003298
589 0.003564
590 0.003309
591 0.003467
592 0.003488
593 0.003489
594 0.003263
595 0.003343
596 0.003029
597 0.003335
598 0.003163
599 0.003328
600 0.003084
601 0.003186
602 0.003225
603 0.003284
604 0.003105
605 0.002939
606 0.003344
607 0.003104
608 0.003183
609 0.003355
610 0.003371
611 0.003216
612 0.002991
613 0.003029
614 0.002793
615 0.002891
616 0.002810
617 0.002814
618 0.002867
619 0.002608
620 0.002658
621 0.002661
622 0.002661
623 0.002717
624 0.002575
625 0.002567
626 0.002523
627 0.002422
628 0.002617
629 0.002472
630 0.002591
631 0.002516
632 0.002338
633 0.002491
634 0.002303
635 0.002444
636 0.002295
637 0.002471
638 0.002459
639 0.002540
640 0.002458
641 0.002446
642 0.002297
643 0.002350
644 0.002187
645 0.002353
646 0.002170
647 0.002198
648 0.002250
649 0.002376
650 0.002461
651 0.002347
652 0.002313
653 0.002293
654 0.002166
655 0.002253
656 0.002304
657 0.002362
658 0.002151
659 0.002240
660 0.002218
661 0.002333
662 0.002222
663 0.002087
664 0.002349
665 0.002333
666 0.002173
667 0.002219
668 0.002242
669 0.002324
670 0.002223
671 0.002026
672 0.002200
673 0.002178
674 0.002332
675 0.002326
676 0.002085
677 0.002377
678 0.002311
679 0.002279
680 0.002202
681 0.002393
682 0.002222
683 0.002178
684 0.002381
685 0.002333
686 0.002207
687 0.002063
688 0.002121
689 0.002158
690 0.002093
691 0.002057
692 0.002050
693 0.002037
694 0.002036
695 0.002094
696 0.001942
697 0.002047
698 0.001949
699 0.001919
700 0.001984
701 0.002053
702 0.001852
703 0.001977
704 0.001937
705 0.001991
706 0.001791
707 0.001947
708 0.001957
709 0.001809
710 0.001895
711 0.001762
712 0.001926
713 0.001911
714 0.001937
715 0.001700
716 0.001932
717 0.001912
718 0.001674
719 0.001832
720 0.001688
721 0.001671
722 0.001748
723 0.001740
724 0.001729
725 0.001739
726 0.001727
727 0.001809
728 0.001892
729 0.001722
730 0.001847
731 0.001745
732 0.001691
733 0.001832
734 0.001823
735 0.001894
736 0.001884
737 0.001680
738 0.001629
739 0.001910
740 0.001936
741 0.001854
742 0.001800
743 0.001877
744 0.001798
745 0.001978
746 0.001956
747 0.001728
748 0.001964
749 0.001885
750 0.001737
751 0.001884
752 0.001891
753 0.001917
754 0.001817
755 0.001951
756 0.001815
757 0.001798
758 0.001711
759 0.001863
760 0.001827
761 0.001734
762 0.001760
763 0.001896
764 0.001805
765 0.001896
766 0.001883
767 0.001882
768 0.002013
769 0.001788
770 0.001955
771 0.001963
772 0.001787
773 0.001904
774 0.001912
775 0.001734
776 0.001826
777 0.001809
778 0.001761
779 0.001694
780 0.001848
781 0.001881
782 0.001709
783 0.001890
784 0.001715
785 0.001794
786 0.001740
787 0.001730
788 0.001776
789 0.001758
790 0.001699
791 0.001673
792 0.001749
793 0.001770
794 0.001628
795 0.001701
796 0.001694
797 0.001553
798 0.001753
799 0.001667
800 0.001631
801 0.001688
802 0.001562
803 0.001484
804 0.001365
805 0.001515
806 0.001397
807 0.001435
808 0.001380
809 0.001414
810 0.001367
811 0.001291
812 0.001113
813 0.001244
814 0.001252
815 0.001208
816 0.001086
817 0.001187
818 0.001152
819 0.001103
820 0.001010
821 0.001086
822 0.000993
823 0.001020
824 0.000983
825 0.000974
826 0.000955
827 0.000958
828 0.000940
829 0.000879
830 0.000898
831 0.000953
832 0.000955
833 0.000881
834 0.000897
835 0.000910
836 0.000837
837 0.000915
838 0.000913
839 0.000914
840 0.000877
841 0.000919
842 0.000893
843 0.000974
844 0.001004
845 0.000981
846 0.000991
847 0.000865
848 0.000984
849 0.000961
850 0.000918
851 0.000951
852 0.000862
853 0.000955
854 0.000833
855 0.000868
856 0.000896
857 0.000843
858 0.000845
859 0.000905
860 0.000893
861 0.000857
862 0.000942
863 0.000930
864 0.000955
865 0.000972
866 0.000874
867 0.000899
868 0.000956
869 0.000941
870 0.000827
871 0.000884
872 0.000806
873 0.000859
874 0.000868
875 0.000814
876 0.000828
877 0.000816
878 0.000787
879 0.000733
880 0.000903
881 0.000927
882 0.000830
883 0.000851
884 0.000898
885 0.000799
886 0.000936
887 0.000766
888 0.000936
889 0.000905
890 0.000855
891 0.000833
892 0.000842
893 0.000881
894 0.000880
895 0.000856
896 0.000760
897 0.000804
898 0.000788
899 0.000786
900 0.000763
901 0.000761
902 0.000741
903 0.000749
904 0.000736
905 0.000755
906 0.000741
907 0.000780
908 0.000695
909 0.000730
910 0.000686
911 0.000697
912 0.000583
913 0.000731
914 0.000680
915 0.000660
916 0.000654
917 0.000571
918 0.000658
919 0.000607
920 0.000580
921 0.000613
922 0.000633
923 0.000588
924 0.000613
925 0.000582
926 0.000615
927 0.000666
928 0.000559
929 0.000559
930 0.000673
931 0.000672
932 0.000604
933 0.000644
934 0.000673
935 0.000648
936 0.000602
937 0.000629
938 0.000624
939 0.000647
940 0.000647
941 0.000664
942 0.000697
943 0.000680
944 0.000685
945 0.000587
946 0.000743
947 0.000748
948 0.000695
949 0.000693
950 0.000739
951 0.000758
952 0.000695
953 0.000679
954 0.000678
955 0.000666
956 0.000681
957 0.000682
958 0.000656
959 0.000678
960 0.000669
961 0.000693
962 0.000584
963 0.000732
964 0.000701
965 0.000652
966 0.000692
967 0.000687
968 0.000671
969 0.000626
970 0.000573
971 0.000631
972 0.000644
973 0.000603
974 0.000591
975 0.000656
976 0.000668
977 0.000621
978 0.000610
979 0.000591
980 0.000545
981 0.000634
982 0.000549
983 0.000617
984 0.000592
985 0.000604
986 0.000645
987 0.000613
988 0.000617
989 0.000567
990 0.000612
991 0.000554
992 0.000592
993 0.000590
994 0.000552
995 0.000511
996 0.000549
997 0.000565
998 0.000536
999 0.000568
1000 0.000520
1001 0.000594
1002 0.000617
1003 0.000606
1004 0.000617
1005 0.000596
1006 0.000533
1007 0.000564
1008 0.000572
1009 0.000580
1010 0.000544
1011 0.000591
1012 0.000501
1013 0.000552
1014 0.000555
1015 0.000549
1016 0.000556
1017 0.000582
1018 0.000533
1019 0.000545
1020 0.000486
1021 0.000493
1022 0.000560
1023 0.000512
1024 0.000557
1025 0.000551
1026 0.000556
1027 0.000541
1028 0.000524
1029 0.000496
1030 0.000530
1031 0.000513
1032 0.000547
1033 0.000541
1034 0.000490
1035 0.000524
1036 0.000524
1037 0.000491
1038 0.000548
1039 0.000529
1040 0.000486
1041 0.000511
1042 0.000533
1043 0.000510
1044 0.000505
1045 0.000530
1046 0.000512
1047 0.000507
1048 0.000512
1049 0.000498
1050 0.000509
1051 0.000535
1052 0.000548
1053 0.000542
1054 0.000549
1055 0.000488
1056 0.000508
1057 0.000506
1058 0.000477
1059 0.000473
1060 0.000481
1061 0.000491
1062 0.000484
1063 0.000475
1064 0.000517
1065 0.000479
1066 0.000532
1067 0.000516
1068 0.000489
1069 0.000550
1070 0.000487
1071 0.000474
1072 0.000526
1073 0.000559
1074 0.000539
1075 0.000491
1076 0.000537
1077 0.000556
1078 0.000462
1079 0.000480
1080 0.000525
1081 0.000493
1082 0.000558
1083 0.000562
1084 0.000548
1085 0.000477
1086 0.000515
1087 0.000492
1088 0.000492
1089 0.000528
1090 0.000479
1091 0.000516
1092 0.000500
1093 0.000487
1094 0.000515
1095 0.000477
1096 0.000475
1097 0.000455
1098 0.000476
1099 0.000443
1100 0.000445
1101 0.000439
1102 0.000441
1103 0.000454
1104 0.000460
1105 0.000463
1106 0.000459
1107 0.000420
1108 0.000434
1109 0.000440
1110 0.000418
1111 0.000413
1112 0.000385
1113 0.000390
1114 0.000421
1115 0.000410
1116 0.000388
1117 0.000414
1118 0.000395
1119 0.000380
1120 0.000392
1121 0.000365
1122 0.000347
1123 0.000404
1124 0.000410
1125 0.000413
1126 0.000415
1127 0.000371
1128 0.000380
1129 0.000347
1130 0.000411
1131 0.000404
1132 0.000367
1133 0.000363
1134 0.000359
1135 0.000363
1136 0.000351
1137 0.000369
1138 0.000374
1139 0.000333
1140 0.000385
1141 0.000328
1142 0.000361
1143 0.000346
1144 0.000371
1145 0.000338
1146 0.000345
1147 0.000351
1148 0.000354
1149 0.000334
1150 0.000334
1151 0.000320
1152 0.000344
1153 0.000355
1154 0.000333
1155 0.000342
1156 0.000317
1157 0.000327
1158 0.000322
1159 0.000314
1160 0.000322
1161 0.000305
1162 0.000339
1163 0.000277
1164 0.000325
1165 0.000308
1166 0.000313
1167 0.000323
1168 0.000324
1169 0.000310
1170 0.000332
1171 0.000320
1172 0.000319
1173 0.000336
1174 0.000344
1175 0.000330
1176 0.000327
1177 0.000332
1178 0.000321
1179 0.000338
1180 0.000321
1181 0.000351
1182 0.000304
1183 0.000364
1184 0.000369
1185 0.000367
1186 0.000357
1187 0.000352
1188 0.000325
1189 0.000355
1190 0.000353
1191 0.000329
1192 0.000368
1193 0.000365
1194 0.000315
1195 0.000356
1196 0.000280
1197 0.000366
1198 0.000312
1199 0.000351
1200 0.000353
1201 0.000308
1202 0.000313
1203 0.000349
1204 0.000358
1205 0.000345
1206 0.000349
1207 0.000328
1208 0.000353
1209 0.000349
1210 0.000352
1211 0.000358
1212 0.000360
1213 0.000343
1214 0.000345
1215 0.000359
1216 0.000368
1217 0.000361
1218 0.000357
1219 0.000360
1220 0.000364
1221 0.000379
1222 0.000375
1223 0.000338
1224 0.000350
1225 0.000367
1226 0.000389
1227 0.000341
1228 0.000377
1229 0.000384
1230 0.000334
1231 0.000362
1232 0.000363
1233 0.000371
1234 0.000351
1235 0.000355
1236 0.000365
1237 0.000360
1238 0.000289
1239 0.000347
1240 0.000329
1241 0.000321
1242 0.000315
1243 0.000328
1244 0.000299
1245 0.000325
1246 0.000300
1247 0.000287
1248 0.000312
1249 0.000323
1250 0.000296
1251 0.000296
1252 0.000296
1253 0.000292
1254 0.000309
1255 0.000276
1256 0.000278
1257 0.000321
1258 0.000321
1259 0.000298
1260 0.000281
1261 0.000289
1262 0.000281
1263 0.000261
1264 0.000263
1265 0.000303
1266 0.000306
1267 0.000274
1268 0.000284
1269 0.000264
1270 0.000284
1271 0.000285
1272 0.000272
1273 0.000254
1274 0.000272
1275 0.000253
1276 0.000263
1277 0.000253
1278 0.000263
1279 0.000252
1280 0.000244
1281 0.000259
1282 0.000271
1283 0.000261
1284 0.000250
1285 0.000240
1286 0.000264
1287 0.000249
1288 0.000263
1289 0.000256
1290 0.000272
1291 0.000263
1292 0.000242
1293 0.000246
1294 0.000248
1295 0.000240
1296 0.000254
1297 0.000221
1298 0.000272
1299 0.000243
1300 0.000267
1301 0.000271
1302 0.000265
1303 0.000263
1304 0.000267
1305 0.000241
1306 0.000226
1307 0.000272
1308 0.000258
1309 0.000247
1310 0.000277
1311 0.000279
1312 0.000275
1313 0.000216
1314 0.000263
1315 0.000228
1316 0.000256
1317 0.000229
1318 0.000260
1319 0.000262
1320 0.000222
1321 0.000243
1322 0.000249
1323 0.000238
1324 0.000222
1325 0.000233
1326 0.000214
1327 0.000222
1328 0.000221
1329 0.000225
1330 0.000194
1331 0.000232
1332 0.000212
1333 0.000215
1334 0.000205
1335 0.000218
1336 0.000231
1337 0.000219
1338 0.000184
1339 0.000200
1340 0.000206
1341 0.000200
1342 0.000215
1343 0.000210
1344 0.000189
1345 0.000208
1346 0.000180
1347 0.000176
1348 0.000208
1349 0.000196
1350 0.000191
1351 0.000181
1352 0.000195
1353 0.000195
1354 0.000179
1355 0.000175
1356 0.000189
1357 0.000187
1358 0.000181
1359 0.000180
1360 0.000193
1361 0.000198
1362 0.000185
1363 0.000185
1364 0.000178
1365 0.000198
1366 0.000163
1367 0.000196
1368 0.000190
1369 0.000165
1370 0.000186
1371 0.000159
1372 0.000169
1373 0.000178
1374 0.000168
1375 0.000188
1376 0.000186
1377 0.000173
1378 0.000168
1379 0.000163
1380 0.000162
1381 0.000175
1382 0.000177
1383 0.000171
1384 0.000165
1385 0.000164
1386 0.000162
1387 0.000156
1388 0.000152
1389 0.000162
1390 0.000171
1391 0.000174
1392 0.000165
1393 0.000162
1394 0.000167
1395 0.000163
1396 0.000153
1397 0.000159
1398 0.000166
1399 0.000170
1400 0.000164
1401 0.000138
1402 0.000161
1403 0.000140
1404 0.000130
1405 0.000164
1406 0.000132
1407 0.000160
1408 0.000136
1409 0.000154
1410 0.000136
1411 0.000153
1412 0.000146
1413 0.000146
1414 0.000140
1415 0.000146
1416 0.000133
1417 0.000141
1418 0.000143
1419 0.000138
1420 0.000127
1421 0.000127
1422 0.000135
1423 0.000141
1424 0.000129
1425 0.000131
1426 0.000127
1427 0.000141
1428 0.000136
1429 0.000117
1430 0.000124
1431 0.000138
1432 0.000124
1433 0.000132
1434 0.000119
1435 0.000133
1436 0.000132
1437 0.000120
1438 0.000122
1439 0.000124
1440 0.000125
1441 0.000120
1442 0.000122
1443 0.000123
1444 0.000109
1445 0.000121
1446 0.000116
1447 0.000109
1448 0.000122
1449 0.000123
1450 0.000105
1451 0.000119
1452 0.000111
1453 0.000110
1454 0.000095
1455 0.000114
1456 0.000108
1457 0.000108
1458 0.000109
1459 0.000101
1460 0.000111
1461 0.000107
1462 0.000089
1463 0.000098
1464 0.000094
1465 0.000101
1466 0.000105
1467 0.000097
1468 0.000095
1469 0.000095
1470 0.000095
1471 0.000095
1472 0.000090
1473 0.000098
1474 0.000101
1475 0.000088
1476 0.000100
1477 0.000102
1478 0.000098
1479 0.000097
1480 0.000098
1481 0.000095
1482 0.000092
1483 0.000091
1484 0.000096
1485 0.000099
1486 0.000093
1487 0.000093
1488 0.000097
1489 0.000093
1490 0.000096
1491 0.000095
1492 0.000106
1493 0.000105
1494 0.000095
1495 0.000097
1496 0.000096
1497 0.000102
1498 0.000091
1499 0.000102
1500 0.000093
1501 0.000099
1502 0.000093
1503 0.000109
1504 0.000082
1505 0.000109
1506 0.000101
1507 0.000098
1508 0.000104
1509 0.000099
1510 0.000105
1511 0.000106
1512 0.000092
1513 0.000094
1514 0.000098
1515 0.000100
1516 0.000109
1517 0.000107
1518 0.000098
1519 0.000096
1520 0.000095
1521 0.000093
1522 0.000097
1523 0.000098
1524 0.000096
1525 0.000097
1526 0.000102
1527 0.000089
1528 0.000099
1529 0.000082
1530 0.000089
1531 0.000093
1532 0.000085
1533 0.000095
1534 0.000096
1535 0.000092
1536 0.000082
1537 0.000077
1538 0.000080
1539 0.000078
1540 0.000078
1541 0.000077
1542 0.000080
1543 0.000073
1544 0.000076
1545 0.000073
1546 0.000071
1547 0.000076
1548 0.000072
1549 0.000071
1550 0.000073
1551 0.000068
1552 0.000065
1553 0.000067
1554 0.000054
1555 0.000070
1556 0.000065
1557 0.000059
1558 0.000057
1559 0.000066
1560 0.000067
1561 0.000056
1562 0.000061
1563 0.000060
1564 0.000058
1565 0.000059
1566 0.000059
1567 0.000057
1568 0.000061
1569 0.000054
1570 0.000058
1571 0.000056
1572 0.000056
1573 0.000063
1574 0.000061
1575 0.000052
1576 0.000060
1577 0.000053
1578 0.000058
1579 0.000050
1580 0.000051
1581 0.000059
1582 0.000059
1583 0.000058
1584 0.000051
1585 0.000055
1586 0.000056
1587 0.000056
1588 0.000045
1589 0.000056
1590 0.000053
1591 0.000054
1592 0.000056
1593 0.000054
1594 0.000050
1595 0.000049
1596 0.000052
1597 0.000053
1598 0.000050
1599 0.000057
1600 0.000057
1601 0.000049
1602 0.000053
1603 0.000051
1604 0.000049
1605 0.000049
1606 0.000050
1607 0.000049
1608 0.000053
1609 0.000052
1610 0.000049
1611 0.000046
1612 0.000047
1613 0.000046
1614 0.000046
1615 0.000043
1616 0.000048
1617 0.000048
1618 0.000044
1619 0.000047
1620 0.000044
1621 0.000044
1622 0.000046
1623 0.000048
1624 0.000041
1625 0.000045
1626 0.000040
1627 0.000045
1628 0.000042
1629 0.000043
1630 0.000042
1631 0.000040
1632 0.000042
1633 0.000044
1634 0.000036
1635 0.000043
1636 0.000037
1637 0.000042
1638 0.000037
1639 0.000041
1640 0.000037
1641 0.000039
1642 0.000038
1643 0.000036
1644 0.000036
1645 0.000037
1646 0.000032
1647 0.000034
1648 0.000036
1649 0.000037
1650 0.000034
1651 0.000035
1652 0.000034
1653 0.000032
1654 0.000032
1655 0.000030
1656 0.000034
1657 0.000033
1658 0.000036
1659 0.000034
1660 0.000032
1661 0.000036
1662 0.000036
1663 0.000030
1664 0.000035
1665 0.000032
1666 0.000034
1667 0.000032
1668 0.000033
1669 0.000034
1670 0.000033
1671 0.000031
1672 0.000032
1673 0.000032
1674 0.000034
1675 0.000031
1676 0.000034
1677 0.000032
1678 0.000033
1679 0.000033
1680 0.000034
1681 0.000034
1682 0.000033
1683 0.000033
1684 0.000032
1685 0.000034
1686 0.000033
1687 0.000032
1688 0.000028
1689 0.000035
1690 0.000031
1691 0.000033
1692 0.000034
1693 0.000029
1694 0.000033
1695 0.000031
1696 0.000027
1697 0.000031
1698 0.000029
1699 0.000028
1700 0.000030
1701 0.000029
1702 0.000025
1703 0.000028
1704 0.000022
1705 0.000029
1706 0.000026
1707 0.000025
1708 0.000027
1709 0.000024
1710 0.000024
1711 0.000024
1712 0.000023
1713 0.000022
1714 0.000024
1715 0.000023
1716 0.000024
1717 0.000024
1718 0.000024
1719 0.000024
1720 0.000024
1721 0.000024
1722 0.000022
1723 0.000023
1724 0.000023
1725 0.000023
1726 0.000022
1727 0.000022
1728 0.000023
1729 0.000021
1730 0.000022
1731 0.000021
1732 0.000023
1733 0.000024
1734 0.000024
1735 0.000022
1736 0.000024
1737 0.000025
1738 0.000025
1739 0.000024
1740 0.000022
1741 0.000023
1742 0.000023
1743 0.000023
1744 0.000022
1745 0.000023
1746 0.000021
1747 0.000023
1748 0.000022
1749 0.000020
1750 0.000020
1751 0.000022
1752 0.000022
1753 0.000020
1754 0.000021
1755 0.000022
1756 0.000023
1757 0.000023
1758 0.000023
1759 0.000021
1760 0.000019
1761 0.000020
1762 0.000018
1763 0.000020
1764 0.000019
1765 0.000019
1766 0.000020
1767 0.000018
1768 0.000018
1769 0.000017
1770 0.000018
1771 0.000016
1772 0.000019
1773 0.000020
1774 0.000020
1775 0.000020
1776 0.000019
1777 0.000018
1778 0.000018
1779 0.000017
1780 0.000019
1781 0.000019
1782 0.000017
1783 0.000019
1784 0.000018
1785 0.000018
1786 0.000019
1787 0.000019
1788 0.000016
1789 0.000018
1790 0.000017
1791 0.000018
1792 0.000017
1793 0.000017
1794 0.000017
1795 0.000016
1796 0.000017
1797 0.000017
1798 0.000018
1799 0.000017
1800 0.000018
1801 0.000017
1802 0.000018
1803 0.000016
1804 0.000016
1805 0.000017
1806 0.000017
1807 0.000018
1808 0.000016
1809 0.000018
1810 0.000018
1811 0.000016
1812 0.000016
1813 0.000018
1814 0.000016
1815 0.000017
1816 0.000017
1817 0.000016
1818 0.000018
1819 0.000018
1820 0.000014
1821 0.000017
1822 0.000016
1823 0.000016
1824 0.000016
1825 0.000015
1826 0.000016
1827 0.000014
1828 0.000016
1829 0.000016
1830 0.000015
1831 0.000014
1832 0.000015
1833 0.000014
1834 0.000014
1835 0.000015
1836 0.000015
1837 0.000015
1838 0.000015
1839 0.000015
1840 0.000013
1841 0.000015
1842 0.000015
1843 0.000015
1844 0.000012
1845 0.000014
1846 0.000013
1847 0.000014
1848 0.000013
1849 0.000013
1850 0.000013
1851 0.000012
1852 0.000013
1853 0.000011
1854 0.000013
1855 0.000012
1856 0.000013
1857 0.000013
1858 0.000011
1859 0.000013
1860 0.000013
1861 0.000011
1862 0.000011
1863 0.000011
1864 0.000011
1865 0.000011
1866 0.000010
1867 0.000011
1868 0.000010
1869 0.000010
1870 0.000010
1871 0.000010
1872 0.000010
1873 0.000011
1874 0.000010
1875 0.000010
1876 0.000009
1877 0.000009
1878 0.000009
1879 0.000009
1880 0.000009
1881 0.000009
1882 0.000009
1883 0.000009
1884 0.000009
1885 0.000009
1886 0.000008
1887 0.000008
1888 0.000009
1889 0.000009
1890 0.000009
1891 0.000009
1892 0.000009
1893 0.000009
1894 0.000007
1895 0.000009
1896 0.000009
1897 0.000008
1898 0.000008
1899 0.000008
1900 0.000009
1901 0.000008
1902 0.000008
1903 0.000008
1904 0.000008
1905 0.000008
1906 0.000008
1907 0.000008
1908 0.000008
1909 0.000008
1910 0.000009
1911 0.000008
1912 0.000009
1913 0.000009
1914 0.000009
1915 0.000008
1916 0.000008
1917 0.000008
1918 0.000008
1919 0.000008
1920 0.000009
1921 0.000008
1922 0.000008
1923 0.000008
1924 0.000007
1925 0.000007
1926 0.000008
1927 0.000007
1928 0.000008
1929 0.000008
1930 0.000007
1931 0.000008
1932 0.000007
1933 0.000007
1934 0.000008
1935 0.000007
1936 0.000007
1937 0.000007
1938 0.000008
1939 0.000007
1940 0.000007
1941 0.000007
1942 0.000007
1943 0.000007
1944 0.000007
1945 0.000006
1946 0.000007
1947 0.000007
1948 0.000007
1949 0.000007
1950 0.000007
1951 0.000007
1952 0.000007
1953 0.000007
1954 0.000006
1955 0.000007
1956 0.000007
1957 0.000006
1958 0.000006
1959 0.000006
1960 0.000006
1961 0.000007
1962 0.000006
1963 0.000006
1964 0.000006
1965 0.000006
1966 0.000006
1967 0.000006
1968 0.000006
1969 0.000006
1970 0.000006
1971 0.000006
1972 0.000006
1973 0.000006
1974 0.000006
1975 0.000006
1976 0.000005
1977 0.000006
1978 0.000006
1979 0.000006
1980 0.000005
1981 0.000006
1982 0.000005
1983 0.000005
1984 0.000006
1985 0.000005
1986 0.000005
1987 0.000005
1988 0.000005
1989 0.000005
1990 0.000005
1991 0.000005
1992 0.000005
1993 0.000005
1994 0.000005
1995 0.000005
1996 0.000005
1997 0.000005
1998 0.000005
1999 0.000005
2000 0.000005
2001 0.000005
2002 0.000005
2003 0.000005
2004 0.000005
2005 0.000005
2006 0.000005
2007 0.000005
2008 0.000005
2009 0.000005
2010 0.000005
2011 0.000005
2012 0.000005
2013 0.000005
2014 0.000005
2015 0.000005
2016 0.000005
2017 0.000005
2018 0.000005
2019 0.000005
2020 0.000005
2021 0.000005
2022 0.000005
2023 0.000004
2024 0.000005
2025 0.000005
2026 0.000004
2027 0.000005
2028 0.000005
2029 0.000005
2030 0.000005
2031 0.000004
2032 0.000005
2033 0.000005
2034 0.000004
2035 0.000005
2036 0.000004
2037 0.000005
2038 0.000004
2039 0.000005
2040 0.000004
2041 0.000005
2042 0.000004
2043 0.000004
2044 0.000004
2045 0.000004
2046 0.000004
2047 0.000004
2048 0.000004
2049 0.000004
2050 0.000004
2051 0.000004
2052 0.000004
2053 0.000004
2054 0.000004
2055 0.000004
2056 0.000004
2057 0.000004
2058 0.000004
2059 0.000004
2060 0.000004
2061 0.000004
2062 0.000004
2063 0.000004
2064 0.000003
2065 0.000004
2066 0.000003
2067 0.000004
2068 0.000004
2069 0.000003
2070 0.000003
2071 0.000004
2072 0.000003
2073 0.000003
2074 0.000004
2075 0.000003
2076 0.000003
2077 0.000003
2078 0.000004
2079 0.000003
2080 0.000004
2081 0.000004
2082 0.000003
2083 0.000004
2084 0.000004
2085 0.000003
2086 0.000004
2087 0.000004
2088 0.000003
2089 0.000004
2090 0.000004
2091 0.000004
2092 0.000004
2093 0.000003
2094 0.000003
2095 0.000004
2096 0.000004
2097 0.000003
2098 0.000003
2099 0.000003
2100 0.000003
2101 0.000003
2102 0.000003
2103 0.000004
2104 0.000004
2105 0.000003
2106 0.000003
2107 0.000003
2108 0.000003
2109 0.000003
2110 0.000003
2111 0.000003
2112 0.000004
2113 0.000003
2114 0.000003
2115 0.000003
2116 0.000003
2117 0.000003
2118 0.000003
2119 0.000003
2120 0.000003
2121 0.000003
2122 0.000003
2123 0.000003
2124 0.000003
2125 0.000003
2126 0.000003
2127 0.000003
2128 0.000003
2129 0.000003
2130 0.000003
2131 0.000003
2132 0.000003
2133 0.000003
2134 0.000003
2135 0.000003
2136 0.000003
2137 0.000003
2138 0.000003
2139 0.000003
2140 0.000003
2141 0.000002
2142 0.000003
2143 0.000003
2144 0.000003
2145 0.000003
2146 0.000003
2147 0.000002
2148 0.000002
2149 0.000002
2150 0.000002
2151 0.000002
2152 0.000002
2153 0.000002
2154 0.000002
2155 0.000002
2156 0.000002
2157 0.000002
2158 0.000002
2159 0.000002
2160 0.000002
2161 0.000002
2162 0.000002
2163 0.000002
2164 0.000002
2165 0.000002
2166 0.000002
2167 0.000002
2168 0.000002
2169 0.000002
2170 0.000002
2171 0.000002
2172 0.000002
2173 0.000002
2174 0.000002
2175 0.000002
2176 0.000002
2177 0.000002
2178 0.000002
2179 0.000002
2180 0.000002
2181 0.000002
2182 0.000002
2183 0.000002
2184 0.000002
2185 0.000002
2186 0.000002
2187 0.000002
2188 0.000002
2189 0.000002
2190 0.000002
2191 0.000002
2192 0.000002
2193 0.000002
2194 0.000002
2195 0.000002
2196 0.000002
2197 0.000002
2198 0.000002
2199 0.000002
2200 0.000002
2201 0.000002
2202 0.000002
2203 0.000002
2204 0.000002
2205 0.000002
2206 0.000002
2207 0.000001
2208 0.000002
2209 0.000002
2210 0.000002
2211 0.000002
2212 0.000002
2213 0.000002
2214 0.000002
2215 0.000002
2216 0.000002
2217 0.000002
2218 0.000002
2219 0.000002
2220 0.000002
2221 0.000002
2222 0.000001
2223 0.000002
2224 0.000002
2225 0.000002
2226 0.000002
2227 0.000001
2228 0.000002
2229 0.000002
2230 0.000001
2231 0.000002
2232 0.000001
2233 0.000001
2234 0.000001
2235 0.000001
2236 0.000002
2237 0.000001
2238 0.000002
2239 0.000002
2240 0.000001
2241 0.000001
2242 0.000001
2243 0.000001
2244 0.000001
2245 0.000001
2246 0.000001
2247 0.000001
2248 0.000001
2249 0.000001
2250 0.000001
2251 0.000001
2252 0.000001
2253 0.000001
2254 0.000001
2255 0.000001
2256 0.000001
2257 0.000001
2258 0.000001
2259 0.000001
2260 0.000001
2261 0.000001
2262 0.000001
2263 0.000001
2264 0.000001
2265 0.000001
2266 0.000001
2267 0.000001
2268 0.000001
2269 0.000001
2270 0.000001
2271 0.000001
2272 0.000001
2273 0.000001
2274 0.000001
2275 0.000001
2276 0.000001
2277 0.000001
2278 0.000001
2279 0.000001
2280 0.000001
2281 0.000001
2282 0.000001
2283 0.000001
2284 0.000001
2285 0.000001
2286 0.000001
2287 0.000001
2288 0.000001
2289 0.000001
2290 0.000001
2291 0.000001
2292 0.000001
2293 0.000001
2294 0.000001
2295 0.000001
2296 0.000001
2297 0.000001
2298 0.000001
2299 0.000001
2300 0.000001
2301 0.000001
2302 0.000001
2303 0.000001
2304 0.000001
2305 0.000001
2306 0.000001
2307 0.000001
2308 0.000001
2309 0.000001
2310 0.000001
2311 0.000001
2312 0.000001
2313 0.000001
2314 0.000001
2315 0.000001
2316 0.000001
2317 0.000001
2318 0.000001
2319 0.000001
2320 0.000001
2321 0.000001
2322 0.000001
2323 0.000001
2324 0.000001
2325 0.000001
2326 0.000001
2327 0.000001
2328 0.000001
2329 0.000001
2330 0.000001
2331 0.000001
2332 0.000001
2333 0.000001
2334 0.000001
2335 0.000001
2336 0.000001
2337 0.000001
2338 0.000001
2339 0.000001
2340 0.000001
2341 0.000001
2342 0.000001
2343 0.000001
2344 0.000001
2345 0.000001
2346 0.000001
2347 0.000001
2348 0.000001
2349 0.000001
2350 0.000001
2351 0.000001
2352 0.000001
2353 0.000001
2354 0.000001
2355 0.000001
2356 0.000001
2357 0.000001
2358 0.000001
2359 0.000001
2360 0.000001
2361 0.000001
2362 0.000001
2363 0.000001
2364 0.000001
2365 0.000001
2366 0.000001
2367 0.000001
2368 0.000001
2369 0.000001
2370 0.000001
2371 0.000001
2372 0.000001
2373 0.000001
2374 0.000001
2375 0.000001
2376 0.000001
2377 0.000001
2378 0.000001
2379 0.000001
2380 0.000001
2381 0.000001
2382 0.000001
2383 0.000001
2384 0.000001
2385 0.000001
2386 0.000001
2387 0.000001
2388 0.000001
2389 0.000001
2390 0.000001
2391 0.000001
2392 0.000001
2393 0.000001
2394 0.000001
2395 0.000001
2396 0.000001
2397 0.000001
2398 0.000001
2399 0.000001
2400 0.000001
2401 0.000001
2402 0.000001
2403 0.000001
2404 0.000001
2405 0.000001
2406 0.000001
2407 0.000001
2408 0.000001
2409 0.000001
2410 0.000001
2411 0.000001
2412 0.000001
2413 0.000001
2414 0.000001
2415 0.000001
2416 0.000001
2417 0.000001
2418 0.000001
2419 0.000001
2420 0.000001
2421 0.000001
2422 0.000000
2423 0.000001
2424 0.000001
2425 0.000001
2426 0.000001
2427 0.000001
2428 0.000001
2429 0.000001
2430 0.000001
2431 0.000001
2432 0.000001
2433 0.000001
2434 0.000000
2435 0.000001
2436 0.000000
2437 0.000001
2438 0.000000
2439 0.000001
2440 0.000001
2441 0.000000
2442 0.000000
2443 0.000001
2444 0.000000
2445 0.000001
2446 0.000000
2447 0.000001
2448 0.000001
2449 0.000000
2450 0.000000
2451 0.000001
2452 0.000001
2453 0.000000
2454 0.000000
2455 0.000000
2456 0.000000
2457 0.000000
2458 0.000000
2459 0.000000
2460 0.000000
2461 0.000000
2462 0.000000
2463 0.000000
2464 0.000000
2465 0.000000
2466 0.000000
2467 0.000000
2468 0.000000
2469 0.000000
2470 0.000000
2471 0.000000
2472 0.000000
2473 0.000000
2474 0.000000
2475 0.000000
2476 0.000000
2477 0.000000
2478 0.000000
2479 0.000000
2480 0.000000
2481 0.000000
2482 0.000000
2483 0.000000
2484 0.000000
2485 0.000000
2486 0.000000
2487 0.000000
2488 0.000000
2489 0.000000
2490 0.000000
2491 0.000000
2492 0.000000
2493 0.000000
2494 0.000000
2495 0.000000
2496 0.000000
2497 0.000000
2498 0.000000
2499 0.000000
2500 0.000000
2501 0.000000
2502 0.000000
2503 0.000000
2504 0.000000
2505 0.000000
2506 0.000000
2507 0.000000
2508 0.000000
2509 0.000000
2510 0.000000
2511 0.000000
2512 0.000000
2513 0.000000
2514 0.000000
2515 0.000000
2516 0.000000
2517 0.000000
2518 0.000000
2519 0.000000
2520 0.000000
2521 0.000000
2522 0.000000
2523 0.000000
2524 0.000000
2525 0.000000
2526 0.000000
2527 0.000000
2528 0.000000
2529 0.000000
2530 0.000000
2531 0.000000
2532 0.000000
2533 0.000000
2534 0.000000
2535 0.000000
2536 0.000000
2537 0.000000
2538 0.000000
2539 0.000000
2540 0.000000
2541 0.000000
2542 0.000000
2543 0.000000
2544 0.000000
2545 0.000000
2546 0.000000
2547 0.000000
2548 0.000000
2549 0.000000
2550 0.000000
2551 0.000000
2552 0.000000
2553 0.000000
2554 0.000000
2555 0.000000
2556 0.000000
2557 0.000000
2558 0.000000
2559 0.000000
2560 0.000000
2561 0.000000
2562 0.000000
2563 0.000000
2564 0.000000
2565 0.000000
2566 0.000000
2567 0.000000
2568 0.000000
2569 0.000000
2570 0.000000
2571 0.000000
2572 0.000000
2573 0.000000
2574 0.000000
2575 0.000000
2576 0.000000
2577 0.000000
2578 0.000000
2579 0.000000
2580 0.000000
2581 0.000000
2582 0.000000
2583 0.000000
2584 0.000000
2585 0.000000
2586 0.000000
2587 0.000000
2588 0.000000
2589 0.000000
2590 0.000000
2591 0.000000
2592 0.000000
2593 0.000000
2594 0.000000
2595 0.000000
2596 0.000000
2597 0.000000
2598 0.000000
2599 0.000000
2600 0.000000
2601 0.000000
2602 0.000000
2603 0.000000
2604 0.000000
2605 0.000000
2606 0.000000
2607 0.000000
2608 0.000000
2609 0.000000
2610 0.000000
2611 0.000000
2612 0.000000
2613 0.000000
2614 0.000000
2615 0.000000
2616 0.000000
2617 0.000000
2618 0.000000
2619 0.000000
2620 0.000000
2621 0.000000
2622 0.000000
2623 0.000000
2624 0.000000
2625 0.000000
2626 0.000000
2627 0.000000
2628 0.000000
2629 0.000000
2630 0.000000
2631 0.000000
2632 0.000000
2633 0.000000
2634 0.000000
2635 0.000000
2636 0.000000
2637 0.000000
2638 0.000000
2639 0.000000
2640 0.000000
2641 0.000000
2642 0.000000
2643 0.000000
2644 0.000000
2645 0.000000
2646 0.000000
2647 0.000000
2648 0.000000
2649 0.000000
2650 0.000000
2651 0.000000
2652 0.000000
2653 0.000000
2654 0.000000
2655 0.000000
2656 0.000000
2657 0.000000
2658 0.000000
2659 0.000000
2660 0.000000
2661 0.000000
2662 0.000000
2663 0.000000
2664 0.000000
2665 0.000000
2666 0.000000
2667 0.000000
2668 0.000000
2669 0.000000
2670 0.000000
2671 0.000000
2672 0.000000
2673 0.000000
2674 0.000000
2675 0.000000
2676 0.000000
2677 0.000000
2678 0.000000
2679 0.000000
2680 0.000000
2681 0.000000
2682 0.000000
2683 0.000000
2684 0.000000
2685 0.000000
2686 0.000000
2687 0.000000
2688 0.000000
2689 0.000000
2690 0.000000
2691 0.000000
2692 0.000000
2693 0.000000
2694 0.000000
2695 0.000000
2696 0.000000
2697 0.000000
2698 0.000000
2699 0.000000
2700 0.000000
2701 0.000000
2702 0.000000
2703 0.000000
2704 0.000000
2705 0.000000
2706 0.000000
2707 0.000000
2708 0.000000
2709 0.000000
2710 0.000000
2711 0.000000
2712 0.000000
2713 0.000000
2714 0.000000
2715 0.000000
2716 0.000000
2717 0.000000
2718 0.000000
2719 0.000000
2720 0.000000
2721 0.000000
2722 0.000000
2723 0.000000
2724 0.000000
2725 0.000000
2726 0.000000
2727 0.000000
2728 0.000000
2729 0.000000
2730 0.000000
2731 0.000000
2732 0.000000
2733 0.000000
2734 0.000000
2735 0.000000
2736 0.000000
2737 0.000000
2738 0.000000
2739 0.000000
2740 0.000000
2741 0.000000
2742 0.000000
2743 0.000000
2744 0.000000
2745 0.000000
2746 0.000000
2747 0.000000
2748 0.000000
2749 0.000000
2750 0.000000
2751 0.000000
2752 0.000000
2753 0.000000
2754 0.000000
2755 0.000000
2756 0.000000
2757 0.000000
2758 0.000000
2759 0.000000
2760 0.000000
2761 0.000000
2762 0.000000
2763 0.000000
2764 0.000000
2765 0.000000
2766 0.000000
2767 0.000000
2768 0.000000
2769 0.000000
2770 0.000000
2771 0.000000
2772 0.000000
2773 0.000000
2774 0.000000
2775 0.000000
2776 0.000000
2777 0.000000
2778 0.000000
2779 0.000000
2780 0.000000
2781 0.000000
2782 0.000000
2783 0.000000
2784 0.000000
2785 0.000000
2786 0.000000
2787 0.000000
2788 0.000000
2789 0.000000
2790 0.000000
2791 0.000000
2792 0.000000
2793 0.000000
2794 0.000000
2795 0.000000
2796 0.000000
2797 0.000000
2798 0.000000
2799 0.000000
2800 0.000000
2801 0.000000
2802 0.000000
2803 0.000000
2804 0.000000
2805 0.000000
2806 0.000000
2807 0.000000
2808 0.000000
2809 0.000000
2810 0.000000
2811 0.000000
2812 0.000000
2813 0.000000
2814 0.000000
2815 0.000000
2816 0.000000
2817 0.000000
2818 0.000000
2819 0.000000
2820 0.000000
2821 0.000000
2822 0.000000
2823 0.000000
2824 0.000000
2825 0.000000
2826 0.000000
2827 0.000000
2828 0.000000
2829 0.000000
2830 0.000000
2831 0.000000
2832 0.000000
2833 0.000000
2834 0.000000
2835 0.000000
2836 0.000000
2837 0.000000
2838 0.000000
2839 0.000000
2840 0.000000
2841 0.000000
2842 0.000000
2843 0.000000
2844 0.000000
2845 0.000000
2846 0.000000
2847 0.000000
2848 0.000000
2849 0.000000
2850 0.000000
2851 0.000000
2852 0.000000
2853 0.000000
2854 0.000000
2855 0.000000
2856 0.000000
2857 0.000000
2858 0.000000
2859 0.000000
2860 0.000000
2861 0.000000
2862 0.000000
2863 0.000000
2864 0.000000
2865 0.000000
2866 0.000000
2867 0.000000
2868 0.000000
2869 0.000000
2870 0.000000
2871 0.000000
2872 0.000000
2873 0.000000
2874 0.000000
2875 0.000000
2876 0.000000
2877 0.000000
2878 0.000000
2879 0.000000
2880 0.000000
2881 0.000000
2882 0.000000
2883 0.000000
2884 0.000000
2885 0.000000
2886 0.000000
2887 0.000000
2888 0.000000
2889 0.000000
2890 0.000000
2891 0.000000
2892 0.000000
2893 0.000000
2894 0.000000
2895 0.000000
2896 0.000000
2897 0.000000
2898 0.000000
2899 0.000000
2900 0.000000
2901 0.000000
2902 0.000000
2903 0.000000
2904 0.000000
2905 0.000000
2906 0.000000
2907 0.000000
2908 0.000000
2909 0.000000
2910 0.000000
2911 0.000000
2912 0.000000
2913 0.000000
2914 0.000000
2915 0.000000
2916 0.000000
2917 0.000000
2918 0.000000
2919 0.000000
2920 0.000000
2921 0.000000
2922 0.000000
2923 0.000000
2924 0.000000
2925 0.000000
2926 0.000000
2927 0.000000
2928 0.000000
2929 0.000000
2930 0.000000
2931 0.000000
2932 0.000000
2933 0.000000
2934 0.000000
2935 0.000000
2936 0.000000
2937 0.000000
2938 0.000000
2939 0.000000
2940 0.000000
2941 0.000000
2942 0.000000
2943 0.000000
2944 0.000000
2945 0.000000
2946 0.000000
2947 0.000000
2948 0.000000
2949 0.000000
2950 0.000000
2951 0.000000
2952 0.000000
2953 0.000000
2954 0.000000
2955 0.000000
2956 0.000000
2957 0.000000
2958 0.000000
2959 0.000000
2960 0.000000
2961 0.000000
2962 0.000000
2963 0.000000
2964 0.000000
2965 0.000000
2966 0.000000
2967 0.000000
2968 0.000000
2969 0.000000
2970 0.000000
2971 0.000000
2972 0.000000
2973 0.000000
2974 0.000000
2975 0.000000
2976 0.000000
2977 0.000000
2978 0.000000
2979 0.000000
2980 0.000000
2981 0.000000
2982 0.000000
2983 0.000000
2984 0.000000
2985 0.000000
2986 0.000000
2987 0.000000
2988 0.000000
2989 0.000000
2990 0.000000
2991 0.000000
2992 0.000000
2993 0.000000
2994 0.000000
2995 0.000000
2996 0.000000
2997 0.000000
2998 0.000000
2999 0.000000
3000 0.000000
3001 0.000000
3002 0.000000
3003