#ite residual of mtx/Queen_4147.mtx
1 1.003418
2 1.066994
3 1.067004
4 1.045483
5 1.047773
6 1.047773
7 1.189705
8 1.189707
9 1.189707
10 1.189717
11 1.189717
12 1.189717
13 1.137606
14 1.137588
15 1.137588
16 1.139242
17 1.139253
18 1.139253
19 1.138899
20 1.138899
21 1.138899
22 1.138899
23 1.139255
24 1.139267
25 1.139267
26 1.139280
27 1.092678
28 1.092630
29 1.092630
30 1.092629
31 1.096380
32 1.096453
33 1.096453
34 1.096453
35 1.096464
36 1.096463
37 1.096463
38 1.096463
39 1.096463
40 1.096400
41 1.096402
42 1.096402
43 1.096402
44 1.096387
45 1.096387
46 1.096387
47 1.096387
48 1.096386
49 1.096386
50 1.096386
51 1.096386
52 1.096386
53 1.096387
54 1.096387
55 1.096387
56 1.096387
57 1.096397
58 1.097610
59 1.097617
60 1.097617
61 1.097617
62 1.097369
63 1.097373
64 1.097373
65 1.097373
66 1.097373
67 1.097425
68 1.097425
69 1.097425
70 1.097425
71 1.097425
72 1.097426
73 1.097426
74 1.097426
75 1.097426
76 1.097426
77 1.097426
78 1.097426
79 1.097420
80 1.097420
81 1.097420
82 1.097420
83 1.097420
84 1.097420
85 1.097420
86 1.097420
87 1.097408
88 1.097445
89 1.097444
90 1.097444
91 1.097444
92 1.097444
93 1.097444
94 1.097444
95 1.097443
96 1.097465
97 1.097594
98 1.097595
99 1.097595
100 1.097595
101 1.097595
102 1.097595
103 1.097595
104 1.097595
105 1.097576
106 1.097576
107 1.097576
108 1.097576
109 1.097576
110 1.097576
111 1.097576
112 1.097576
113 1.097576
114 1.097576
115 1.097572
116 1.097572
117 1.097572
118 1.097572
119 1.097572
120 1.097572
121 1.097572
122 1.097573
123 1.097579
124 1.098253
125 1.098246
126 1.098246
127 1.098246
128 1.098246
129 1.098246
130 1.098246
131 1.098245
132 1.098272
133 1.098334
134 1.098336
135 1.098336
136 1.098336
137 1.098336
138 1.098336
139 1.098335
140 1.098228
141 1.097968
142 1.097969
143 1.097969
144 1.097969
145 1.097969
146 1.097969
147 1.097969
148 1.097969
149 1.097969
150 1.097969
151 1.097969
152 1.097969
153 1.097969
154 1.097969
155 1.097969
156 1.097969
157 1.097969
158 1.097969
159 1.097962
160 1.097734
161 1.097712
162 1.097712
163 1.097712
164 1.097712
165 1.097712
166 1.097712
167 1.097712
168 1.097697
169 1.097667
170 1.097667
171 1.097667
172 1.097667
173 1.097667
174 1.097667
175 1.097666
176 1.097704
177 1.099831
178 1.103296
179 1.103272
180 1.103272
181 1.103272
182 1.103272
183 1.103272
184 1.103272
185 1.103272
186 1.103253
187 1.103240
188 1.103240
189 1.103240
190 1.103240
191 1.103240
192 1.103240
193 1.103240
194 1.103240
195 1.103232
196 1.104379
197 1.104466
198 1.104468
199 1.104468
200 1.104468
201 1.104468
202 1.104468
203 1.104465
204 1.104334
205 1.104290
206 1.104290
207 1.104290
208 1.104290
209 1.104290
210 1.104290
211 1.104289
212 1.104366
213 1.101290
214 1.104647
215 1.104593
216 1.104594
217 1.104594
218 1.104594
219 1.104594
220 1.104594
221 1.104590
222 1.104448
223 1.104431
224 1.104431
225 1.104431
226 1.104431
227 1.104431
228 1.104431
229 1.104431
230 1.104431
231 1.104431
232 1.104431
233 1.104431
234 1.104431
235 1.104431
236 1.104431
237 1.104431
238 1.104431
239 1.104431
240 1.104430
241 1.104430
242 1.104430
243 1.104430
244 1.104430
245 1.104430
246 1.104430
247 1.104430
248 1.104430
249 1.104429
250 1.104536
251 1.104601
252 1.104601
253 1.104601
254 1.104601
255 1.104601
256 1.104601
257 1.104598
258 1.104669
259 1.104631
260 1.104632
261 1.104632
262 1.104632
263 1.104632
264 1.104632
265 1.104632
266 1.104632
267 1.104662
268 1.104779
269 1.104778
270 1.104778
271 1.104778
272 1.104778
273 1.104778
274 1.104778
275 1.104778
276 1.104777
277 1.104777
278 1.104777
279 1.104777
280 1.104777
281 1.104777
282 1.104777
283 1.104777
284 1.104777
285 1.104776
286 1.104894
287 1.104897
288 1.104897
289 1.104897
290 1.104897
291 1.104897
292 1.104897
293 1.104897
294 1.104894
295 1.104889
296 1.104889
297 1.104889
298 1.104889
299 1.104889
300 1.104889
301 1.104889
302 1.104901
303 1.105175
304 1.105236
305 1.105235
306 1.105235
307 1.105235
308 1.105235
309 1.105235
310 1.105235
311 1.105235
312 1.105235
313 1.105235
314 1.105235
315 1.105235
316 1.105235
317 1.105235
318 1.105235
319 1.105235
320 1.105235
321 1.105234
322 1.105234
323 1.105234
324 1.105234
325 1.105234
326 1.105234
327 1.105234
328 1.105234
329 1.105234
330 1.105234
331 1.105234
332 1.105234
333 1.105234
334 1.105234
335 1.105234
336 1.105234
337 1.105234
338 1.105234
339 1.105225
340 1.104979
341 1.104961
342 1.104961
343 1.104961
344 1.104961
345 1.104961
346 1.104962
347 1.104961
348 1.104930
349 1.104923
350 1.104923
351 1.104923
352 1.104923
353 1.104923
354 1.104923
355 1.104923
356 1.104957
357 1.105422
358 1.105482
359 1.105481
360 1.105481
361 1.105481
362 1.105481
363 1.105481
364 1.105481
365 1.105480
366 1.105473
367 1.105472
368 1.105472
369 1.105472
370 1.105472
371 1.105472
372 1.105472
373 1.105472
374 1.105473
375 1.105487
376 1.105523
377 1.105523
378 1.105523
379 1.105523
380 1.105523
381 1.105523
382 1.105523
383 1.105519
384 1.105519
385 1.105519
386 1.105519
387 1.105519
388 1.105519
389 1.105519
390 1.105519
391 1.105519
392 1.105554
393 1.107517
394 1.109348
395 1.109337
396 1.109338
397 1.109338
398 1.109338
399 1.109336
400 1.109415
401 1.105570
402 1.106024
403 1.106012
404 1.106012
405 1.106012
406 1.106012
407 1.106012
408 1.106012
409 1.106012
410 1.106018
411 1.106107
412 1.106112
413 1.106112
414 1.106112
415 1.106112
416 1.106112
417 1.106112
418 1.106102
419 1.105831
420 1.105833
421 1.105833
422 1.105833
423 1.105833
424 1.105833
425 1.105833
426 1.105833
427 1.105833
428 1.105833
429 1.105834
430 1.105834
431 1.105834
432 1.105834
433 1.105834
434 1.105834
435 1.105834
436 1.105835
437 1.105774
438 1.105667
439 1.105665
440 1.105665
441 1.105665
442 1.105665
443 1.105665
444 1.105665
445 1.105664
446 1.105758
447 1.105766
448 1.105766
449 1.105766
450 1.105766
451 1.105766
452 1.105767
453 1.105764
454 1.106028
455 1.108307
456 1.108365
457 1.108365
458 1.108365
459 1.108365
460 1.108365
461 1.108365
462 1.108365
463 1.108365
464 1.108379
465 1.108379
466 1.108379
467 1.108379
468 1.108379
469 1.108379
470 1.108379
471 1.108379
472 1.108379
473 1.108391
474 1.108393
475 1.108393
476 1.108393
477 1.108393
478 1.108393
479 1.108393
480 1.108393
481 1.108395
482 1.108397
483 1.108397
484 1.108397
485 1.108397
486 1.108397
487 1.108397
488 1.108397
489 1.108396
490 1.108484
491 1.109516
492 1.109644
493 1.109642
494 1.109642
495 1.109642
496 1.109642
497 1.109642
498 1.109653
499 1.110203
500 1.110256
501 1.110255
502 1.110255
503 1.110255
504 1.110255
505 1.110255
506 1.110255
507 1.110255
508 1.110252
509 1.110216
510 1.110216
511 1.110216
512 1.110216
513 1.110216
514 1.110216
515 1.110216
516 1.110218
517 1.110224
518 1.110224
519 1.110224
520 1.110224
521 1.110224
522 1.110224
523 1.110224
524 1.110224
525 1.110224
526 1.110224
527 1.110223
528 1.110223
529 1.110223
530 1.110223
531 1.110223
532 1.110223
533 1.110223
534 1.110223
535 1.110198
536 1.110193
537 1.110193
538 1.110193
539 1.110193
540 1.110193
541 1.110193
542 1.110193
543 1.110193
544 1.110169
545 1.110126
546 1.110127
547 1.110127
548 1.110127
549 1.110127
550 1.110127
551 1.110126
552 1.110161
553 1.110134
554 1.110210
555 1.110209
556 1.110209
557 1.110209
558 1.110209
559 1.110209
560 1.110209
561 1.110209
562 1.110205
563 1.110204
564 1.110204
565 1.110204
566 1.110204
567 1.110204
568 1.110204
569 1.110204
570 1.110204
571 1.110212
572 1.110214
573 1.110214
574 1.110214
575 1.110214
576 1.110214
577 1.110214
578 1.110214
579 1.110214
580 1.110211
581 1.110211
582 1.110211
583 1.110211
584 1.110211
585 1.110211
586 1.110211
587 1.110211
588 1.110221
589 1.109460
590 1.111028
591 1.110851
592 1.110854
593 1.110854
594 1.110854
595 1.110854
596 1.110860
597 1.109941
598 1.105286
599 1.105170
600 1.105172
601 1.105172
602 1.105172
603 1.105172
604 1.105172
605 1.105169
606 1.105206
607 1.100538
608 1.100595
609 1.100593
610 1.100593
611 1.100593
612 1.100593
613 1.100593
614 1.100593
615 1.100519
616 1.100460
617 1.100460
618 1.100460
619 1.100460
620 1.100460
621 1.100460
622 1.100460
623 1.100460
624 1.100460
625 1.100461
626 1.100466
627 1.100466
628 1.100466
629 1.100466
630 1.100466
631 1.100466
632 1.100466
633 1.100455
634 1.100423
635 1.100423
636 1.100423
637 1.100423
638 1.100423
639 1.100423
640 1.100423
641 1.100423
642 1.100427
643 1.100757
644 1.100852
645 1.100851
646 1.100851
647 1.100851
648 1.100851
649 1.100851
650 1.100863
651 1.101075
652 1.104701
653 1.104658
654 1.104659
655 1.104659
656 1.104659
657 1.104659
658 1.104659
659 1.104659
660 1.104660
661 1.104669
662 1.104669
663 1.104669
664 1.104669
665 1.104669
666 1.104669
667 1.104669
668 1.104670
669 1.104709
670 1.104752
671 1.104751
672 1.104751
673 1.104751
674 1.104751
675 1.104751
676 1.104751
677 1.104751
678 1.104752
679 1.104756
680 1.104756
681 1.104756
682 1.104756
683 1.104756
684 1.104756
685 1.104756
686 1.104758
687 1.104649
688 1.105079
689 1.104896
690 1.104900
691 1.104900
692 1.104900
693 1.104900
694 1.104900
695 1.104899
696 1.105049
697 1.105092
698 1.105093
699 1.105093
700 1.105093
701 1.105093
702 1.105093
703 1.105093
704 1.105104
705 1.103887
706 1.103860
707 1.103859
708 1.103859
709 1.103859
710 1.103859
711 1.103859
712 1.103859
713 1.103859
714 1.103862
715 1.103862
716 1.103862
717 1.103862
718 1.103862
719 1.103862
720 1.103862
721 1.103862
722 1.103862
723 1.103862
724 1.103863
725 1.103863
726 1.103863
727 1.103863
728 1.103863
729 1.103863
730 1.103863
731 1.103863
732 1.103863
733 1.103863
734 1.103863
735 1.103863
736 1.103863
737 1.103863
738 1.103863
739 1.103863
740 1.103863
741 1.103868
742 1.103886
743 1.103887
744 1.103887
745 1.103887
746 1.103887
747 1.103887
748 1.103887
749 1.103896
750 1.103309
751 1.103321
752 1.103319
753 1.103319
754 1.103319
755 1.103319
756 1.103319
757 1.103319
758 1.103319
759 1.103335
760 1.103337
761 1.103337
762 1.103337
763 1.103337
764 1.103337
765 1.103337
766 1.103337
767 1.103407
768 1.103431
769 1.103431
770 1.103431
771 1.103431
772 1.103431
773 1.103431
774 1.103431
775 1.103431
776 1.103431
777 1.103432
778 1.103432
779 1.103432
780 1.103432
781 1.103432
782 1.103432
783 1.103432
784 1.103432
785 1.103439
786 1.102279
787 1.102091
788 1.102088
789 1.102088
790 1.102088
791 1.102088
792 1.102088
793 1.102089
794 1.102107
795 1.102189
796 1.102188
797 1.102188
798 1.102188
799 1.102188
800 1.102188
801 1.102189
802 1.102156
803 1.104458
804 1.105408
805 1.105452
806 1.105451
807 1.105452
808 1.105452
809 1.105452
810 1.105451
811 1.105455
812 1.105517
813 1.105532
814 1.105532
815 1.105532
816 1.105532
817 1.105532
818 1.105532
819 1.105532
820 1.105532
821 1.105532
822 1.105521
823 1.105521
824 1.105521
825 1.105521
826 1.105521
827 1.105521
828 1.105521
829 1.105521
830 1.105520
831 1.105520
832 1.105520
833 1.105520
834 1.105520
835 1.105520
836 1.105520
837 1.105520
838 1.105519
839 1.105523
840 1.105403
841 1.105405
842 1.105405
843 1.105405
844 1.105405
845 1.105405
846 1.105403
847 1.105514
848 1.102376
849 1.102892
850 1.102879
851 1.102880
852 1.102880
853 1.102880
854 1.102880
855 1.102880
856 1.102866
857 1.102166
858 1.101980
859 1.101982
860 1.101982
861 1.101982
862 1.101982
863 1.101982
864 1.101933
865 1.099349
866 1.098974
867 1.098977
868 1.098977
869 1.098977
870 1.098977
871 1.098977
872 1.098977
873 1.098977
874 1.098977
875 1.098976
876 1.098976
877 1.098976
878 1.098976
879 1.098976
880 1.098976
881 1.098976
882 1.098975
883 1.099017
884 1.100485
885 1.100587
886 1.100586
887 1.100586
888 1.100586
889 1.100586
890 1.100586
891 1.100586
892 1.100525
893 1.100519
894 1.100519
895 1.100519
896 1.100519
897 1.100519
898 1.100519
899 1.100521
900 1.100407
901 1.103087
902 1.102965
903 1.102970
904 1.102970
905 1.102970
906 1.102970
907 1.102970
908 1.102970
909 1.102971
910 1.102949
911 1.102949
912 1.102949
913 1.102949
914 1.102949
915 1.102949
916 1.102949
917 1.102949
918 1.102949
919 1.102950
920 1.102953
921 1.102953
922 1.102953
923 1.102953
924 1.102953
925 1.102953
926 1.102953
927 1.102953
928 1.102953
929 1.102953
930 1.102953
931 1.102953
932 1.102953
933 1.102953
934 1.102953
935 1.102953
936 1.102953
937 1.102956
938 1.102957
939 1.102957
940 1.102957
941 1.102957
942 1.102957
943 1.102957
944 1.102956
945 1.102959
946 1.102584
947 1.102587
948 1.102587
949 1.102587
950 1.102587
951 1.102587
952 1.102587
953 1.102587
954 1.102580
955 1.102710
956 1.102706
957 1.102706
958 1.102706
959 1.102706
960 1.102706
961 1.102707
962 1.102625
963 1.101726
964 1.101684
965 1.101685
966 1.101685
967 1.101685
968 1.101685
969 1.101685
970 1.101685
971 1.101685
972 1.101685
973 1.101685
974 1.101685
975 1.101685
976 1.101685
977 1.101685
978 1.101685
979 1.101685
980 1.101685
981 1.101663
982 1.101660
983 1.101660
984 1.101660
985 1.101660
986 1.101660
987 1.101660
988 1.101660
989 1.101661
990 1.101662
991 1.101662
992 1.101662
993 1.101662
994 1.101662
995 1.101662
996 1.101662
997 1.101664
998 1.101549
999 1.108876
1000 1.108843
1001 1.108856
1002 1.108856
1003 1.108856
1004 1.108856
1005 1.108857
1006 1.108772
1007 1.112083
1008 1.111991
1009 1.111994
1010 1.111994
1011 1.111994
1012 1.111994
1013 1.111994
1014 1.111993
1015 1.111999
1016 1.111013
1017 1.110864
1018 1.110862
1019 1.110862
1020 1.110862
1021 1.110862
1022 1.110862
1023 1.110863
1024 1.110862
1025 1.110887
1026 1.110887
1027 1.110887
1028 1.110887
1029 1.110887
1030 1.110887
1031 1.110887
1032 1.110887
1033 1.110887
1034 1.110884
1035 1.110884
1036 1.110884
1037 1.110884
1038 1.110884
1039 1.110884
1040 1.110884
1041 1.110885
1042 1.110953
1043 1.111195
1044 1.111194
1045 1.111194
1046 1.111194
1047 1.111194
1048 1.111194
1049 1.111194
1050 1.111193
1051 1.111185
1052 1.111102
1053 1.111103
1054 1.111103
1055 1.111103
1056 1.111103
1057 1.111103
1058 1.111099
1059 1.111394
1060 1.121689
1061 1.124561
1062 1.124541
1063 1.124541
1064 1.124541
1065 1.124541
1066 1.124541
1067 1.124541
1068 1.124527
1069 1.124442
1070 1.124437
1071 1.124437
1072 1.124437
1073 1.124437
1074 1.124437
1075 1.124437
1076 1.124437
1077 1.124493
1078 1.124781
1079 1.124785
1080 1.124785
1081 1.124785
1082 1.124785
1083 1.124785
1084 1.124785
1085 1.124785
1086 1.124781
1087 1.124781
1088 1.124781
1089 1.124781
1090 1.124781
1091 1.124781
1092 1.124781
1093 1.124781
1094 1.124779
1095 1.124993
1096 1.127674
1097 1.127830
1098 1.127828
1099 1.127828
1100 1.127828
1101 1.127828
1102 1.127819
1103 1.128419
1104 1.129635
1105 1.129763
1106 1.129761
1107 1.129761
1108 1.129761
1109 1.129761
1110 1.129761
1111 1.129763
1112 1.129765
1113 1.136214
1114 1.136176
1115 1.136177
1116 1.136177
1117 1.136177
1118 1.136177
1119 1.136178
1120 1.136146
1121 1.135902
1122 1.135876
1123 1.135876
1124 1.135876
1125 1.135876
1126 1.135876
1127 1.135876
1128 1.135876
1129 1.135876
1130 1.135876
1131 1.135876
1132 1.135876
1133 1.135876
1134 1.135876
1135 1.135876
1136 1.135876
1137 1.135876
1138 1.135876
1139 1.135875
1140 1.135875
1141 1.135875
1142 1.135875
1143 1.135875
1144 1.135875
1145 1.135875
1146 1.135875
1147 1.135875
1148 1.135875
1149 1.135875
1150 1.135875
1151 1.135875
1152 1.135875
1153 1.135875
1154 1.135875
1155 1.135875
1156 1.135874
1157 1.135858
1158 1.135856
1159 1.135856
1160 1.135856
1161 1.135856
1162 1.135856
1163 1.135856
1164 1.135853
1165 1.135941
1166 1.135940
1167 1.135940
1168 1.135940
1169 1.135940
1170 1.135940
1171 1.135940
1172 1.135940
1173 1.135928
1174 1.135896
1175 1.135897
1176 1.135897
1177 1.135897
1178 1.135897
1179 1.135897
1180 1.135896
1181 1.135867
1182 1.135861
1183 1.135862
1184 1.135862
1185 1.135862
1186 1.135862
1187 1.135862
1188 1.135862
1189 1.135862
1190 1.135861
1191 1.135861
1192 1.135861
1193 1.135861
1194 1.135861
1195 1.135861
1196 1.135861
1197 1.135861
1198 1.135861
1199 1.135872
1200 1.135872
1201 1.135872
1202 1.135872
1203 1.135872
1204 1.135872
1205 1.135872
1206 1.135876
1207 1.135897
1208 1.135897
1209 1.135897
1210 1.135897
1211 1.135897
1212 1.135897
1213 1.135897
1214 1.135897
1215 1.135931
1216 1.135931
1217 1.135931
1218 1.135931
1219 1.135931
1220 1.135931
1221 1.135931
1222 1.135923
1223 1.136321
1224 1.136301
1225 1.136301
1226 1.136301
1227 1.136301
1228 1.136301
1229 1.136301
1230 1.136301
1231 1.136306
1232 1.136308
1233 1.136308
1234 1.136308
1235 1.136308
1236 1.136308
1237 1.136308
1238 1.136308
1239 1.136308
1240 1.136308
1241 1.136308
1242 1.136308
1243 1.136308
1244 1.136308
1245 1.136308
1246 1.136308
1247 1.136309
1248 1.136311
1249 1.136311
1250 1.136311
1251 1.136311
1252 1.136311
1253 1.136311
1254 1.136311
1255 1.136311
1256 1.136310
1257 1.136310
1258 1.136310
1259 1.136310
1260 1.136310
1261 1.136310
1262 1.136310
1263 1.136310
1264 1.136309
1265 1.136311
1266 1.136288
1267 1.136288
1268 1.136288
1269 1.136288
1270 1.136288
1271 1.136289
1272 1.136231
1273 1.135829
1274 1.135825
1275 1.135825
1276 1.135825
1277 1.135825
1278 1.135825
1279 1.135825
1280 1.135821
1281 1.136175
1282 1.136213
1283 1.136214
1284 1.136214
1285 1.136214
1286 1.136214
1287 1.136215
1288 1.136141
1289 1.135826
1290 1.135806
1291 1.135806
1292 1.135806
1293 1.135806
1294 1.135806
1295 1.135806
1296 1.135806
1297 1.135807
1298 1.135808
1299 1.135808
1300 1.135808
1301 1.135808
1302 1.135808
1303 1.135808
1304 1.135808
1305 1.135808
1306 1.135784
1307 1.135783
1308 1.135783
1309 1.135783
1310 1.135783
1311 1.135783
1312 1.135783
1313 1.135784
1314 1.135782
1315 1.135782
1316 1.135782
1317 1.135782
1318 1.135782
1319 1.135782
1320 1.135782
1321 1.135782
1322 1.135715
1323 1.135701
1324 1.135700
1325 1.135700
1326 1.135700
1327 1.135700
1328 1.135700
1329 1.135713
1330 1.134576
1331 1.134708
1332 1.134695
1333 1.134696
1334 1.134696
1335 1.134696
1336 1.134696
1337 1.134696
1338 1.134642
1339 1.134619
1340 1.134618
1341 1.134618
1342 1.134618
1343 1.134618
1344 1.134618
1345 1.134618
1346 1.134610
1347 1.134442
1348 1.134436
1349 1.134436
1350 1.134436
1351 1.134436
1352 1.134436
1353 1.134436
1354 1.134425
1355 1.134409
1356 1.134409
1357 1.134409
1358 1.134409
1359 1.134409
1360 1.134409
1361 1.134409
1362 1.134409
1363 1.134409
1364 1.134409
1365 1.134409
1366 1.134409
1367 1.134409
1368 1.134409
1369 1.134409
1370 1.134409
1371 1.134409
1372 1.134409
1373 1.134409
1374 1.134409
1375 1.134409
1376 1.134409
1377 1.134409
1378 1.134409
1379 1.134409
1380 1.134409
1381 1.134409
1382 1.134409
1383 1.134409
1384 1.134409
1385 1.134409
1386 1.134409
1387 1.134409
1388 1.134408
1389 1.134408
1390 1.134408
1391 1.134408
1392 1.134408
1393 1.134408
1394 1.134408
1395 1.134409
1396 1.134400
1397 1.134401
1398 1.134401
1399 1.134401
1400 1.134401
1401 1.134401
1402 1.134401
1403 1.134401
1404 1.134400
1405 1.134400
1406 1.134400
1407 1.134400
1408 1.134400
1409 1.134400
1410 1.134400
1411 1.134400
1412 1.134401
1413 1.134402
1414 1.134402
1415 1.134402
1416 1.134402
1417 1.134402
1418 1.134402
1419 1.134402
1420 1.134402
1421 1.134402
1422 1.134402
1423 1.134402
1424 1.134402
1425 1.134402
1426 1.134402
1427 1.134402
1428 1.134402
1429 1.134402
1430 1.134402
1431 1.134402
1432 1.134402
1433 1.134402
1434 1.134402
1435 1.134402
1436 1.134402
1437 1.134402
1438 1.134402
1439 1.134401
1440 1.134401
1441 1.134401
1442 1.134401
1443 1.134401
1444 1.134401
1445 1.134401
1446 1.134401
1447 1.134401
1448 1.134401
1449 1.134401
1450 1.134401
1451 1.134401
1452 1.134401
1453 1.134401
1454 1.134401
1455 1.134401
1456 1.134399
1457 1.134399
1458 1.134399
1459 1.134399
1460 1.134399
1461 1.134399
1462 1.134399
1463 1.134400
1464 1.134405
1465 1.134417
1466 1.134417
1467 1.134417
1468 1.134417
1469 1.134417
1470 1.134417
1471 1.134417
1472 1.134417
1473 1.134417
1474 1.134416
1475 1.134416
1476 1.134416
1477 1.134416
1478 1.134416
1479 1.134416
1480 1.134416
1481 1.134416
1482 1.134416
1483 1.134416
1484 1.134416
1485 1.134416
1486 1.134416
1487 1.134416
1488 1.134416
1489 1.134416
1490 1.134416
1491 1.134416
1492 1.134416
1493 1.134416
1494 1.134416
1495 1.134416
1496 1.134416
1497 1.134416
1498 1.134416
1499 1.134416
1500 1.134416
1501 1.134416
1502 1.134416
1503 1.134416
1504 1.134416
1505 1.134416
1506 1.134416
1507 1.134416
1508 1.134416
1509 1.134416
1510 1.134416
1511 1.134416
1512 1.134416
1513 1.134416
1514 1.134416
1515 1.134416
1516 1.134416
1517 1.134416
1518 1.134416
1519 1.134416
1520 1.134416
1521 1.134416
1522 1.134416
1523 1.134416
1524 1.134416
1525 1.134416
1526 1.134416
1527 1.134416
1528 1.134416
1529 1.134416
1530 1.134416
1531 1.134416
1532 1.134416
1533 1.134416
1534 1.134416
1535 1.134416
1536 1.134416
1537 1.134416
1538 1.134416
1539 1.134416
1540 1.134416
1541 1.134416
1542 1.134416
1543 1.134416
1544 1.134416
1545 1.134416
1546 1.134416
1547 1.134416
1548 1.134416
1549 1.134416
1550 1.134416
1551 1.134416
1552 1.134416
1553 1.134416
1554 1.134416
1555 1.134416
1556 1.134416
1557 1.134416
1558 1.134416
1559 1.134416
1560 1.134416
1561 1.134416
1562 1.134416
1563 1.134416
1564 1.134416
1565 1.134416
1566 1.134416
1567 1.134416
1568 1.134416
1569 1.134416
1570 1.134416
1571 1.134416
1572 1.134416
1573 1.134416
1574 1.134416
1575 1.134416
1576 1.134416
1577 1.134416
1578 1.134416
1579 1.134416
1580 1.134416
1581 1.134416
1582 1.134416
1583 1.134416
1584 1.134416
1585 1.134416
1586 1.134416
1587 1.134416
1588 1.134416
1589 1.134416
1590 1.134416
1591 1.134416
1592 1.134416
1593 1.134416
1594 1.134416
1595 1.134416
1596 1.134416
1597 1.134416
1598 1.134416
1599 1.134416
1600 1.134416
1601 1.134416
1602 1.134416
1603 1.134416
1604 1.134416
1605 1.134416
1606 1.134416
1607 1.134416
1608 1.134416
1609 1.134416
1610 1.134416
1611 1.134416
1612 1.134416
1613 1.134416
1614 1.134416
1615 1.134416
1616 1.134416
1617 1.134416
1618 1.134416
1619 1.134416
1620 1.134416
1621 1.134416
1622 1.134416
1623 1.134416
1624 1.134416
1625 1.134416
1626 1.134416
1627 1.134416
1628 1.134416
1629 1.134416
1630 1.134416
1631 1.134416
1632 1.134416
1633 1.134416
1634 1.134416
1635 1.134416
1636 1.134416
1637 1.134416
1638 1.134416
1639 1.134416
1640 1.134416
1641 1.134416
1642 1.134416
1643 1.134416
1644 1.134416
1645 1.134416
1646 1.134416
1647 1.134416
1648 1.134416
1649 1.134416
1650 1.134416
1651 1.134416
1652 1.134416
1653 1.134416
1654 1.134416
1655 1.134416
1656 1.134416
1657 1.134416
1658 1.134416
1659 1.134416
1660 1.134416
1661 1.134416
1662 1.134416
1663 1.134416
1664 1.134416
1665 1.134416
1666 1.134416
1667 1.134416
1668 1.134416
1669 1.134416
1670 1.134416
1671 1.134416
1672 1.134416
1673 1.134416
1674 1.134416
1675 1.134416
1676 1.134416
1677 1.134416
1678 1.134416
1679 1.134416
1680 1.134416
1681 1.134416
1682 1.134416
1683 1.134416
1684 1.134416
1685 1.134416
1686 1.134416
1687 1.134416
1688 1.134416
1689 1.134416
1690 1.134416
1691 1.134416
1692 1.134416
1693 1.134416
1694 1.134416
1695 1.134416
1696 1.134416
1697 1.134416
1698 1.134416
1699 1.134416
1700 1.134416
1701 1.134416
1702 1.134416
1703 1.134416
1704 1.134416
1705 1.134416
1706 1.134416
1707 1.134416
1708 1.134416
1709 1.134416
1710 1.134416
1711 1.134416
1712 1.134416
1713 1.134416
1714 1.134416
1715 1.134416
1716 1.134416
1717 1.134416
1718 1.134416
1719 1.134416
1720 1.134416
1721 1.134416
1722 1.134416
1723 1.134416
1724 1.134416
1725 1.134416
1726 1.134416
1727 1.134416
1728 1.134416
1729 1.134416
1730 1.134416
1731 1.134416
1732 1.134416
1733 1.134416
1734 1.134416
1735 1.134416
1736 1.134416
1737 1.134416
1738 1.134416
1739 1.134416
1740 1.134416
1741 1.134416
1742 1.134416
1743 1.134416
1744 1.134416
1745 1.134416
1746 1.134416
1747 1.134416
1748 1.134416
1749 1.134416
1750 1.134416
1751 1.134416
1752 1.134416
1753 1.134416
1754 1.134416
1755 1.134416
1756 1.134416
1757 1.134416
1758 1.134416
1759 1.134416
1760 1.134416
1761 1.134416
1762 1.134416
1763 1.134416
1764 1.134416
1765 1.134416
1766 1.134416
1767 1.134416
1768 1.134416
1769 1.134416
1770 1.134416
1771 1.134416
1772 1.134416
1773 1.134416
1774 1.134416
1775 1.134416
1776 1.134416
1777 1.134416
1778 1.134416
1779 1.134416
1780 1.134416
1781 1.134416
1782 1.134416
1783 1.134416
1784 1.134416
1785 1.134416
1786 1.134416
1787 1.134416
1788 1.134416
1789 1.134416
1790 1.134416
1791 1.134416
1792 1.134416
1793 1.134416
1794 1.134416
1795 1.134416
1796 1.134416
1797 1.134416
1798 1.134416
1799 1.134416
1800 1.134416
1801 1.134416
1802 1.134416
1803 1.134416
1804 1.134416
1805 1.134416
1806 1.134416
1807 1.134416
1808 1.134416
1809 1.134416
1810 1.134416
1811 1.134416
1812 1.134416
1813 1.134416
1814 1.134416
1815 1.134416
1816 1.134416
1817 1.134416
1818 1.134416
1819 1.134416
1820 1.134416
1821 1.134416
1822 1.134416
1823 1.134416
1824 1.134416
1825 1.134416
1826 1.134416
1827 1.134416
1828 1.134416
1829 1.134416
1830 1.134416
1831 1.134416
1832 1.134416
1833 1.134416
1834 1.134416
1835 1.134416
1836 1.134416
1837 1.134416
1838 1.134416
1839 1.134416
1840 1.134416
1841 1.134416
1842 1.134416
1843 1.134416
1844 1.134416
1845 1.134416
1846 1.134416
1847 1.134416
1848 1.134416
1849 1.134416
1850 1.134416
1851 1.134416
1852 1.134416
1853 1.134416
1854 1.134416
1855 1.134416
1856 1.134416
1857 1.134416
1858 1.134416
1859 1.134416
1860 1.134416
1861 1.134416
1862 1.134416
1863 1.134416
1864 1.134416
1865 1.134416
1866 1.134416
1867 1.134416
1868 1.134416
1869 1.134416
1870 1.134416
1871 1.134416
1872 1.134416
1873 1.134416
1874 1.134416
1875 1.134416
1876 1.134416
1877 1.134416
1878 1.134416
1879 1.134416
1880 1.134416
1881 1.134416
1882 1.134416
1883 1.134416
1884 1.134416
1885 1.134416
1886 1.134416
1887 1.134416
1888 1.134416
1889 1.134416
1890 1.134416
1891 1.134416
1892 1.134416
1893 1.134416
1894 1.134416
1895 1.134416
1896 1.134416
1897 1.134416
1898 1.134416
1899 1.134416
1900 1.134416
1901 1.134416
1902 1.134416
1903 1.134416
1904 1.134417
1905 1.134417
1906 1.134417
1907 1.134417
1908 1.134417
1909 1.134417
1910 1.134417
1911 1.134417
1912 1.134417
1913 1.134417
1914 1.134417
1915 1.134417
1916 1.134417
1917 1.134417
1918 1.134417
1919 1.134417
1920 1.134417
1921 1.134417
1922 1.134417
1923 1.134417
1924 1.134417
1925 1.134417
1926 1.134417
1927 1.134417
1928 1.134417
1929 1.134417
1930 1.134417
1931 1.134417
1932 1.134417
1933 1.134417
1934 1.134417
1935 1.134417
1936 1.134417
1937 1.134417
1938 1.134417
1939 1.134417
1940 1.134417
1941 1.134417
1942 1.134417
1943 1.134417
1944 1.134417
1945 1.134417
1946 1.134417
1947 1.134417
1948 1.134417
1949 1.134417
1950 1.134417
1951 1.134417
1952 1.134417
1953 1.134417
1954 1.134417
1955 1.134417
1956 1.134417
1957 1.134417
1958 1.134417
1959 1.134417
1960 1.134417
1961 1.134417
1962 1.134417
1963 1.134417
1964 1.134417
1965 1.134417
1966 1.134417
1967 1.134417
1968 1.134417
1969 1.134417
1970 1.134417
1971 1.134417
1972 1.134417
1973 1.134417
1974 1.134417
1975 1.134417
1976 1.134417
1977 1.134417
1978 1.134417
1979 1.134417
1980 1.134417
1981 1.134417
1982 1.134417
1983 1.134417
1984 1.134417
1985 1.134417
1986 1.134417
1987 1.134417
1988 1.134417
1989 1.134417
1990 1.134417
1991 1.134417
1992 1.134417
1993 1.134417
1994 1.134417
1995 1.134417
1996 1.134417
1997 1.134417
1998 1.134417
1999 1.134417
2000 1.134417
2001 1.134417
2002 1.134417
2003 1.134417
2004 1.134417
2005 1.134417
2006 1.134417
2007 1.134417
2008 1.134417
2009 1.134417
2010 1.134417
2011 1.134417
2012 1.134417
2013 1.134417
2014 1.134417
2015 1.134417
2016 1.134417
2017 1.134417
2018 1.134418
2019 1.134418
2020 1.134418
2021 1.134418
2022 1.134418
2023 1.134418
2024 1.134418
2025 1.134418
2026 1.134418
2027 1.134418
2028 1.134418
2029 1.134418
2030 1.134418
2031 1.134418
2032 1.134418
2033 1.134418
2034 1.134418
2035 1.134418
2036 1.134418
2037 1.134418
2038 1.134418
2039 1.134418
2040 1.134418
2041 1.134418
2042 1.134418
2043 1.134418
2044 1.134418
2045 1.134418
2046 1.134418
2047 1.134418
2048 1.134418
2049 1.134418
2050 1.134418
2051 1.134418
2052 1.134418
2053 1.134418
2054 1.134418
2055 1.134418
2056 1.134418
2057 1.134418
2058 1.134418
2059 1.134418
2060 1.134418
2061 1.134418
2062 1.134418
2063 1.134418
2064 1.134418
2065 1.134418
2066 1.134418
2067 1.134418
2068 1.134418
2069 1.134418
2070 1.134418
2071 1.134418
2072 1.134419
2073 1.134419
2074 1.134420
2075 1.134420
2076 1.134420
2077 1.134420
2078 1.134420
2079 1.134420
2080 1.134420
2081 1.134420
2082 1.134420
2083 1.134420
2084 1.134420
2085 1.134420
2086 1.134420
2087 1.134420
2088 1.134420
2089 1.134420
2090 1.134420
2091 1.134420
2092 1.134420
2093 1.134420
2094 1.134420
2095 1.134420
2096 1.134420
2097 1.134420
2098 1.134420
2099 1.134420
2100 1.134420
2101 1.134420
2102 1.134420
2103 1.134420
2104 1.134420
2105 1.134420
2106 1.134420
2107 1.134420
2108 1.134420
2109 1.134420
2110 1.134420
2111 1.134420
2112 1.134420
2113 1.134420
2114 1.134420
2115 1.134420
2116 1.134420
2117 1.134420
2118 1.134420
2119 1.134420
2120 1.134420
2121 1.134420
2122 1.134420
2123 1.134420
2124 1.134420
2125 1.134420
2126 1.134420
2127 1.134421
2128 1.134421
2129 1.134421
2130 1.134421
2131 1.134421
2132 1.134421
2133 1.134421
2134 1.134421
2135 1.134420
2136 1.134420
2137 1.134420
2138 1.134420
2139 1.134420
2140 1.134420
2141 1.134420
2142 1.134420
2143 1.134420
2144 1.134420
2145 1.134420
2146 1.134420
2147 1.134420
2148 1.134420
2149 1.134420
2150 1.134420
2151 1.134420
2152 1.134420
2153 1.134420
2154 1.134420
2155 1.134420
2156 1.134420
2157 1.134420
2158 1.134420
2159 1.134420
2160 1.134420
2161 1.134420
2162 1.134420
2163 1.134420
2164 1.134420
2165 1.134420
2166 1.134420
2167 1.134420
2168 1.134420
2169 1.134420
2170 1.134420
2171 1.134420
2172 1.134420
2173 1.134420
2174 1.134420
2175 1.134420
2176 1.134420
2177 1.134420
2178 1.134420
2179 1.134420
2180 1.134420
2181 1.134420
2182 1.134420
2183 1.134420
2184 1.134420
2185 1.134420
2186 1.134420
2187 1.134420
2188 1.134420
2189 1.134420
2190 1.134420
2191 1.134420
2192 1.134420
2193 1.134420
2194 1.134420
2195 1.134420
2196 1.134420
2197 1.134420
2198 1.134420
2199 1.134420
2200 1.134420
2201 1.134420
2202 1.134420
2203 1.134420
2204 1.134420
2205 1.134420
2206 1.134420
2207 1.134420
2208 1.134420
2209 1.134420
2210 1.134420
2211 1.134420
2212 1.134420
2213 1.134420
2214 1.134420
2215 1.134420
2216 1.134420
2217 1.134420
2218 1.134420
2219 1.134420
2220 1.134420
2221 1.134420
2222 1.134420
2223 1.134420
2224 1.134420
2225 1.134420
2226 1.134420
2227 1.134420
2228 1.134420
2229 1.134420
2230 1.134420
2231 1.134420
2232 1.134420
2233 1.134420
2234 1.134420
2235 1.134420
2236 1.134420
2237 1.134420
2238 1.134420
2239 1.134420
2240 1.134420
2241 1.134420
2242 1.134420
2243 1.134420
2244 1.134420
2245 1.134420
2246 1.134420
2247 1.134420
2248 1.134420
2249 1.134420
2250 1.134420
2251 1.134420
2252 1.134420
2253 1.134420
2254 1.134420
2255 1.134420
2256 1.134420
2257 1.134420
2258 1.134420
2259 1.134420
2260 1.134420
2261 1.134420
2262 1.134420
2263 1.134420
2264 1.134420
2265 1.134420
2266 1.134420
2267 1.134420
2268 1.134420
2269 1.134420
2270 1.134420
2271 1.134420
2272 1.134420
2273 1.134420
2274 1.134420
2275 1.134420
2276 1.134420
2277 1.134420
2278 1.134420
2279 1.134420
2280 1.134420
2281 1.134420
2282 1.134420
2283 1.134420
2284 1.134420
2285 1.134420
2286 1.134420
2287 1.134420
2288 1.134420
2289 1.134420
2290 1.134420
2291 1.134420
2292 1.134420
2293 1.134420
2294 1.134420
2295 1.134420
2296 1.134420
2297 1.134420
2298 1.134419
2299 1.134419
2300 1.134419
2301 1.134419
2302 1.134419
2303 1.134419
2304 1.134419
2305 1.134419
2306 1.134419
2307 1.134419
2308 1.134419
2309 1.134419
2310 1.134419
2311 1.134419
2312 1.134419
2313 1.134419
2314 1.134419
2315 1.134419
2316 1.134419
2317 1.134419
2318 1.134419
2319 1.134419
2320 1.134419
2321 1.134419
2322 1.134419
2323 1.134419
2324 1.134419
2325 1.134419
2326 1.134419
2327 1.134419
2328 1.134419
2329 1.134419
2330 1.134419
2331 1.134419
2332 1.134419
2333 1.134419
2334 1.134419
2335 1.134419
2336 1.134419
2337 1.134419
2338 1.134419
2339 1.134419
2340 1.134419
2341 1.134419
2342 1.134419
2343 1.134419
2344 1.134419
2345 1.134419
2346 1.134419
2347 1.134419
2348 1.134419
2349 1.134419
2350 1.134419
2351 1.134419
2352 1.134419
2353 1.134419
2354 1.134419
2355 1.134417
2356 1.134416
2357 1.134414
2358 1.134414
2359 1.134413
2360 1.134413
2361 1.134413
2362 1.134413
2363 1.134413
2364 1.134413
2365 1.134413
2366 1.134413
2367 1.134413
2368 1.134413
2369 1.134413
2370 1.134413
2371 1.134413
2372 1.134413
2373 1.134413
2374 1.134413
2375 1.134413
2376 1.134413
2377 1.134413
2378 1.134413
2379 1.134413
2380 1.134413
2381 1.134413
2382 1.134413
2383 1.134413
2384 1.134413
2385 1.134413
2386 1.134413
2387 1.134413
2388 1.134413
2389 1.134413
2390 1.134413
2391 1.134413
2392 1.134413
2393 1.134413
2394 1.134413
2395 1.134413
2396 1.134413
2397 1.134413
2398 1.134413
2399 1.134413
2400 1.134413
2401 1.134413
2402 1.134413
2403 1.134413
2404 1.134413
2405 1.134413
2406 1.134412
2407 1.134412
2408 1.134411
2409 1.134410
2410 1.134408
2411 1.134405
2412 1.134404
2413 1.134403
2414 1.134403
2415 1.134403
2416 1.134403
2417 1.134404
2418 1.134404
2419 1.134404
2420 1.134404
2421 1.134404
2422 1.134404
2423 1.134404
2424 1.134404
2425 1.134404
2426 1.134404
2427 1.134404
2428 1.134404
2429 1.134404
2430 1.134404
2431 1.134404
2432 1.134404
2433 1.134404
2434 1.134404
2435 1.134404
2436 1.134404
2437 1.134404
2438 1.134404
2439 1.134404
2440 1.134404
2441 1.134404
2442 1.134404
2443 1.134404
2444 1.134404
2445 1.134404
2446 1.134404
2447 1.134404
2448 1.134404
2449 1.134404
2450 1.134404
2451 1.134404
2452 1.134404
2453 1.134404
2454 1.134404
2455 1.134404
2456 1.134404
2457 1.134404
2458 1.134404
2459 1.134404
2460 1.134404
2461 1.134404
2462 1.134404
2463 1.134404
2464 1.134405
2465 1.134406
2466 1.134406
2467 1.134407
2468 1.134407
2469 1.134407
2470 1.134407
2471 1.134407
2472 1.134407
2473 1.134407
2474 1.134407
2475 1.134406
2476 1.134406
2477 1.134406
2478 1.134406
2479 1.134406
2480 1.134406
2481 1.134406
2482 1.134406
2483 1.134406
2484 1.134406
2485 1.134406
2486 1.134406
2487 1.134406
2488 1.134406
2489 1.134406
2490 1.134406
2491 1.134406
2492 1.134406
2493 1.134406
2494 1.134406
2495 1.134406
2496 1.134406
2497 1.134406
2498 1.134406
2499 1.134406
2500 1.134406
2501 1.134406
2502 1.134406
2503 1.134406
2504 1.134406
2505 1.134406
2506 1.134406
2507 1.134406
2508 1.134406
2509 1.134406
2510 1.134406
2511 1.134406
2512 1.134406
2513 1.134406
2514 1.134406
2515 1.134406
2516 1.134406
2517 1.134406
2518 1.134406
2519 1.134406
2520 1.134406
2521 1.134406
2522 1.134406
2523 1.134407
2524 1.134407
2525 1.134407
2526 1.134408
2527 1.134408
2528 1.134408
2529 1.134408
2530 1.134408
2531 1.134408
2532 1.134408
2533 1.134408
2534 1.134408
2535 1.134408
2536 1.134408
2537 1.134408
2538 1.134408
2539 1.134408
2540 1.134408
2541 1.134408
2542 1.134408
2543 1.134408
2544 1.134408
2545 1.134408
2546 1.134408
2547 1.134408
2548 1.134408
2549 1.134408
2550 1.134408
2551 1.134408
2552 1.134408
2553 1.134408
2554 1.134408
2555 1.134408
2556 1.134408
2557 1.134408
2558 1.134408
2559 1.134408
2560 1.134408
2561 1.134408
2562 1.134408
2563 1.134408
2564 1.134408
2565 1.134408
2566 1.134408
2567 1.134408
2568 1.134408
2569 1.134408
2570 1.134408
2571 1.134408
2572 1.134408
2573 1.134408
2574 1.134408
2575 1.134408
2576 1.134408
2577 1.134408
2578 1.134408
2579 1.134408
2580 1.134408
2581 1.134408
2582 1.134408
2583 1.134408
2584 1.134408
2585 1.134408
2586 1.134408
2587 1.134408
2588 1.134408
2589 1.134408
2590 1.134408
2591 1.134408
2592 1.134408
2593 1.134408
2594 1.134408
2595 1.134408
2596 1.134408
2597 1.134408
2598 1.134408
2599 1.134408
2600 1.134408
2601 1.134408
2602 1.134408
2603 1.134408
2604 1.134408
2605 1.134408
2606 1.134408
2607 1.134408
2608 1.134408
2609 1.134408
2610 1.134408
2611 1.134408
2612 1.134408
2613 1.134408
2614 1.134408
2615 1.134408
2616 1.134408
2617 1.134408
2618 1.134408
2619 1.134408
2620 1.134408
2621 1.134408
2622 1.134408
2623 1.134408
2624 1.134408
2625 1.134408
2626 1.134408
2627 1.134408
2628 1.134408
2629 1.134408
2630 1.134408
2631 1.134408
2632 1.134408
2633 1.134408
2634 1.134408
2635 1.134408
2636 1.134408
2637 1.134408
2638 1.134408
2639 1.134408
2640 1.134408
2641 1.134408
2642 1.134408
2643 1.134409
2644 1.134409
2645 1.134409
2646 1.134409
2647 1.134409
2648 1.134409
2649 1.134409
2650 1.134409
2651 1.134409
2652 1.134409
2653 1.134409
2654 1.134409
2655 1.134409
2656 1.134409
2657 1.134409
2658 1.134409
2659 1.134409
2660 1.134409
2661 1.134409
2662 1.134409
2663 1.134409
2664 1.134409
2665 1.134409
2666 1.134409
2667 1.134409
2668 1.134409
2669 1.134409
2670 1.134409
2671 1.134409
2672 1.134409
2673 1.134409
2674 1.134409
2675 1.134409
2676 1.134409
2677 1.134409
2678 1.134409
2679 1.134409
2680 1.134409
2681 1.134409
2682 1.134409
2683 1.134409
2684 1.134409
2685 1.134409
2686 1.134409
2687 1.134409
2688 1.134409
2689 1.134409
2690 1.134409
2691 1.134409
2692 1.134408
2693 1.134408
2694 1.134407
2695 1.134407
2696 1.134407
2697 1.134406
2698 1.134406
2699 1.134406
2700 1.134406
2701 1.134406
2702 1.134406
2703 1.134406
2704 1.134406
2705 1.134406
2706 1.134406
2707 1.134406
2708 1.134406
2709 1.134406
2710 1.134406
2711 1.134406
2712 1.134406
2713 1.134406
2714 1.134406
2715 1.134406
2716 1.134406
2717 1.134406
2718 1.134406
2719 1.134406
2720 1.134406
2721 1.134406
2722 1.134406
2723 1.134406
2724 1.134406
2725 1.134406
2726 1.134406
2727 1.134406
2728 1.134406
2729 1.134406
2730 1.134406
2731 1.134406
2732 1.134406
2733 1.134406
2734 1.134406
2735 1.134406
2736 1.134406
2737 1.134406
2738 1.134406
2739 1.134406
2740 1.134406
2741 1.134406
2742 1.134406
2743 1.134406
2744 1.134406
2745 1.134406
2746 1.134405
2747 1.134404
2748 1.134403
2749 1.134401
2750 1.134400
2751 1.134399
2752 1.134399
2753 1.134399
2754 1.134399
2755 1.134399
2756 1.134399
2757 1.134399
2758 1.134399
2759 1.134399
2760 1.134399
2761 1.134399
2762 1.134399
2763 1.134399
2764 1.134399
2765 1.134399
2766 1.134399
2767 1.134399
2768 1.134399
2769 1.134399
2770 1.134399
2771 1.134399
2772 1.134399
2773 1.134399
2774 1.134399
2775 1.134399
2776 1.134399
2777 1.134399
2778 1.134399
2779 1.134399
2780 1.134399
2781 1.134399
2782 1.134399
2783 1.134399
2784 1.134399
2785 1.134399
2786 1.134399
2787 1.134399
2788 1.134399
2789 1.134399
2790 1.134399
2791 1.134399
2792 1.134399
2793 1.134399
2794 1.134399
2795 1.134399
2796 1.134399
2797 1.134399
2798 1.134399
2799 1.134399
2800 1.134399
2801 1.134399
2802 1.134399
2803 1.134399
2804 1.134399
2805 1.134398
2806 1.134398
2807 1.134398
2808 1.134398
2809 1.134398
2810 1.134398
2811 1.134398
2812 1.134398
2813 1.134398
2814 1.134398
2815 1.134398
2816 1.134398
2817 1.134398
2818 1.134398
2819 1.134398
2820 1.134398
2821 1.134398
2822 1.134398
2823 1.134398
2824 1.134398
2825 1.134398
2826 1.134398
2827 1.134398
2828 1.134398
2829 1.134398
2830 1.134398
2831 1.134398
2832 1.134398
2833 1.134398
2834 1.134398
2835 1.134398
2836 1.134398
2837 1.134398
2838 1.134398
2839 1.134398
2840 1.134398
2841 1.134398
2842 1.134398
2843 1.134398
2844 1.134398
2845 1.134398
2846 1.134398
2847 1.134398
2848 1.134398
2849 1.134398
2850 1.134398
2851 1.134398
2852 1.134398
2853 1.134398
2854 1.134398
2855 1.134398
2856 1.134398
2857 1.134398
2858 1.134398
2859 1.134398
2860 1.134397
2861 1.134397
2862 1.134397
2863 1.134397
2864 1.134397
2865 1.134397
2866 1.134397
2867 1.134397
2868 1.134397
2869 1.134397
2870 1.134397
2871 1.134397
2872 1.134397
2873 1.134397
2874 1.134397
2875 1.134397
2876 1.134397
2877 1.134397
2878 1.134397
2879 1.134397
2880 1.134397
2881 1.134397
2882 1.134397
2883 1.134397
2884 1.134397
2885 1.134397
2886 1.134397
2887 1.134397
2888 1.134397
2889 1.134397
2890 1.134397
2891 1.134397
2892 1.134397
2893 1.134397
2894 1.134397
2895 1.134397
2896 1.134397
2897 1.134397
2898 1.134397
2899 1.134397
2900 1.134397
2901 1.134397
2902 1.134397
2903 1.134397
2904 1.134397
2905 1.134397
2906 1.134397
2907 1.134397
2908 1.134397
2909 1.134397
2910 1.134397
2911 1.134397
2912 1.134397
2913 1.134397
2914 1.134397
2915 1.134397
2916 1.134397
2917 1.134397
2918 1.134397
2919 1.134397
2920 1.134397
2921 1.134397
2922 1.134397
2923 1.134397
2924 1.134397
2925 1.134397
2926 1.134397
2927 1.134397
2928 1.134397
2929 1.134397
2930 1.134397
2931 1.134397
2932 1.134397
2933 1.134397
2934 1.134397
2935 1.134397
2936 1.134397
2937 1.134397
2938 1.134397
2939 1.134397
2940 1.134397
2941 1.134397
2942 1.134397
2943 1.134397
2944 1.134397
2945 1.134397
2946 1.134397
2947 1.134397
2948 1.134397
2949 1.134397
2950 1.134397
2951 1.134397
2952 1.134397
2953 1.134397
2954 1.134397
2955 1.134397
2956 1.134397
2957 1.134397
2958 1.134397
2959 1.134397
2960 1.134397
2961 1.134397
2962 1.134397
2963 1.134397
2964 1.134397
2965 1.134397
2966 1.134397
2967 1.134397
2968 1.134397
2969 1.134397
2970 1.134397
2971 1.134397
2972 1.134397
2973 1.134397
2974 1.134397
2975 1.134397
2976 1.134397
2977 1.134397
2978 1.134397
2979 1.134397
2980 1.134397
2981 1.134397
2982 1.134397
2983 1.134397
2984 1.134397
2985 1.134397
2986 1.134397
2987 1.134397
2988 1.134397
2989 1.134397
2990 1.134397
2991 1.134397
2992 1.134397
2993 1.134397
2994 1.134397
2995 1.134397
2996 1.134397
2997 1.134397
2998 1.134397
2999 1.134397
3000 1.134397
3001 1.134397
3002 1.134397
3003 1.134397
3004 1.134397
3005 1.134397
3006 1.134397
3007 1.134397
3008 1.134397
3009 1.134397
3010 1.134397
3011 1.134397
3012 1.134397
3013 1.134397
3014 1.134397
3015 1.134397
3016 1.134397
3017 1.134397
3018 1.134397
3019 1.134397
3020 1.134397
3021 1.134397
3022 1.134397
3023 1.134397
3024 1.134397
3025 1.134397
3026 1.134397
3027 1.134397
3028 1.134397
3029 1.134397
3030 1.134397
3031 1.134397
3032 1.134397
3033 1.134397
3034 1.134397
3035 1.134397
3036 1.134397
3037 1.134397
3038 1.134397
3039 1.134397
3040 1.134397
3041 1.134397
3042 1.134397
3043 1.134397
3044 1.134397
3045 1.134397
3046 1.134397
3047 1.134397
3048 1.134397
3049 1.134397
3050 1.134397
3051 1.134397
3052 1.134397
3053 1.134397
3054 1.134397
3055 1.134397
3056 1.134397
3057 1.134397
3058 1.134397
3059 1.134397
3060 1.134397
3061 1.134397
3062 1.134397
3063 1.134397
3064 1.134397
3065 1.134397
3066 1.134397
3067 1.134397
3068 1.134397
3069 1.134397
3070 1.134397
3071 1.134397
3072 1.134397
3073 1.134397
3074 1.134397
3075 1.134397
3076 1.134397
3077 1.134397
3078 1.134397
3079 1.134397
3080 1.134397
3081 1.134397
3082 1.134397
3083 1.134397
3084 1.134397
3085 1.134397
3086 1.134397
3087 1.134397
3088 1.134397
3089 1.134397
3090 1.134397
3091 1.134397
3092 1.134397
3093 1.134397
3094 1.134397
3095 1.134397
3096 1.134397
3097 1.134397
3098 1.134397
3099 1.134397
3100 1.134397
3101 1.134397
3102 1.134397
3103 1.134397
3104 1.134397
3105 1.134397
3106 1.134397
3107 1.134397
3108 1.134397
3109 1.134397
3110 1.134397
3111 1.134397
3112 1.134397
3113 1.134397
3114 1.134397
3115 1.134397
3116 1.134397
3117 1.134397
3118 1.134397
3119 1.134397
3120 1.134397
3121 1.134397
3122 1.134397
3123 1.134397
3124 1.134397
3125 1.134397
3126 1.134397
3127 1.134397
3128 1.134397
3129 1.134397
3130 1.134397
3131 1.134397
3132 1.134397
3133 1.134397
3134 1.134397
3135 1.134397
3136 1.134397
3137 1.134397
3138 1.134397
3139 1.134397
3140 1.134397
3141 1.134397
3142 1.134397
3143 1.134397
3144 1.134397
3145 1.134397
3146 1.134397
3147 1.134397
3148 1.134397
3149 1.134397
3150 1.134397
3151 1.134397
3152 1.134397
3153 1.134397
3154 1.134397
3155 1.134397
3156 1.134397
3157 1.134397
3158 1.134397
3159 1.134397
3160 1.134397
3161 1.134397
3162 1.134397
3163 1.134397
3164 1.134397
3165 1.134397
3166 1.134397
3167 1.134397
3168 1.134397
3169 1.134397
3170 1.134397
3171 1.134397
3172 1.134397
3173 1.134397
3174 1.134397
3175 1.134397
3176 1.134397
3177 1.134397
3178 1.134397
3179 1.134397
3180 1.134397
3181 1.134397
3182 1.134397
3183 1.134397
3184 1.134397
3185 1.134397
3186 1.134397
3187 1.134397
3188 1.134397
3189 1.134397
3190 1.134397
3191 1.134397
3192 1.134397
3193 1.134397
3194 1.134397
3195 1.134397
3196 1.134397
3197 1.134397
3198 1.134397
3199 1.134397
3200 1.134397
3201 1.134397
3202 1.134397
3203 1.134397
3204 1.134397
3205 1.134397
3206 1.134397
3207 1.134397
3208 1.134397
3209 1.134397
3210 1.134397
3211 1.134397
3212 1.134397
3213 1.134397
3214 1.134397
3215 1.134397
3216 1.134397
3217 1.134397
3218 1.134397
3219 1.134397
3220 1.134397
3221 1.134397
3222 1.134397
3223 1.134397
3224 1.134397
3225 1.134397
3226 1.134397
3227 1.134397
3228 1.134397
3229 1.134397
3230 1.134397
3231 1.134397
3232 1.134397
3233 1.134397
3234 1.134397
3235 1.134397
3236 1.134397
3237 1.134397
3238 1.134397
3239 1.134397
3240 1.134397
3241 1.134397
3242 1.134397
3243 1.134397
3244 1.134397
3245 1.134397
3246 1.134397
3247 1.134397
3248 1.134397
3249 1.134397
3250 1.134397
3251 1.134397
3252 1.134397
3253 1.134397
3254 1.134397
3255 1.134397
3256 1.134397
3257 1.134397
3258 1.134397
3259 1.134397
3260 1.134397
3261 1.134397
3262 1.134397
3263 1.134397
3264 1.134397
3265 1.134397
3266 1.134397
3267 1.134397
3268 1.134397
3269 1.134397
3270 1.134397
3271 1.134397
3272 1.134397
3273 1.134397
3274 1.134397
3275 1.134397
3276 1.134397
3277 1.134397
3278 1.134397
3279 1.134397
3280 1.134397
3281 1.134397
3282 1.134397
3283 1.134397
3284 1.134397
3285 1.134397
3286 1.134397
3287 1.134397
3288 1.134397
3289 1.134397
3290 1.134397
3291 1.134397
3292 1.134397
3293 1.134397
3294 1.134397
3295 1.134397
3296 1.134397
3297 1.134397
3298 1.134397
3299 1.134397
3300 1.134397
3301 1.134397
3302 1.134397
3303 1.134397
3304 1.134397
3305 1.134397
3306 1.134397
3307 1.134397
3308 1.134397
3309 1.134397
3310 1.134397
3311 1.134397
3312 1.134397
3313 1.134397
3314 1.134397
3315 1.134397
3316 1.134397
3317 1.134397
3318 1.134397
3319 1.134397
3320 1.134397
3321 1.134397
3322 1.134397
3323 1.134397
3324 1.134397
3325 1.134397
3326 1.134397
3327 1.134397
3328 1.134397
3329 1.134397
3330 1.134397
3331 1.134397
3332 1.134397
3333 1.134397
3334 1.134397
3335 1.134397
3336 1.134397
3337 1.134397
3338 1.134397
3339 1.134397
3340 1.134397
3341 1.134397
3342 1.134397
3343 1.134397
3344 1.134397
3345 1.134397
3346 1.134397
3347 1.134397
3348 1.134397
3349 1.134397
3350 1.134397
3351 1.134397
3352 1.134397
3353 1.134397
3354 1.134397
3355 1.134397
3356 1.134397
3357 1.134397
3358 1.134397
3359 1.134397
3360 1.134397
3361 1.134397
3362 1.134397
3363 1.134397
3364 1.134397
3365 1.134397
3366 1.134397
3367 1.134397
3368 1.134397
3369 1.134397
3370 1.134397
3371 1.134397
3372 1.134397
3373 1.134397
3374 1.134397
3375 1.134397
3376 1.134397
3377 1.134397
3378 1.134397
3379 1.134397
3380 1.134397
3381 1.134397
3382 1.134397
3383 1.134397
3384 1.134397
3385 1.134397
3386 1.134397
3387 1.134397
3388 1.134397
3389 1.134397
3390 1.134397
3391 1.134397
3392 1.134397
3393 1.134397
3394 1.134397
3395 1.134397
3396 1.134397
3397 1.134397
3398 1.134397
3399 1.134397
3400 1.134397
3401 1.134397
3402 1.134397
3403 1.134397
3404 1.134397
3405 1.134397
3406 1.134397
3407 1.134397
3408 1.134397
3409 1.134397
3410 1.134397
3411 1.134397
3412 1.134397
3413 1.134397
3414 1.134397
3415 1.134397
3416 1.134397
3417 1.134397
3418 1.134397
3419 1.134397
3420 1.134397
3421 1.134397
3422 1.134397
3423 1.134397
3424 1.134397
3425 1.134397
3426 1.134397
3427 1.134397
3428 1.134397
3429 1.134397
3430 1.134397
3431 1.134397
3432 1.134397
3433 1.134397
3434 1.134397
3435 1.134397
3436 1.134397
3437 1.134397
3438 1.134397
3439 1.134397
3440 1.134397
3441 1.134397
3442 1.134397
3443 1.134397
3444 1.134397
3445 1.134397
3446 1.134397
3447 1.134397
3448 1.134397
3449 1.134397
3450 1.134397
3451 1.134397
3452 1.134397
3453 1.134397
3454 1.134397
3455 1.134397
3456 1.134397
3457 1.134397
3458 1.134397
3459 1.134397
3460 1.134397
3461 1.134397
3462 1.134397
3463 1.134397
3464 1.134397
3465 1.134397
3466 1.134397
3467 1.134397
3468 1.134397
3469 1.134397
3470 1.134397
3471 1.134397
3472 1.134397
3473 1.134397
3474 1.134397
3475 1.134397
3476 1.134397
3477 1.134397
3478 1.134397
3479 1.134397
3480 1.134397
3481 1.134397
3482 1.134397
3483 1.134397
3484 1.134397
3485 1.134397
3486 1.134397
3487 1.134397
3488 1.134397
3489 1.134397
3490 1.134397
3491 1.134397
3492 1.134397
3493 1.134397
3494 1.134397
3495 1.134397
3496 1.134397
3497 1.134397
3498 1.134397
3499 1.134397
3500 1.134397
3501 1.134397
3502 1.134397
3503 1.134397
3504 1.134397
3505 1.134397
3506 1.134397
3507 1.134397
3508 1.134397
3509 1.134397
3510 1.134397
3511 1.134397
3512 1.134397
3513 1.134397
3514 1.134397
3515 1.134397
3516 1.134397
3517 1.134397
3518 1.134397
3519 1.134397
3520 1.134397
3521 1.134397
3522 1.134397
3523 1.134397
3524 1.134397
3525 1.134397
3526 1.134397
3527 1.134397
3528 1.134397
3529 1.134397
3530 1.134397
3531 1.134397
3532 1.134397
3533 1.134397
3534 1.134397
3535 1.134397
3536 1.134397
3537 1.134397
3538 1.134397
3539 1.134397
3540 1.134397
3541 1.134397
3542 1.134397
3543 1.134397
3544 1.134397
3545 1.134397
3546 1.134397
3547 1.134397
3548 1.134397
3549 1.134397
3550 1.134397
3551 1.134397
3552 1.134397
3553 1.134397
3554 1.134397
3555 1.134397
3556 1.134397
3557 1.134397
3558 1.134397
3559 1.134397
3560 1.134397
3561 1.134397
3562 1.134397
3563 1.134397
3564 1.134397
3565 1.134397
3566 1.134397
3567 1.134397
3568 1.134397
3569 1.134397
3570 1.134397
3571 1.134397
3572 1.134397
3573 1.134397
3574 1.134397
3575 1.134397
3576 1.134397
3577 1.134397
3578 1.134397
3579 1.134397
3580 1.134397
3581 1.134397
3582 1.134397
3583 1.134397
3584 1.134397
3585 1.134397
3586 1.134397
3587 1.134397
3588 1.134397
3589 1.134397
3590 1.134397
3591 1.134397
3592 1.134397
3593 1.134397
3594 1.134397
3595 1.134397
3596 1.134396
3597 1.134396
3598 1.134396
3599 1.134396
3600 1.134396
3601 1.134396
3602 1.134396
3603 1.134396
3604 1.134396
3605 1.134396
3606 1.134396
3607 1.134396
3608 1.134396
3609 1.134396
3610 1.134396
3611 1.134396
3612 1.134396
3613 1.134396
3614 1.134396
3615 1.134396
3616 1.134396
3617 1.134396
3618 1.134396
3619 1.134396
3620 1.134396
3621 1.134396
3622 1.134396
3623 1.134396
3624 1.134396
3625 1.134396
3626 1.134396
3627 1.134396
3628 1.134396
3629 1.134396
3630 1.134396
3631 1.134396
3632 1.134396
3633 1.134396
3634 1.134396
3635 1.134396
3636 1.134396
3637 1.134396
3638 1.134396
3639 1.134396
3640 1.134396
3641 1.134396
3642 1.134396
3643 1.134396
3644 1.134396
3645 1.134396
3646 1.134396
3647 1.134396
3648 1.134396
3649 1.134396
3650 1.134396
3651 1.134396
3652 1.134396
3653 1.134396
3654 1.134396
3655 1.134396
3656 1.134396
3657 1.134396
3658 1.134396
3659 1.134396
3660 1.134396
3661 1.134396
3662 1.134396
3663 1.134396
3664 1.134396
3665 1.134396
3666 1.134396
3667 1.134396
3668 1.134396
3669 1.134396
3670 1.134396
3671 1.134396
3672 1.134396
3673 1.134396
3674 1.134396
3675 1.134396
3676 1.134396
3677 1.134396
3678 1.134396
3679 1.134396
3680 1.134396
3681 1.134396
3682 1.134396
3683 1.134396
3684 1.134396
3685 1.134396
3686 1.134396
3687 1.134396
3688 1.134396
3689 1.134396
3690 1.134396
3691 1.134396
3692 1.134396
3693 1.134396
3694 1.134396
3695 1.134396
3696 1.134396
3697 1.134396
3698 1.134396
3699 1.134396
3700 1.134396
3701 1.134396
3702 1.134396
3703 1.134396
3704 1.134396
3705 1.134396
3706 1.134396
3707 1.134396
3708 1.134396
3709 1.134396
3710 1.134396
3711 1.134396
3712 1.134396
3713 1.134396
3714 1.134396
3715 1.134396
3716 1.134396
3717 1.134396
3718 1.134396
3719 1.134396
3720 1.134396
3721 1.134396
3722 1.134396
3723 1.134396
3724 1.134396
3725 1.134396
3726 1.134396
3727 1.134396
3728 1.134396
3729 1.134396
3730 1.134396
3731 1.134396
3732 1.134396
3733 1.134396
3734 1.134396
3735 1.134396
3736 1.134396
3737 1.134396
3738 1.134396
3739 1.134396
3740 1.134396
3741 1.134396
3742 1.134396
3743 1.134396
3744 1.134396
3745 1.134396
3746 1.134396
3747 1.134396
3748 1.134396
3749 1.134396
3750 1.134396
3751 1.134396
3752 1.134396
3753 1.134396
3754 1.134396
3755 1.134396
3756 1.134396
3757 1.134396
3758 1.134396
3759 1.134396
3760 1.134396
3761 1.134396
3762 1.134396
3763 1.134396
3764 1.134396
3765 1.134396
3766 1.134396
3767 1.134396
3768 1.134396
3769 1.134396
3770 1.134396
3771 1.134396
3772 1.134396
3773 1.134396
3774 1.134396
3775 1.134396
3776 1.134396
3777 1.134396
3778 1.134396
3779 1.134396
3780 1.134396
3781 1.134396
3782 1.134396
3783 1.134396
3784 1.134396
3785 1.134396
3786 1.134396
3787 1.134396
3788 1.134396
3789 1.134396
3790 1.134396
3791 1.134396
3792 1.134396
3793 1.134396
3794 1.134396
3795 1.134396
3796 1.134396
3797 1.134396
3798 1.134396
3799 1.134396
3800 1.134396
3801 1.134396
3802 1.134396
3803 1.134396
3804 1.134396
3805 1.134396
3806 1.134396
3807 1.134396
3808 1.134396
3809 1.134396
3810 1.134396
3811 1.134396
3812 1.134396
3813 1.134396
3814 1.134396
3815 1.134396
3816 1.134396
3817 1.134396
3818 1.134396
3819 1.134396
3820 1.134396
3821 1.134395
3822 1.134395
3823 1.134395
3824 1.134395
3825 1.134395
3826 1.134395
3827 1.134395
3828 1.134395
3829 1.134395
3830 1.134395
3831 1.134395
3832 1.134395
3833 1.134395
3834 1.134395
3835 1.134395
3836 1.134395
3837 1.134395
3838 1.134395
3839 1.134395
3840 1.134395
3841 1.134395
3842 1.134395
3843 1.134395
3844 1.134395
3845 1.134395
3846 1.134395
3847 1.134395
3848 1.134395
3849 1.134395
3850 1.134395
3851 1.134395
3852 1.134395
3853 1.134395
3854 1.134395
3855 1.134395
3856 1.134395
3857 1.134395
3858 1.134395
3859 1.134395
3860 1.134395
3861 1.134395
3862 1.134395
3863 1.134395
3864 1.134395
3865 1.134395
3866 1.134395
3867 1.134395
3868 1.134395
3869 1.134395
3870 1.134395
3871 1.134395
3872 1.134395
3873 1.134394
3874 1.134393
3875 1.134392
3876 1.134390
3877 1.134388
3878 1.134387
3879 1.134387
3880 1.134387
3881 1.134387
3882 1.134387
3883 1.134387
3884 1.134387
3885 1.134387
3886 1.134387
3887 1.134387
3888 1.134387
3889 1.134387
3890 1.134387
3891 1.134387
3892 1.134387
3893 1.134387
3894 1.134387
3895 1.134387
3896 1.134387
3897 1.134387
3898 1.134387
3899 1.134387
3900 1.134387
3901 1.134387
3902 1.134387
3903 1.134387
3904 1.134387
3905 1.134387
3906 1.134387
3907 1.134387
3908 1.134387
3909 1.134387
3910 1.134387
3911 1.134387
3912 1.134387
3913 1.134387
3914 1.134387
3915 1.134387
3916 1.134387
3917 1.134387
3918 1.134387
3919 1.134387
3920 1.134387
3921 1.134387
3922 1.134387
3923 1.134387
3924 1.134387
3925 1.134387
3926 1.134387
3927 1.134387
3928 1.134387
3929 1.134387
3930 1.134385
3931 1.134383
3932 1.134380
3933 1.134379
3934 1.134378
3935 1.134378
3936 1.134377
3937 1.134377
3938 1.134377
3939 1.134377
3940 1.134377
3941 1.134377
3942 1.134377
3943 1.134377
3944 1.134377
3945 1.134377
3946 1.134377
3947 1.134377
3948 1.134377
3949 1.134377
3950 1.134377
3951 1.134377
3952 1.134377
3953 1.134377
3954 1.134377
3955 1.134377
3956 1.134377
3957 1.134377
3958 1.134377
3959 1.134377
3960 1.134377
3961 1.134377
3962 1.134377
3963 1.134377
3964 1.134377
3965 1.134377
3966 1.134377
3967 1.134377
3968 1.134377
3969 1.134377
3970 1.134377
3971 1.134377
3972 1.134377
3973 1.134377
3974 1.134377
3975 1.134377
3976 1.134377
3977 1.134377
3978 1.134377
3979 1.134377
3980 1.134377
3981 1.134377
3982 1.134377
3983 1.134377
3984 1.134377
3985 1.134377
3986 1.134377
3987 1.134377
3988 1.134377
3989 1.134377
3990 1.134377
3991 1.134377
3992 1.134377
3993 1.134377
3994 1.134377
3995 1.134377
3996 1.134377
3997 1.134377
3998 1.134377
3999 1.134377
4000 1.134377
4001 1.134377
4002 1.134377
4003 1.134377
4004 1.134377
4005 1.134377
4006 1.134377
4007 1.134377
4008 1.134377
4009 1.134377
4010 1.134377
4011 1.134377
4012 1.134377
4013 1.134377
4014 1.134377
4015 1.134377
4016 1.134377
4017 1.134377
4018 1.134377
4019 1.134377
4020 1.134377
4021 1.134377
4022 1.134377
4023 1.134377
4024 1.134377
4025 1.134377
4026 1.134377
4027 1.134377
4028 1.134377
4029 1.134377
4030 1.134377
4031 1.134377
4032 1.134377
4033 1.134377
4034 1.134377
4035 1.134377
4036 1.134377
4037 1.134377
4038 1.134377
4039 1.134377
4040 1.134377
4041 1.134377
4042 1.134378
4043 1.134378
4044 1.134378
4045 1.134378
4046 1.134378
4047 1.134378
4048 1.134378
4049 1.134378
4050 1.134378
4051 1.134378
4052 1.134378
4053 1.134378
4054 1.134378
4055 1.134378
4056 1.134378
4057 1.134378
4058 1.134378
4059 1.134378
4060 1.134378
4061 1.134378
4062 1.134378
4063 1.134378
4064 1.134378
4065 1.134378
4066 1.134378
4067 1.134378
4068 1.134378
4069 1.134378
4070 1.134378
4071 1.134378
4072 1.134378
4073 1.134378
4074 1.134378
4075 1.134378
4076 1.134378
4077 1.134378
4078 1.134378
4079 1.134378
4080 1.134378
4081 1.134378
4082 1.134378
4083 1.134378
4084 1.134378
4085 1.134378
4086 1.134378
4087 1.134378
4088 1.134378
4089 1.134378
4090 1.134378
4091 1.134378
4092 1.134378
4093 1.134378
4094 1.134378
4095 1.134378
4096 1.134378
4097 1.134378
4098 1.134378
4099 1.134378
4100 1.134378
4101 1.134378
4102 1.134379
4103 1.134379
4104 1.134379
4105 1.134379
4106 1.134379
4107 1.134379
4108 1.134379
4109 1.134379
4110 1.134379
4111 1.134379
4112 1.134379
4113 1.134379
4114 1.134379
4115 1.134379
4116 1.134379
4117 1.134379
4118 1.134379
4119 1.134379
4120 1.134379
4121 1.134379
4122 1.134379
4123 1.134379
4124 1.134379
4125 1.134379
4126 1.134379
4127 1.134379
4128 1.134379
4129 1.134379
4130 1.134379
4131 1.134379
4132 1.134379
4133 1.134379
4134 1.134379
4135 1.134379
4136 1.134379
4137 1.134379
4138 1.134379
4139 1.134379
4140 1.134379
4141 1.134379
4142 1.134379
4143 1.134379
4144 1.134379
4145 1.134379
4146 1.134379
4147 1.134379
4148 1.134379
4149 1.134379
4150 1.134379
4151 1.134379
4152 1.134379
4153 1.134379
4154 1.134380
4155 1.134381
4156 1.134382
4157 1.134383
4158 1.134383
4159 1.134383
4160 1.134383
4161 1.134383
4162 1.134383
4163 1.134383
4164 1.134383
4165 1.134383
4166 1.134383
4167 1.134383
4168 1.134383
4169 1.134383
4170 1.134383
4171 1.134383
4172 1.134383