#ite residual of mtx/thermal1.mtx
1 2.742766
2 5.712534
3 7.412532
4 9.358976
5 9.703593
6 10.744156
7 10.855574
8 11.473171
9 11.469844
10 12.029733
11 11.778473
12 11.603934
13 11.482578
14 11.755048
15 12.014568
16 11.767335
17 11.752619
18 11.667393
19 11.976087
20 11.843368
21 12.035738
22 11.866444
23 12.072031
24 11.728217
25 11.584309
26 11.367567
27 11.385270
28 11.059732
29 11.415894
30 11.603734
31 11.792675
32 11.893265
33 12.023709
34 12.002272
35 11.738992
36 11.823284
37 11.635176
38 11.586003
39 11.609908
40 11.916425
41 11.698327
42 11.741801
43 11.509674
44 11.572981
45 11.691928
46 11.981791
47 12.228158
48 12.486304
49 12.764756
50 12.956908
51 13.116299
52 13.136729
53 13.658178
54 13.760613
55 14.558469
56 15.005232
57 15.302389
58 15.283178
59 15.620678
60 15.674775
61 15.882082
62 15.878919
63 16.113832
64 16.430957
65 17.021256
66 17.308571
67 17.645939
68 18.337524
69 19.179335
70 20.073639
71 20.642047
72 21.358044
73 21.447118
74 22.063289
75 21.834348
76 21.619317
77 20.960782
78 20.504485
79 20.293141
80 20.235208
81 19.854663
82 19.238361
83 18.751044
84 18.252254
85 18.033257
86 17.580687
87 17.438659
88 17.065016
89 16.995326
90 16.718182
91 16.654939
92 16.392493
93 15.987242
94 15.593796
95 15.340676
96 15.181365
97 14.862516
98 14.390303
99 14.071262
100 13.940535
101 13.636840
102 13.551972
103 13.344720
104 13.267826
105 13.195148
106 12.860171
107 12.450550
108 12.368367
109 12.433653
110 12.319424
111 11.943214
112 11.559400
113 11.370728
114 11.231303
115 11.258381
116 11.149081
117 11.044911
118 10.901483
119 10.998711
120 10.933791
121 10.808492
122 10.611544
123 10.610715
124 10.634750
125 10.640476
126 10.489205
127 10.370994
128 10.343188
129 10.509582
130 10.869719
131 11.020811
132 11.027670
133 11.018542
134 11.172200
135 11.310824
136 11.421589
137 11.352278
138 11.421748
139 11.478413
140 11.481670
141 11.412747
142 11.393767
143 11.362163
144 11.145382
145 11.070513
146 11.038259
147 11.066674
148 10.865079
149 10.792845
150 10.663724
151 10.373186
152 10.146373
153 10.067469
154 10.217963
155 10.296257
156 10.201340
157 10.093816
158 9.950080
159 9.792269
160 9.746497
161 9.602697
162 9.568991
163 9.623191
164 9.662790
165 9.717064
166 9.723230
167 9.710692
168 9.752472
169 9.740556
170 9.699397
171 9.537033
172 9.371883
173 9.343953
174 9.066835
175 9.106831
176 9.033766
177 8.932509
178 8.861566
179 8.790819
180 8.767419
181 8.738458
182 8.720512
183 8.789531
184 8.976403
185 9.083305
186 9.258000
187 9.285616
188 9.463391
189 9.468080
190 9.595881
191 9.490728
192 9.459511
193 9.403667
194 9.331538
195 9.482611
196 9.571882
197 9.581662
198 9.613230
199 9.737025
200 9.808496
201 9.921196
202 9.775547
203 9.712887
204 9.521844
205 9.490313
206 9.414512
207 9.318055
208 9.198720
209 9.075279
210 9.016932
211 9.007955
212 8.994999
213 8.987301
214 8.850470
215 8.769392
216 8.591579
217 8.320254
218 8.089150
219 7.884558
220 7.780021
221 7.603200
222 7.682708
223 7.665174
224 7.625492
225 7.638095
226 7.756645
227 7.750377
228 7.733930
229 7.796385
230 7.742750
231 7.636154
232 7.584999
233 7.581116
234 7.430972
235 7.298868
236 7.200986
237 7.183536
238 7.132171
239 7.157941
240 7.158436
241 7.149917
242 7.219022
243 7.163329
244 7.146263
245 7.146747
246 7.118069
247 6.908094
248 6.752291
249 6.665181
250 6.512023
251 6.381856
252 6.356442
253 6.315776
254 6.220732
255 6.147412
256 6.104699
257 6.049444
258 6.017890
259 5.953655
260 5.877195
261 5.893724
262 5.939477
263 5.953677
264 5.887240
265 5.940994
266 5.962656
267 5.947753
268 5.890771
269 5.813511
270 5.727316
271 5.642567
272 5.641843
273 5.646742
274 5.675801
275 5.643249
276 5.563813
277 5.508763
278 5.500250
279 5.467480
280 5.515750
281 5.485289
282 5.503421
283 5.510520
284 5.511135
285 5.508036
286 5.552476
287 5.605277
288 5.624310
289 5.608432
290 5.670938
291 5.697891
292 5.727093
293 5.832635
294 5.944105
295 5.997052
296 6.021875
297 6.001701
298 5.997325
299 5.881378
300 5.902389
301 5.901633
302 5.799594
303 5.653571
304 5.506816
305 5.389858
306 5.327151
307 5.248795
308 5.164865
309 5.070217
310 5.005252
311 4.852848
312 4.778308
313 4.710557
314 4.667030
315 4.613783
316 4.638093
317 4.709182
318 4.675645
319 4.681035
320 4.685828
321 4.701050
322 4.618892
323 4.535236
324 4.525409
325 4.473427
326 4.463155
327 4.466262
328 4.461197
329 4.485701
330 4.480823
331 4.461933
332 4.429857
333 4.406551
334 4.424154
335 4.426202
336 4.434491
337 4.414407
338 4.345227
339 4.263308
340 4.191438
341 4.158768
342 4.144993
343 4.091227
344 4.088528
345 4.061484
346 4.028920
347 3.990415
348 3.924744
349 3.883458
350 3.832106
351 3.786418
352 3.778394
353 3.750030
354 3.692743
355 3.696335
356 3.664318
357 3.632381
358 3.565224
359 3.559434
360 3.588270
361 3.581348
362 3.522905
363 3.495414
364 3.468311
365 3.469634
366 3.481968
367 3.497347
368 3.469994
369 3.396030
370 3.328212
371 3.293396
372 3.272160
373 3.202464
374 3.151877
375 3.126825
376 3.081421
377 3.036298
378 3.008889
379 3.003963
380 2.984309
381 2.952184
382 2.920872
383 2.906593
384 2.894107
385 2.891923
386 2.841650
387 2.811618
388 2.799628
389 2.786710
390 2.777040
391 2.773482
392 2.784121
393 2.802618
394 2.822649
395 2.772781
396 2.778137
397 2.833005
398 2.875805
399 2.885890
400 2.917316
401 2.907428
402 2.897904
403 2.885462
404 2.869487
405 2.859284
406 2.873547
407 2.928038
408 2.900342
409 2.851328
410 2.849516
411 2.835107
412 2.820654
413 2.830655
414 2.813873
415 2.789649
416 2.752232
417 2.731267
418 2.688612
419 2.698445
420 2.708298
421 2.723343
422 2.709562
423 2.673311
424 2.590991
425 2.523212
426 2.490765
427 2.438149
428 2.358326
429 2.276767
430 2.217197
431 2.179563
432 2.117581
433 2.074745
434 2.053163
435 2.008336
436 1.958732
437 1.930827
438 1.897993
439 1.885558
440 1.862418
441 1.848741
442 1.830334
443 1.833544
444 1.820372
445 1.802757
446 1.801423
447 1.803656
448 1.774958
449 1.716411
450 1.679944
451 1.659042
452 1.642670
453 1.630260
454 1.589502
455 1.562568
456 1.552627
457 1.546556
458 1.536838
459 1.522729
460 1.498759
461 1.488481
462 1.490707
463 1.486293
464 1.481051
465 1.493978
466 1.484554
467 1.482265
468 1.497432
469 1.502322
470 1.499097
471 1.500328
472 1.506625
473 1.512605
474 1.516558
475 1.503751
476 1.512464
477 1.534714
478 1.540949
479 1.536357
480 1.536421
481 1.523891
482 1.540848
483 1.554911
484 1.555002
485 1.556936
486 1.569117
487 1.571001
488 1.555694
489 1.539081
490 1.513684
491 1.500219
492 1.473785
493 1.463995
494 1.452963
495 1.436471
496 1.425830
497 1.423033
498 1.395573
499 1.371600
500 1.354548
501 1.331916
502 1.307476
503 1.289476
504 1.266295
505 1.245462
506 1.219238
507 1.203219
508 1.194773
509 1.160478
510 1.150588
511 1.146449
512 1.139263
513 1.133985
514 1.119379
515 1.100700
516 1.091908
517 1.079788
518 1.075729
519 1.071993
520 1.082664
521 1.096894
522 1.099595
523 1.096893
524 1.093138
525 1.087579
526 1.073805
527 1.072084
528 1.072578
529 1.077024
530 1.083295
531 1.089166
532 1.090453
533 1.070837
534 1.057749
535 1.038996
536 1.025522
537 1.021949
538 1.035002
539 1.045628
540 1.049217
541 1.054504
542 1.064878
543 1.063028
544 1.057301
545 1.051663
546 1.061530
547 1.067432
548 1.074864
549 1.082775
550 1.073576
551 1.075406
552 1.061373
553 1.040368
554 1.023804
555 1.010578
556 0.997188
557 0.969465
558 0.940854
559 0.931236
560 0.919165
561 0.906014
562 0.900189
563 0.896651
564 0.881417
565 0.862966
566 0.842556
567 0.823186
568 0.802786
569 0.794786
570 0.785841
571 0.779462
572 0.772197
573 0.763574
574 0.751122
575 0.738581
576 0.730843
577 0.726550
578 0.722687
579 0.717454
580 0.714060
581 0.696825
582 0.683442
583 0.671585
584 0.663235
585 0.653029
586 0.641405
587 0.633500
588 0.624824
589 0.626214
590 0.624631
591 0.627432
592 0.628229
593 0.634860
594 0.627192
595 0.623258
596 0.628646
597 0.630828
598 0.630025
599 0.627621
600 0.626814
601 0.618761
602 0.614648
603 0.599168
604 0.579830
605 0.563570
606 0.548379
607 0.535632
608 0.517950
609 0.502210
610 0.492341
611 0.480190
612 0.464204
613 0.451060
614 0.443160
615 0.437625
616 0.428660
617 0.418745
618 0.411210
619 0.399323
620 0.387464
621 0.376935
622 0.367337
623 0.356069
624 0.344055
625 0.338878
626 0.332068
627 0.319084
628 0.309418
629 0.297737
630 0.286951
631 0.277835
632 0.272445
633 0.269818
634 0.266653
635 0.262909
636 0.256307
637 0.249303
638 0.242423
639 0.239690
640 0.234239
641 0.226478
642 0.220374
643 0.217780
644 0.215818
645 0.214754
646 0.212240
647 0.210336
648 0.207239
649 0.203777
650 0.200010
651 0.198786
652 0.196420
653 0.192254
654 0.186047
655 0.180122
656 0.175084
657 0.171056
658 0.166941
659 0.164429
660 0.161806
661 0.159995
662 0.158367
663 0.156479
664 0.156649
665 0.158221
666 0.160688
667 0.161482
668 0.160221
669 0.156021
670 0.152097
671 0.150881
672 0.148154
673 0.144081
674 0.139928
675 0.137581
676 0.134048
677 0.130552
678 0.126639
679 0.122572
680 0.118103
681 0.114440
682 0.111124
683 0.108986
684 0.106849
685 0.105569
686 0.104142
687 0.102035
688 0.101267
689 0.100849
690 0.099916
691 0.099812
692 0.100731
693 0.101385
694 0.101465
695 0.100532
696 0.099628
697 0.098732
698 0.097797
699 0.097479
700 0.097795
701 0.096968
702 0.095466
703 0.094823
704 0.093769
705 0.093443
706 0.093443
707 0.092865
708 0.092070
709 0.090453
710 0.089886
711 0.089486
712 0.088917
713 0.088430
714 0.087589
715 0.086388
716 0.085260
717 0.082786
718 0.079972
719 0.077560
720 0.075684
721 0.073499
722 0.071485
723 0.070194
724 0.069089
725 0.068946
726 0.067705
727 0.066170
728 0.065576
729 0.064706
730 0.063334
731 0.062539
732 0.061316
733 0.059628
734 0.058314
735 0.057104
736 0.055701
737 0.054104
738 0.052244
739 0.050734
740 0.049426
741 0.048219
742 0.046913
743 0.045938
744 0.044978
745 0.043945
746 0.042573
747 0.040894
748 0.039535
749 0.038116
750 0.036545
751 0.035529
752 0.034561
753 0.033752
754 0.033048
755 0.032594
756 0.032120
757 0.031487
758 0.030869
759 0.030140
760 0.028900
761 0.027994
762 0.027192
763 0.026408
764 0.025498
765 0.024429
766 0.023742
767 0.022843
768 0.022148
769 0.021838
770 0.021546
771 0.020950
772 0.020377
773 0.019879
774 0.019569
775 0.019318
776 0.019154
777 0.018982
778 0.018670
779 0.018247
780 0.017720
781 0.017433
782 0.017114
783 0.016788
784 0.016468
785 0.016175
786 0.015901
787 0.015689
788 0.015547
789 0.015495
790 0.015181
791 0.014649
792 0.014097
793 0.013785
794 0.013409
795 0.012902
796 0.012449
797 0.012001
798 0.011593
799 0.011126
800 0.010698
801 0.010354
802 0.010010
803 0.009632
804 0.009346
805 0.009163
806 0.008903
807 0.008622
808 0.008380
809 0.008211
810 0.008035
811 0.007798
812 0.007590
813 0.007446
814 0.007224
815 0.007013
816 0.006842
817 0.006718
818 0.006644
819 0.006595
820 0.006475
821 0.006325
822 0.006225
823 0.006112
824 0.006010
825 0.005953
826 0.005897
827 0.005819
828 0.005739
829 0.005587
830 0.005422
831 0.005252
832 0.005135
833 0.005033
834 0.004960
835 0.004831
836 0.004717
837 0.004642
838 0.004577
839 0.004523
840 0.004500
841 0.004418
842 0.004339
843 0.004230
844 0.004155
845 0.004152
846 0.004106
847 0.004043
848 0.003983
849 0.003934
850 0.003803
851 0.003715
852 0.003624
853 0.003552
854 0.003497
855 0.003435
856 0.003383
857 0.003346
858 0.003281
859 0.003189
860 0.003126
861 0.003049
862 0.002981
863 0.002892
864 0.002789
865 0.002689
866 0.002576
867 0.002483
868 0.002394
869 0.002341
870 0.002278
871 0.002208
872 0.002164
873 0.002088
874 0.002026
875 0.001967
876 0.001902
877 0.001851
878 0.001802
879 0.001774
880 0.001739
881 0.001709
882 0.001659
883 0.001615
884 0.001587
885 0.001554
886 0.001511
887 0.001469
888 0.001438
889 0.001400
890 0.001371
891 0.001342
892 0.001331
893 0.001320
894 0.001301
895 0.001281
896 0.001264
897 0.001253
898 0.001237
899 0.001206
900 0.001170
901 0.001138
902 0.001124
903 0.001114
904 0.001095
905 0.001086
906 0.001061
907 0.001052
908 0.001026
909 0.000997
910 0.000978
911 0.000959
912 0.000949
913 0.000920
914 0.000903
915 0.000878
916 0.000854
917 0.000832
918 0.000813
919 0.000806
920 0.000801
921 0.000799
922 0.000802
923 0.000801
924 0.000804
925 0.000804
926 0.000802
927 0.000794
928 0.000787
929 0.000781
930 0.000767
931 0.000755
932 0.000753
933 0.000743
934 0.000721
935 0.000697
936 0.000684
937 0.000674
938 0.000664
939 0.000661
940 0.000655
941 0.000645
942 0.000635
943 0.000621
944 0.000615
945 0.000607
946 0.000596
947 0.000589
948 0.000581
949 0.000576
950 0.000569
951 0.000559
952 0.000543
953 0.000537
954 0.000525
955 0.000511
956 0.000506
957 0.000499
958 0.000488
959 0.000479
960 0.000470
961 0.000463
962 0.000452
963 0.000440
964 0.000428
965 0.000416
966 0.000398
967 0.000388
968 0.000379
969 0.000370
970 0.000366
971 0.000358
972 0.000350
973 0.000344
974 0.000337
975 0.000331
976 0.000327
977 0.000326
978 0.000323
979 0.000318
980 0.000309
981 0.000304
982 0.000296
983 0.000286
984 0.000279
985 0.000271
986 0.000264
987 0.000258
988 0.000253
989 0.000251
990 0.000250
991 0.000247
992 0.000244
993 0.000239
994 0.000234
995 0.000231
996 0.000228
997 0.000224
998 0.000222
999 0.000219
1000 0.000212
1001 0.000209
1002 0.000207
1003 0.000203
1004 0.000199
1005 0.000195
1006 0.000193
1007 0.000190
1008 0.000188
1009 0.000187
1010 0.000184
1011 0.000180
1012 0.000176
1013 0.000172
1014 0.000168
1015 0.000165
1016 0.000161
1017 0.000160
1018 0.000158
1019 0.000158
1020 0.000157
1021 0.000155
1022 0.000153
1023 0.000149
1024 0.000145
1025 0.000142
1026 0.000139
1027 0.000136
1028 0.000135
1029 0.000131
1030 0.000129
1031 0.000125
1032 0.000120
1033 0.000117
1034 0.000114
1035 0.000111
1036 0.000109
1037 0.000108
1038 0.000108
1039 0.000107
1040 0.000104
1041 0.000101
1042 0.000099
1043 0.000098
1044 0.000095
1045 0.000093
1046 0.000091
1047 0.000089
1048 0.000087
1049 0.000085
1050 0.000084
1051 0.000082
1052 0.000080
1053 0.000078
1054 0.000076
1055 0.000075
1056 0.000073
1057 0.000071
1058 0.000069
1059 0.000069
1060 0.000068
1061 0.000067
1062 0.000065
1063 0.000064
1064 0.000063
1065 0.000063
1066 0.000062
1067 0.000062
1068 0.000061
1069 0.000059
1070 0.000058
1071 0.000056
1072 0.000054
1073 0.000053
1074 0.000051
1075 0.000050
1076 0.000049
1077 0.000048
1078 0.000046
1079 0.000044
1080 0.000043
1081 0.000042
1082 0.000041
1083 0.000040
1084 0.000040
1085 0.000039
1086 0.000039
1087 0.000038
1088 0.000037
1089 0.000036
1090 0.000036
1091 0.000034
1092 0.000033
1093 0.000032
1094 0.000031
1095 0.000030
1096 0.000029
1097 0.000029
1098 0.000028
1099 0.000027
1100 0.000026
1101 0.000025
1102 0.000025
1103 0.000024
1104 0.000024
1105 0.000023
1106 0.000023
1107 0.000023
1108 0.000022
1109 0.000022
1110 0.000022
1111 0.000022
1112 0.000021
1113 0.000021
1114 0.000020
1115 0.000020
1116 0.000020
1117 0.000020
1118 0.000020
1119 0.000019
1120 0.000019
1121 0.000018
1122 0.000018
1123 0.000017
1124 0.000017
1125 0.000016
1126 0.000015
1127 0.000015
1128 0.000014
1129 0.000014
1130 0.000013
1131 0.000013
1132 0.000013
1133 0.000012
1134 0.000012
1135 0.000012
1136 0.000011
1137 0.000011
1138 0.000011
1139 0.000010
1140 0.000010
1141 0.000010
1142 0.000010
1143 0.000009
1144 0.000009
1145 0.000009
1146 0.000008
1147 0.000008
1148 0.000008
1149 0.000008
1150 0.000008
1151 0.000008
1152 0.000008
1153 0.000008
1154 0.000008
1155 0.000008
1156 0.000008
1157 0.000007
1158 0.000007
1159 0.000007
1160 0.000007
1161 0.000007
1162 0.000007
1163 0.000007
1164 0.000006
1165 0.000006
1166 0.000006
1167 0.000006
1168 0.000006
1169 0.000006
1170 0.000006
1171 0.000006
1172 0.000006
1173 0.000005
1174 0.000005
1175 0.000005
1176 0.000005
1177 0.000005
1178 0.000005
1179 0.000005
1180 0.000004
1181 0.000004
1182 0.000004
1183 0.000004
1184 0.000004
1185 0.000004
1186 0.000004
1187 0.000003
1188 0.000003
1189 0.000003
1190 0.000003
1191 0.000003
1192 0.000003
1193 0.000003
1194 0.000003
1195 0.000003
1196 0.000003
1197 0.000003
1198 0.000003
1199 0.000003
1200 0.000002
1201 0.000002
1202 0.000002
1203 0.000002
1204 0.000002
1205 0.000002
1206 0.000002
1207 0.000002
1208 0.000002
1209 0.000002
1210 0.000002
1211 0.000002
1212 0.000002
1213 0.000001
1214 0.000001
1215 0.000001
1216 0.000001
1217 0.000001
1218 0.000001
1219 0.000001
1220 0.000001
1221 0.000001
1222 0.000001
1223 0.000001
1224 0.000001
1225 0.000001
1226 0.000001
1227 0.000001
1228 0.000001
1229 0.000001
1230 0.000001
1231 0.000001
1232 0.000001
1233 0.000001
1234 0.000001
1235 0.000001
1236 0.000001
1237 0.000001
1238 0.000001
1239 0.000001
1240 0.000001
1241 0.000001
1242 0.000001
1243 0.000001
1244 0.000001
1245 0.000000
1246 0.000000
1247 0.000000
1248 0.000000
1249 0.000000
1250 0.000000
1251 0.000000
1252 0.000000
1253 0.000000
1254 0.000000
1255 0.000000
1256 0.000000
1257 0.000000
1258 0.000000
1259 0.000000
1260 0.000000
1261 0.000000
1262 0.000000
1263 0.000000
1264 0.000000
1265 0.000000
1266 0.000000
1267 0.000000
1268 0.000000
1269 0.000000
1270 0.000000
1271 0.000000
1272 0.000000
1273 0.000000
1274 0.000000
1275 0.000000
1276 0.000000
1277 0.000000
1278 0.000000
1279 0.000000
1280 0.000000
1281 0.000000
1282 0.000000
1283 0.000000
1284 0.000000
1285 0.000000
1286 0.000000
1287 0.000000
1288 0.000000
1289 0.000000
1290 0.000000
1291 0.000000
1292 0.000000
1293 0.000000
1294 0.000000
1295 0.000000
1296 0.000000
1297 0.000000
1298 0.000000
1299 0.000000
1300 0.000000
1301 0.000000
1302 0.000000
1303 0.000000
1304 0.000000
1305 0.000000
1306 0.000000
1307 0.000000
1308 0.000000
