#ite residual of mtx/thermal1.mtx
1 2.492746
2 4.712351
3 6.806643
4 9.851901
5 11.530806
6 14.088041
7 15.254035
8 17.274969
9 17.691148
10 19.166628
11 19.735725
12 20.536738
13 20.362410
14 20.879803
15 20.825645
16 21.033765
17 21.134557
18 21.142098
19 21.052121
20 20.906139
21 20.396579
22 19.620974
23 19.380175
24 19.140819
25 19.084348
26 18.698532
27 18.568030
28 17.919535
29 17.976364
30 17.566419
31 17.444984
32 16.943124
33 16.778019
34 16.505499
35 16.897850
36 17.060917
37 17.684338
38 17.596792
39 17.855609
40 17.609947
41 17.328857
42 17.333188
43 17.295981
44 17.101416
45 17.079370
46 16.826516
47 16.540164
48 16.370959
49 16.327394
50 16.194787
51 16.159843
52 16.393020
53 16.307004
54 16.640573
55 16.860274
56 16.951801
57 16.594210
58 16.587562
59 16.434634
60 16.495891
61 16.424571
62 16.653983
63 16.668187
64 16.792721
65 16.541310
66 16.528859
67 16.482308
68 16.277911
69 15.796929
70 15.636153
71 15.466799
72 15.382753
73 15.474921
74 15.527526
75 15.346106
76 15.232364
77 15.196498
78 15.057183
79 14.841188
80 14.385181
81 14.258878
82 14.181678
83 14.038111
84 13.650334
85 13.342404
86 13.082916
87 12.977780
88 12.630632
89 12.485727
90 12.405018
91 12.554262
92 12.370415
93 12.273707
94 12.101377
95 11.899964
96 11.712815
97 11.683665
98 11.490671
99 11.614109
100 11.862459
101 12.069283
102 12.355855
103 12.581717
104 12.784414
105 12.921837
106 12.940852
107 13.081542
108 13.241474
109 13.190081
110 13.205247
111 12.875158
112 12.706341
113 12.643779
114 12.722083
115 12.650454
116 12.447971
117 12.369854
118 12.341927
119 12.210333
120 12.010413
121 11.740830
122 11.625515
123 11.631936
124 11.558197
125 11.477736
126 11.346531
127 11.200689
128 11.088250
129 11.013267
130 10.734627
131 10.550140
132 10.372056
133 10.293256
134 10.053571
135 10.005831
136 9.874883
137 9.658421
138 9.362939
139 9.181906
140 8.912164
141 8.693185
142 8.558446
143 8.467962
144 8.450451
145 8.443878
146 8.414953
147 8.337032
148 8.260328
149 8.136683
150 8.000454
151 7.819504
152 7.701950
153 7.529001
154 7.382090
155 7.252295
156 7.134171
157 6.936178
158 6.879414
159 6.778721
160 6.697164
161 6.650921
162 6.488658
163 6.377950
164 6.321128
165 6.217655
166 6.144707
167 6.043041
168 5.978786
169 5.956099
170 5.924537
171 5.923710
172 5.942742
173 5.988812
174 6.005207
175 5.979397
176 5.995219
177 6.109237
178 6.188166
179 6.295283
180 6.368505
181 6.420138
182 6.294885
183 6.249070
184 6.255492
185 6.202270
186 6.221675
187 6.384187
188 6.416904
189 6.488900
190 6.584874
191 6.587366
192 6.602551
193 6.635652
194 6.711728
195 6.758132
196 6.906175
197 6.994360
198 7.013511
199 7.037159
200 7.158326
201 7.177302
202 7.192196
203 7.132827
204 7.219247
205 7.189227
206 7.209595
207 7.223977
208 7.188312
209 7.187752
210 7.125174
211 7.010417
212 6.955598
213 6.937553
214 6.904879
215 6.827159
216 6.753333
217 6.687233
218 6.709771
219 6.702072
220 6.649130
221 6.596563
222 6.551815
223 6.490909
224 6.391362
225 6.384170
226 6.370282
227 6.364701
228 6.400524
229 6.555700
230 6.600165
231 6.616715
232 6.619866
233 6.633885
234 6.654968
235 6.647654
236 6.608885
237 6.591051
238 6.505096
239 6.493126
240 6.476505
241 6.480799
242 6.500993
243 6.433613
244 6.364497
245 6.295835
246 6.226280
247 6.249398
248 6.260138
249 6.151708
250 6.023229
251 5.887595
252 5.800064
253 5.697097
254 5.701332
255 5.634869
256 5.583518
257 5.532761
258 5.457642
259 5.405474
260 5.215743
261 5.004631
262 4.827956
263 4.694824
264 4.530404
265 4.464862
266 4.370000
267 4.239209
268 4.165655
269 4.111557
270 4.029383
271 3.994206
272 4.014636
273 4.021492
274 3.986013
275 3.942634
276 3.847990
277 3.782116
278 3.748972
279 3.732132
280 3.671026
281 3.679539
282 3.697050
283 3.727861
284 3.673343
285 3.591526
286 3.518637
287 3.463664
288 3.399601
289 3.360079
290 3.347024
291 3.343389
292 3.333958
293 3.271494
294 3.233947
295 3.192263
296 3.150832
297 3.083012
298 3.022934
299 2.982263
300 2.937367
301 2.901348
302 2.844029
303 2.819316
304 2.804823
305 2.797491
306 2.800503
307 2.764715
308 2.734236
309 2.730676
310 2.706180
311 2.671658
312 2.663918
313 2.650002
314 2.605386
315 2.590475
316 2.573438
317 2.566426
318 2.545279
319 2.544578
320 2.536768
321 2.528698
322 2.545283
323 2.577855
324 2.611455
325 2.632224
326 2.650904
327 2.729618
328 2.779493
329 2.846171
330 2.836420
331 2.793187
332 2.772141
333 2.769463
334 2.751669
335 2.709111
336 2.690991
337 2.693555
338 2.687290
339 2.684873
340 2.694611
341 2.725231
342 2.752703
343 2.799855
344 2.869942
345 2.911378
346 2.957666
347 3.012356
348 3.064269
349 3.106010
350 3.195196
351 3.229486
352 3.223542
353 3.237299
354 3.251674
355 3.254535
356 3.265915
357 3.268234
358 3.272730
359 3.261567
360 3.192880
361 3.170799
362 3.182494
363 3.171677
364 3.140223
365 3.126555
366 3.097308
367 3.112204
368 3.071436
369 3.019511
370 2.976034
371 2.960089
372 2.936645
373 2.916188
374 2.892692
375 2.848879
376 2.774775
377 2.710904
378 2.664387
379 2.637454
380 2.594977
381 2.537554
382 2.508210
383 2.467341
384 2.419109
385 2.360630
386 2.293340
387 2.222555
388 2.167265
389 2.143300
390 2.115369
391 2.059561
392 2.039268
393 2.006874
394 1.978008
395 1.958149
396 1.931603
397 1.882332
398 1.860780
399 1.831255
400 1.813368
401 1.792145
402 1.772906
403 1.752622
404 1.739058
405 1.703982
406 1.637981
407 1.578810
408 1.528147
409 1.474348
410 1.411469
411 1.369520
412 1.339547
413 1.305357
414 1.259158
415 1.219172
416 1.177736
417 1.148620
418 1.116396
419 1.082271
420 1.051953
421 1.019125
422 0.995066
423 0.976925
424 0.964372
425 0.936445
426 0.908769
427 0.887193
428 0.857517
429 0.818209
430 0.789654
431 0.777983
432 0.762586
433 0.752891
434 0.739333
435 0.724613
436 0.711978
437 0.702938
438 0.714659
439 0.716544
440 0.714718
441 0.708364
442 0.697425
443 0.687542
444 0.678347
445 0.660960
446 0.646155
447 0.622970
448 0.603391
449 0.582571
450 0.575757
451 0.565948
452 0.547324
453 0.525261
454 0.507810
455 0.491861
456 0.479606
457 0.466152
458 0.459945
459 0.451069
460 0.441722
461 0.437278
462 0.432112
463 0.426324
464 0.418513
465 0.411408
466 0.407834
467 0.405697
468 0.397762
469 0.393735
470 0.382545
471 0.372102
472 0.363407
473 0.349948
474 0.339257
475 0.332521
476 0.329189
477 0.323731
478 0.316988
479 0.313112
480 0.309327
481 0.304521
482 0.298367
483 0.289123
484 0.280726
485 0.275004
486 0.270064
487 0.263426
488 0.254200
489 0.245600
490 0.240898
491 0.236126
492 0.231328
493 0.225412
494 0.219629
495 0.213839
496 0.210533
497 0.207334
498 0.205693
499 0.205788
500 0.204540
501 0.202330
502 0.199317
503 0.196732
504 0.193941
505 0.190600
506 0.187790
507 0.188054
508 0.184648
509 0.179892
510 0.175118
511 0.171867
512 0.168121
513 0.162760
514 0.160311
515 0.157128
516 0.152623
517 0.148621
518 0.145216
519 0.142786
520 0.141697
521 0.138162
522 0.135090
523 0.132331
524 0.129089
525 0.126493
526 0.123060
527 0.119430
528 0.115933
529 0.112029
530 0.110091
531 0.106994
532 0.105359
533 0.102661
534 0.100072
535 0.097711
536 0.095267
537 0.093488
538 0.093162
539 0.093141
540 0.092322
541 0.091366
542 0.089653
543 0.088087
544 0.085625
545 0.082578
546 0.080102
547 0.078254
548 0.075845
549 0.073692
550 0.072017
551 0.070517
552 0.069365
553 0.067815
554 0.066219
555 0.065257
556 0.064367
557 0.063562
558 0.062772
559 0.062614
560 0.062366
561 0.062181
562 0.061266
563 0.061293
564 0.061889
565 0.061883
566 0.061648
567 0.061812
568 0.061963
569 0.061041
570 0.059784
571 0.058871
572 0.057599
573 0.055241
574 0.054277
575 0.053802
576 0.053110
577 0.052840
578 0.052940
579 0.052531
580 0.052686
581 0.053188
582 0.053272
583 0.052047
584 0.051296
585 0.050683
586 0.049597
587 0.049065
588 0.048725
589 0.047491
590 0.046343
591 0.046081
592 0.045693
593 0.045037
594 0.043925
595 0.042920
596 0.042631
597 0.042693
598 0.042433
599 0.041916
600 0.041283
601 0.040892
602 0.040365
603 0.039838
604 0.038760
605 0.037522
606 0.036690
607 0.036233
608 0.035817
609 0.035138
610 0.034145
611 0.032920
612 0.032025
613 0.031495
614 0.030775
615 0.029986
616 0.029098
617 0.028292
618 0.027752
619 0.027030
620 0.026123
621 0.025262
622 0.024516
623 0.023999
624 0.023598
625 0.022903
626 0.022092
627 0.021344
628 0.020527
629 0.019811
630 0.019168
631 0.018449
632 0.017995
633 0.017910
634 0.017422
635 0.016922
636 0.016484
637 0.015968
638 0.015468
639 0.014937
640 0.014480
641 0.013935
642 0.013546
643 0.013171
644 0.012820
645 0.012502
646 0.012070
647 0.011744
648 0.011422
649 0.011156
650 0.010951
651 0.010742
652 0.010451
653 0.010167
654 0.009915
655 0.009646
656 0.009462
657 0.009404
658 0.009184
659 0.008955
660 0.008734
661 0.008543
662 0.008414
663 0.008374
664 0.008351
665 0.008443
666 0.008411
667 0.008318
668 0.008251
669 0.008162
670 0.008159
671 0.008046
672 0.007936
673 0.007836
674 0.007803
675 0.007743
676 0.007580
677 0.007464
678 0.007315
679 0.007157
680 0.006961
681 0.006735
682 0.006560
683 0.006417
684 0.006249
685 0.006130
686 0.006013
687 0.005891
688 0.005803
689 0.005764
690 0.005759
691 0.005727
692 0.005680
693 0.005588
694 0.005502
695 0.005447
696 0.005371
697 0.005336
698 0.005296
699 0.005274
700 0.005121
701 0.005015
702 0.004938
703 0.004848
704 0.004731
705 0.004653
706 0.004571
707 0.004498
708 0.004456
709 0.004453
710 0.004407
711 0.004299
712 0.004210
713 0.004140
714 0.004071
715 0.003949
716 0.003842
717 0.003722
718 0.003627
719 0.003513
720 0.003361
721 0.003212
722 0.003075
723 0.002938
724 0.002827
725 0.002748
726 0.002666
727 0.002565
728 0.002476
729 0.002404
730 0.002339
731 0.002285
732 0.002189
733 0.002091
734 0.001990
735 0.001911
736 0.001844
737 0.001754
738 0.001661
739 0.001600
740 0.001558
741 0.001503
742 0.001447
743 0.001417
744 0.001384
745 0.001331
746 0.001301
747 0.001269
748 0.001233
749 0.001218
750 0.001211
751 0.001200
752 0.001185
753 0.001176
754 0.001149
755 0.001116
756 0.001085
757 0.001085
758 0.001091
759 0.001085
760 0.001105
761 0.001119
762 0.001119
763 0.001107
764 0.001105
765 0.001105
766 0.001113
767 0.001111
768 0.001107
769 0.001095
770 0.001090
771 0.001087
772 0.001081
773 0.001086
774 0.001087
775 0.001068
776 0.001043
777 0.001042
778 0.001034
779 0.001025
780 0.001011
781 0.000978
782 0.000963
783 0.000964
784 0.000959
785 0.000947
786 0.000929
787 0.000917
788 0.000902
789 0.000893
790 0.000893
791 0.000894
792 0.000880
793 0.000873
794 0.000874
795 0.000875
796 0.000867
797 0.000851
798 0.000828
799 0.000813
800 0.000805
801 0.000790
802 0.000778
803 0.000775
804 0.000763
805 0.000770
806 0.000767
807 0.000748
808 0.000728
809 0.000707
810 0.000686
811 0.000674
812 0.000665
813 0.000650
814 0.000634
815 0.000619
816 0.000609
817 0.000591
818 0.000576
819 0.000560
820 0.000538
821 0.000515
822 0.000500
823 0.000491
824 0.000480
825 0.000471
826 0.000457
827 0.000441
828 0.000433
829 0.000425
830 0.000412
831 0.000405
832 0.000396
833 0.000384
834 0.000370
835 0.000353
836 0.000338
837 0.000326
838 0.000315
839 0.000303
840 0.000292
841 0.000285
842 0.000280
843 0.000274
844 0.000267
845 0.000261
846 0.000253
847 0.000246
848 0.000241
849 0.000238
850 0.000236
851 0.000237
852 0.000234
853 0.000231
854 0.000227
855 0.000220
856 0.000215
857 0.000209
858 0.000205
859 0.000200
860 0.000196
861 0.000192
862 0.000190
863 0.000188
864 0.000185
865 0.000182
866 0.000180
867 0.000178
868 0.000173
869 0.000168
870 0.000163
871 0.000161
872 0.000158
873 0.000153
874 0.000147
875 0.000142
876 0.000137
877 0.000134
878 0.000132
879 0.000129
880 0.000126
881 0.000123
882 0.000119
883 0.000117
884 0.000112
885 0.000109
886 0.000106
887 0.000105
888 0.000103
889 0.000101
890 0.000099
891 0.000096
892 0.000093
893 0.000092
894 0.000090
895 0.000089
896 0.000087
897 0.000085
898 0.000083
899 0.000080
900 0.000078
901 0.000076
902 0.000073
903 0.000072
904 0.000071
905 0.000069
906 0.000067
907 0.000065
908 0.000064
909 0.000062
910 0.000060
911 0.000058
912 0.000055
913 0.000053
914 0.000050
915 0.000048
916 0.000045
917 0.000043
918 0.000041
919 0.000040
920 0.000038
921 0.000037
922 0.000036
923 0.000035
924 0.000034
925 0.000034
926 0.000033
927 0.000032
928 0.000031
929 0.000031
930 0.000030
931 0.000029
932 0.000028
933 0.000027
934 0.000026
935 0.000025
936 0.000024
937 0.000024
938 0.000023
939 0.000022
940 0.000022
941 0.000021
942 0.000021
943 0.000020
944 0.000020
945 0.000019
946 0.000019
947 0.000019
948 0.000018
949 0.000018
950 0.000018
951 0.000017
952 0.000017
953 0.000016
954 0.000016
955 0.000015
956 0.000015
957 0.000014
958 0.000014
959 0.000014
960 0.000013
961 0.000013
962 0.000013
963 0.000013
964 0.000012
965 0.000012
966 0.000011
967 0.000011
968 0.000011
969 0.000011
970 0.000010
971 0.000010
972 0.000010
973 0.000009
974 0.000009
975 0.000009
976 0.000009
977 0.000009
978 0.000008
979 0.000008
980 0.000008
981 0.000008
982 0.000007
983 0.000007
984 0.000007
985 0.000007
986 0.000007
987 0.000007
988 0.000006
989 0.000006
990 0.000006
991 0.000006
992 0.000006
993 0.000006
994 0.000006
995 0.000006
996 0.000005
997 0.000005
998 0.000005
999 0.000005
1000 0.000005
1001 0.000004
1002 0.000004
1003 0.000004
1004 0.000004
1005 0.000004
1006 0.000004
1007 0.000004
1008 0.000003
1009 0.000003
1010 0.000003
1011 0.000003
1012 0.000003
1013 0.000003
1014 0.000003
1015 0.000003
1016 0.000003
1017 0.000002
1018 0.000002
1019 0.000002
1020 0.000002
1021 0.000002
1022 0.000002
1023 0.000002
1024 0.000002
1025 0.000002
1026 0.000002
1027 0.000002
1028 0.000002
1029 0.000002
1030 0.000001
1031 0.000001
1032 0.000001
1033 0.000001
1034 0.000001
1035 0.000001
1036 0.000001
1037 0.000001
1038 0.000001
1039 0.000001
1040 0.000001
1041 0.000001
1042 0.000001
1043 0.000001
1044 0.000001
1045 0.000001
1046 0.000001
1047 0.000001
1048 0.000001
1049 0.000001
1050 0.000001
1051 0.000001
1052 0.000001
1053 0.000001
1054 0.000001
1055 0.000001
1056 0.000001
1057 0.000001
1058 0.000001
1059 0.000001
1060 0.000001
1061 0.000001
1062 0.000001
1063 0.000001
1064 0.000001
1065 0.000000
1066 0.000000
1067 0.000000
1068 0.000000
1069 0.000000
1070 0.000000
1071 0.000000
1072 0.000000
1073 0.000000
1074 0.000000
1075 0.000000
1076 0.000000
1077 0.000000
1078 0.000000
1079 0.000000
1080 0.000000
1081 0.000000
1082 0.000000
1083 0.000000
1084 0.000000
1085 0.000000
1086 0.000000
1087 0.000000
1088 0.000000
1089 0.000000
1090 0.000000
1091 0.000000
1092 0.000000
1093 0.000000
1094 0.000000
1095 0.000000
1096 0.000000
1097 0.000000
1098 0.000000
1099 0.000000
1100 0.000000
1101 0.000000
1102 0.000000
1103 0.000000
1104 0.000000
1105 0.000000
1106 0.000000
1107 0.000000
