#ite residual of mtx/thermal1.mtx
1 2.824411
2 5.496608
3 6.906690
4 8.643688
5 9.045981
6 10.588323
7 11.357957
8 12.893765
9 13.103623
10 14.404885
11 14.773218
12 15.673667
13 15.434013
14 15.663940
15 15.608844
16 15.331965
17 14.757189
18 14.749136
19 15.051677
20 15.487454
21 15.854766
22 15.927170
23 16.136697
24 16.505858
25 17.004964
26 16.658540
27 16.906054
28 16.669385
29 17.047919
30 17.018044
31 17.594318
32 17.629182
33 17.668843
34 17.122244
35 16.897671
36 16.652512
37 16.869492
38 16.452723
39 16.179822
40 15.762926
41 15.315427
42 15.041710
43 15.014814
44 15.019397
45 14.904887
46 15.073868
47 15.041496
48 15.168467
49 14.878301
50 14.923557
51 14.711741
52 14.734389
53 14.384321
54 14.290886
55 13.884426
56 14.025767
57 14.141061
58 14.321681
59 14.163384
60 14.210709
61 14.079849
62 13.995911
63 13.930572
64 13.530448
65 13.409926
66 13.333992
67 13.399330
68 13.739067
69 14.125826
70 14.402091
71 14.509323
72 14.331202
73 14.188378
74 13.962309
75 14.138377
76 13.934081
77 13.774925
78 13.565991
79 13.406004
80 13.211101
81 13.139116
82 12.857853
83 12.565334
84 12.280142
85 12.021980
86 11.885487
87 11.739791
88 11.758487
89 11.570985
90 11.473513
91 11.389027
92 11.486983
93 11.736166
94 11.892996
95 11.916739
96 12.136482
97 12.024498
98 11.945294
99 11.796268
100 11.769872
101 11.667042
102 11.584734
103 11.513917
104 11.490658
105 11.396144
106 11.318699
107 11.288652
108 11.202296
109 11.406997
110 11.710660
111 12.073801
112 11.982477
113 11.981573
114 11.706939
115 11.488906
116 11.113303
117 10.931701
118 10.674711
119 10.465111
120 10.259212
121 10.239817
122 10.000101
123 9.819739
124 9.785005
125 9.847563
126 9.988568
127 9.980703
128 10.103229
129 10.176516
130 10.302701
131 10.412671
132 10.420284
133 10.303116
134 10.444509
135 10.422491
136 10.426657
137 10.426771
138 10.283049
139 10.155271
140 10.137438
141 10.188630
142 10.264456
143 10.297224
144 10.294138
145 10.319054
146 10.282852
147 10.205805
148 10.133837
149 10.179421
150 10.295334
151 10.451362
152 10.570743
153 10.562944
154 10.722753
155 10.789644
156 10.699961
157 10.826034
158 10.831357
159 10.787471
160 10.765364
161 10.835877
162 10.954225
163 10.991858
164 10.949639
165 10.994671
166 11.221258
167 11.182727
168 11.180132
169 11.108740
170 10.972548
171 10.895862
172 10.981637
173 10.935837
174 10.992463
175 11.009900
176 10.870268
177 10.710788
178 10.681847
179 10.491359
180 10.342981
181 10.302646
182 10.239114
183 10.248420
184 10.203598
185 10.021886
186 10.094751
187 10.077865
188 10.024585
189 9.921693
190 9.685267
191 9.671299
192 9.595475
193 9.411413
194 9.090578
195 8.867387
196 8.590456
197 8.482404
198 8.281333
199 8.135007
200 7.910115
201 7.856952
202 7.793420
203 7.779733
204 7.728459
205 7.659549
206 7.616852
207 7.743737
208 7.918482
209 7.993865
210 8.115682
211 8.205808
212 8.193243
213 8.094141
214 7.963256
215 7.933349
216 7.939032
217 7.883183
218 7.818102
219 7.735565
220 7.738139
221 7.655302
222 7.583407
223 7.610256
224 7.588797
225 7.548062
226 7.461731
227 7.365755
228 7.327422
229 7.382503
230 7.408860
231 7.437328
232 7.311167
233 7.253861
234 7.254940
235 7.300002
236 7.230741
237 7.177846
238 7.170863
239 7.086988
240 6.936064
241 6.837184
242 6.745733
243 6.667852
244 6.664153
245 6.697842
246 6.679174
247 6.689758
248 6.606525
249 6.606544
250 6.686703
251 6.686914
252 6.716315
253 6.741197
254 6.829953
255 6.942402
256 7.030840
257 6.925683
258 6.894006
259 6.934588
260 6.897043
261 6.829885
262 6.781201
263 6.693957
264 6.724993
265 6.745499
266 6.796032
267 6.906085
268 6.974262
269 7.044565
270 6.970856
271 6.938849
272 6.962821
273 6.960762
274 6.928826
275 6.866119
276 6.848189
277 6.877035
278 6.939789
279 7.007629
280 6.967930
281 6.916065
282 6.917129
283 6.921959
284 6.813839
285 6.653612
286 6.605138
287 6.579312
288 6.624542
289 6.688643
290 6.640628
291 6.454796
292 6.326878
293 6.220850
294 6.253478
295 6.316620
296 6.309818
297 6.435279
298 6.499398
299 6.435963
300 6.306235
301 6.218755
302 6.062407
303 5.917615
304 5.823433
305 5.750031
306 5.700673
307 5.681356
308 5.628496
309 5.561794
310 5.551612
311 5.582961
312 5.614523
313 5.539965
314 5.531040
315 5.575159
316 5.521325
317 5.510026
318 5.596367
319 5.567104
320 5.513741
321 5.514503
322 5.508600
323 5.440159
324 5.369616
325 5.297282
326 5.281987
327 5.317824
328 5.283447
329 5.195539
330 5.171628
331 5.189146
332 5.119170
333 4.989990
334 4.882644
335 4.777231
336 4.696299
337 4.680407
338 4.628963
339 4.520191
340 4.438484
341 4.413286
342 4.267661
343 4.127218
344 4.023312
345 3.914482
346 3.810276
347 3.768469
348 3.740415
349 3.739598
350 3.717472
351 3.708326
352 3.666697
353 3.660197
354 3.650184
355 3.598064
356 3.536998
357 3.463015
358 3.398601
359 3.347685
360 3.309155
361 3.275788
362 3.293326
363 3.286021
364 3.288988
365 3.274719
366 3.214453
367 3.160907
368 3.172801
369 3.190753
370 3.201152
371 3.219584
372 3.260286
373 3.271205
374 3.305708
375 3.322518
376 3.295919
377 3.259550
378 3.256212
379 3.245961
380 3.200868
381 3.170188
382 3.212573
383 3.194863
384 3.145312
385 3.137891
386 3.122623
387 3.097093
388 3.067098
389 3.041682
390 3.011179
391 3.014853
392 3.019773
393 2.968526
394 2.890223
395 2.845201
396 2.772501
397 2.709234
398 2.674627
399 2.616663
400 2.549710
401 2.498188
402 2.429272
403 2.322415
404 2.258771
405 2.220787
406 2.178130
407 2.119287
408 2.100282
409 2.050470
410 2.037701
411 2.023152
412 2.030999
413 2.033419
414 2.036273
415 2.019822
416 2.025462
417 2.049114
418 2.041083
419 2.037028
420 2.057066
421 2.066644
422 2.068964
423 2.046421
424 2.022335
425 1.996470
426 1.961382
427 1.955191
428 1.935934
429 1.914263
430 1.881039
431 1.873231
432 1.849839
433 1.822865
434 1.832862
435 1.822831
436 1.799768
437 1.784971
438 1.742291
439 1.715361
440 1.700383
441 1.688870
442 1.706676
443 1.725541
444 1.730404
445 1.731620
446 1.730279
447 1.709282
448 1.690194
449 1.687845
450 1.670945
451 1.626457
452 1.599537
453 1.593836
454 1.604703
455 1.575482
456 1.569591
457 1.579815
458 1.548677
459 1.526221
460 1.532717
461 1.538391
462 1.535798
463 1.526520
464 1.515370
465 1.493859
466 1.480324
467 1.474668
468 1.481544
469 1.472534
470 1.472086
471 1.468586
472 1.448820
473 1.440351
474 1.426955
475 1.410188
476 1.416865
477 1.404960
478 1.392599
479 1.387529
480 1.407167
481 1.430786
482 1.429838
483 1.418854
484 1.404550
485 1.393582
486 1.387762
487 1.370506
488 1.360892
489 1.336169
490 1.309309
491 1.287481
492 1.300978
493 1.318312
494 1.304191
495 1.283849
496 1.254065
497 1.217515
498 1.200211
499 1.189624
500 1.182051
501 1.169548
502 1.160448
503 1.167716
504 1.166334
505 1.154393
506 1.140595
507 1.135219
508 1.129016
509 1.133203
510 1.118784
511 1.109240
512 1.102128
513 1.096259
514 1.087081
515 1.066829
516 1.048488
517 1.035975
518 1.021508
519 1.004538
520 0.992970
521 0.984062
522 0.975845
523 0.954847
524 0.939585
525 0.930816
526 0.922648
527 0.915773
528 0.915470
529 0.913997
530 0.905412
531 0.900889
532 0.893203
533 0.871425
534 0.833283
535 0.810560
536 0.781855
537 0.762636
538 0.740420
539 0.727502
540 0.711730
541 0.697069
542 0.678140
543 0.664215
544 0.652419
545 0.644827
546 0.642563
547 0.641093
548 0.630363
549 0.619373
550 0.605331
551 0.592716
552 0.591093
553 0.584378
554 0.572907
555 0.567468
556 0.566525
557 0.554423
558 0.542305
559 0.537799
560 0.538428
561 0.532115
562 0.526196
563 0.522939
564 0.514669
565 0.506993
566 0.501352
567 0.492321
568 0.479903
569 0.473040
570 0.470587
571 0.465278
572 0.459985
573 0.457948
574 0.454650
575 0.453724
576 0.450282
577 0.445325
578 0.441621
579 0.441562
580 0.438986
581 0.428815
582 0.424616
583 0.416405
584 0.400272
585 0.387212
586 0.382563
587 0.377942
588 0.373565
589 0.370889
590 0.365483
591 0.364011
592 0.354691
593 0.344627
594 0.338223
595 0.330102
596 0.317582
597 0.303833
598 0.294524
599 0.284131
600 0.274872
601 0.266848
602 0.259907
603 0.252559
604 0.245054
605 0.240209
606 0.236705
607 0.233310
608 0.229789
609 0.225028
610 0.218117
611 0.209793
612 0.203775
613 0.199326
614 0.196133
615 0.192251
616 0.187739
617 0.184579
618 0.180545
619 0.176393
620 0.173886
621 0.170248
622 0.166676
623 0.165643
624 0.163122
625 0.162931
626 0.159909
627 0.157557
628 0.155739
629 0.154303
630 0.151428
631 0.147136
632 0.142947
633 0.140690
634 0.139871
635 0.138366
636 0.137172
637 0.135711
638 0.136229
639 0.135912
640 0.132929
641 0.131013
642 0.127670
643 0.122989
644 0.119495
645 0.118559
646 0.117259
647 0.114021
648 0.112640
649 0.111065
650 0.110289
651 0.107974
652 0.104557
653 0.101465
654 0.098736
655 0.094254
656 0.091292
657 0.089400
658 0.086716
659 0.083972
660 0.081579
661 0.080105
662 0.077857
663 0.075707
664 0.074599
665 0.073877
666 0.072753
667 0.070419
668 0.068618
669 0.067303
670 0.065449
671 0.063639
672 0.060760
673 0.058487
674 0.057391
675 0.056026
676 0.054261
677 0.052399
678 0.050970
679 0.050088
680 0.049227
681 0.048349
682 0.047570
683 0.046812
684 0.046355
685 0.045641
686 0.044226
687 0.042814
688 0.041263
689 0.040233
690 0.039434
691 0.038607
692 0.038072
693 0.037738
694 0.037066
695 0.036642
696 0.035949
697 0.035119
698 0.034508
699 0.034039
700 0.033994
701 0.033776
702 0.032848
703 0.032267
704 0.031858
705 0.031703
706 0.031299
707 0.030693
708 0.029882
709 0.029745
710 0.029459
711 0.029043
712 0.028912
713 0.028704
714 0.028244
715 0.027765
716 0.027352
717 0.026710
718 0.026349
719 0.025738
720 0.025295
721 0.024684
722 0.024000
723 0.023668
724 0.023823
725 0.023539
726 0.023094
727 0.022677
728 0.022227
729 0.021677
730 0.021224
731 0.021053
732 0.020686
733 0.020410
734 0.020171
735 0.019656
736 0.019141
737 0.018644
738 0.018151
739 0.017866
740 0.017395
741 0.017320
742 0.017262
743 0.016962
744 0.016619
745 0.016240
746 0.015868
747 0.015568
748 0.015336
749 0.015001
750 0.014808
751 0.014717
752 0.014684
753 0.014635
754 0.014272
755 0.014061
756 0.013972
757 0.013649
758 0.013239
759 0.012895
760 0.012610
761 0.012368
762 0.012147
763 0.011804
764 0.011538
765 0.011392
766 0.011250
767 0.011010
768 0.010786
769 0.010558
770 0.010405
771 0.010269
772 0.009956
773 0.009743
774 0.009613
775 0.009515
776 0.009317
777 0.008993
778 0.008600
779 0.008290
780 0.008038
781 0.007908
782 0.007788
783 0.007691
784 0.007585
785 0.007539
786 0.007435
787 0.007211
788 0.007047
789 0.006905
790 0.006724
791 0.006607
792 0.006561
793 0.006443
794 0.006311
795 0.006174
796 0.006003
797 0.005956
798 0.005959
799 0.005925
800 0.005872
801 0.005754
802 0.005713
803 0.005718
804 0.005656
805 0.005566
806 0.005436
807 0.005289
808 0.005081
809 0.004880
810 0.004753
811 0.004593
812 0.004487
813 0.004411
814 0.004275
815 0.004160
816 0.004040
817 0.003932
818 0.003841
819 0.003759
820 0.003702
821 0.003612
822 0.003556
823 0.003510
824 0.003449
825 0.003366
826 0.003316
827 0.003300
828 0.003287
829 0.003245
830 0.003201
831 0.003154
832 0.003099
833 0.003057
834 0.003017
835 0.002984
836 0.002984
837 0.002974
838 0.002970
839 0.002961
840 0.002948
841 0.002910
842 0.002892
843 0.002842
844 0.002789
845 0.002741
846 0.002685
847 0.002649
848 0.002594
849 0.002516
850 0.002444
851 0.002377
852 0.002337
853 0.002271
854 0.002227
855 0.002172
856 0.002125
857 0.002065
858 0.001993
859 0.001945
860 0.001891
861 0.001851
862 0.001826
863 0.001773
864 0.001728
865 0.001683
866 0.001653
867 0.001662
868 0.001658
869 0.001629
870 0.001601
871 0.001553
872 0.001513
873 0.001500
874 0.001460
875 0.001419
876 0.001392
877 0.001367
878 0.001347
879 0.001316
880 0.001293
881 0.001262
882 0.001220
883 0.001172
884 0.001146
885 0.001128
886 0.001101
887 0.001082
888 0.001052
889 0.001035
890 0.001016
891 0.001001
892 0.000998
893 0.000998
894 0.001000
895 0.000992
896 0.000981
897 0.000971
898 0.000956
899 0.000936
900 0.000926
901 0.000904
902 0.000880
903 0.000863
904 0.000852
905 0.000846
906 0.000845
907 0.000830
908 0.000815
909 0.000808
910 0.000789
911 0.000762
912 0.000747
913 0.000725
914 0.000699
915 0.000687
916 0.000683
917 0.000676
918 0.000676
919 0.000663
920 0.000647
921 0.000637
922 0.000634
923 0.000634
924 0.000631
925 0.000631
926 0.000620
927 0.000610
928 0.000599
929 0.000590
930 0.000572
931 0.000558
932 0.000546
933 0.000530
934 0.000511
935 0.000494
936 0.000475
937 0.000460
938 0.000444
939 0.000427
940 0.000404
941 0.000390
942 0.000377
943 0.000360
944 0.000345
945 0.000336
946 0.000324
947 0.000317
948 0.000309
949 0.000296
950 0.000288
951 0.000278
952 0.000269
953 0.000262
954 0.000255
955 0.000247
956 0.000240
957 0.000235
958 0.000226
959 0.000217
960 0.000208
961 0.000200
962 0.000194
963 0.000189
964 0.000184
965 0.000180
966 0.000176
967 0.000171
968 0.000168
969 0.000165
970 0.000162
971 0.000159
972 0.000155
973 0.000152
974 0.000151
975 0.000149
976 0.000146
977 0.000145
978 0.000144
979 0.000140
980 0.000136
981 0.000132
982 0.000129
983 0.000127
984 0.000126
985 0.000123
986 0.000121
987 0.000120
988 0.000117
989 0.000112
990 0.000108
991 0.000104
992 0.000102
993 0.000101
994 0.000101
995 0.000100
996 0.000100
997 0.000101
998 0.000101
999 0.000099
1000 0.000099
1001 0.000100
1002 0.000099
1003 0.000098
1004 0.000098
1005 0.000098
1006 0.000098
1007 0.000097
1008 0.000096
1009 0.000095
1010 0.000093
1011 0.000092
1012 0.000089
1013 0.000086
1014 0.000083
1015 0.000080
1016 0.000078
1017 0.000076
1018 0.000073
1019 0.000070
1020 0.000068
1021 0.000065
1022 0.000064
1023 0.000062
1024 0.000061
1025 0.000059
1026 0.000057
1027 0.000055
1028 0.000053
1029 0.000052
1030 0.000051
1031 0.000050
1032 0.000049
1033 0.000048
1034 0.000046
1035 0.000045
1036 0.000043
1037 0.000042
1038 0.000040
1039 0.000039
1040 0.000038
1041 0.000037
1042 0.000036
1043 0.000035
1044 0.000033
1045 0.000032
1046 0.000030
1047 0.000028
1048 0.000027
1049 0.000026
1050 0.000025
1051 0.000024
1052 0.000023
1053 0.000022
1054 0.000021
1055 0.000020
1056 0.000020
1057 0.000019
1058 0.000018
1059 0.000018
1060 0.000017
1061 0.000016
1062 0.000016
1063 0.000015
1064 0.000014
1065 0.000014
1066 0.000014
1067 0.000013
1068 0.000013
1069 0.000013
1070 0.000013
1071 0.000013
1072 0.000013
1073 0.000012
1074 0.000012
1075 0.000011
1076 0.000011
1077 0.000011
1078 0.000010
1079 0.000010
1080 0.000010
1081 0.000010
1082 0.000010
1083 0.000009
1084 0.000009
1085 0.000009
1086 0.000009
1087 0.000009
1088 0.000008
1089 0.000008
1090 0.000008
1091 0.000008
1092 0.000008
1093 0.000008
1094 0.000008
1095 0.000008
1096 0.000008
1097 0.000007
1098 0.000007
1099 0.000007
1100 0.000007
1101 0.000007
1102 0.000007
1103 0.000007
1104 0.000007
1105 0.000007
1106 0.000007
1107 0.000007
1108 0.000007
1109 0.000007
1110 0.000007
1111 0.000007
1112 0.000007
1113 0.000006
1114 0.000006
1115 0.000006
1116 0.000006
1117 0.000006
1118 0.000006
1119 0.000006
1120 0.000006
1121 0.000006
1122 0.000006
1123 0.000005
1124 0.000005
1125 0.000005
1126 0.000005
1127 0.000005
1128 0.000005
1129 0.000005
1130 0.000005
1131 0.000005
1132 0.000005
1133 0.000005
1134 0.000005
1135 0.000005
1136 0.000004
1137 0.000004
1138 0.000004
1139 0.000004
1140 0.000004
1141 0.000004
1142 0.000004
1143 0.000004
1144 0.000003
1145 0.000003
1146 0.000003
1147 0.000003
1148 0.000003
1149 0.000003
1150 0.000003
1151 0.000003
1152 0.000003
1153 0.000003
1154 0.000003
1155 0.000003
1156 0.000003
1157 0.000003
1158 0.000003
1159 0.000003
1160 0.000003
1161 0.000003
1162 0.000002
1163 0.000002
1164 0.000002
1165 0.000002
1166 0.000002
1167 0.000002
1168 0.000002
1169 0.000002
1170 0.000002
1171 0.000002
1172 0.000002
1173 0.000002
1174 0.000002
1175 0.000002
1176 0.000002
1177 0.000001
1178 0.000001
1179 0.000001
1180 0.000001
1181 0.000001
1182 0.000001
1183 0.000001
1184 0.000001
1185 0.000001
1186 0.000001
1187 0.000001
1188 0.000001
1189 0.000001
1190 0.000001
1191 0.000001
1192 0.000001
1193 0.000001
1194 0.000001
1195 0.000001
1196 0.000001
1197 0.000001
1198 0.000001
1199 0.000001
1200 0.000001
1201 0.000001
1202 0.000001
1203 0.000001
1204 0.000001
1205 0.000001
1206 0.000001
1207 0.000001
1208 0.000001
1209 0.000001
1210 0.000000
1211 0.000000
1212 0.000000
1213 0.000000
1214 0.000000
1215 0.000000
1216 0.000000
1217 0.000000
1218 0.000000
1219 0.000000
1220 0.000000
1221 0.000000
1222 0.000000
1223 0.000000
1224 0.000000
1225 0.000000
1226 0.000000
1227 0.000000
1228 0.000000
1229 0.000000
1230 0.000000
1231 0.000000
1232 0.000000
1233 0.000000
1234 0.000000
1235 0.000000
1236 0.000000
1237 0.000000
1238 0.000000
1239 0.000000
1240 0.000000
1241 0.000000
1242 0.000000
1243 0.000000
1244 0.000000
1245 0.000000
1246 0.000000
1247 0.000000
1248 0.000000
1249 0.000000
1250 0.000000
1251 0.000000
1252 0.000000
1253 0.000000
