#ite residual of mtx/thermal1.mtx
1 2.215203
2 4.438795
3 6.529759
4 9.164336
5 10.856844
6 12.813288
7 13.352774
8 14.573631
9 14.719577
10 15.594667
11 15.651839
12 16.058006
13 15.752023
14 15.873444
15 15.747670
16 15.759357
17 15.665335
18 15.802495
19 16.209668
20 16.284331
21 16.526469
22 16.421681
23 16.687374
24 16.465106
25 16.421057
26 16.137644
27 16.247104
28 16.005019
29 16.500050
30 16.548674
31 16.832535
32 16.370338
33 16.185173
34 15.918948
35 15.933379
36 15.659931
37 15.799024
38 15.809331
39 16.126800
40 16.074190
41 16.044166
42 15.792978
43 15.449131
44 15.258164
45 15.247310
46 15.233952
47 15.185523
48 15.327783
49 15.126442
50 15.005755
51 14.723176
52 14.642155
53 14.461829
54 14.693580
55 14.820671
56 15.399338
57 15.690810
58 15.766034
59 15.706743
60 15.851618
61 15.861363
62 15.950491
63 15.814107
64 16.081555
65 16.556540
66 16.966525
67 16.846784
68 16.809236
69 16.682443
70 16.496154
71 16.424118
72 16.530337
73 16.954661
74 17.115447
75 17.130982
76 16.756521
77 16.629561
78 16.374668
79 16.330831
80 16.198997
81 16.205761
82 16.119282
83 16.233640
84 16.161928
85 15.950298
86 15.358739
87 15.010060
88 14.645135
89 14.373437
90 14.112947
91 13.972307
92 13.982996
93 14.148375
94 14.311094
95 14.298566
96 14.388248
97 14.456930
98 14.654194
99 14.416714
100 14.292506
101 14.139944
102 14.196175
103 14.004076
104 13.831877
105 13.451108
106 13.307352
107 13.136402
108 12.863820
109 12.656253
110 12.613989
111 12.496996
112 12.400152
113 12.408474
114 12.336783
115 12.069438
116 11.781299
117 11.428585
118 11.014401
119 10.790947
120 10.627123
121 10.486642
122 10.279367
123 10.085395
124 9.843773
125 9.693246
126 9.626263
127 9.685119
128 9.629058
129 9.728485
130 9.716768
131 9.897530
132 10.025221
133 9.967143
134 9.881382
135 9.891734
136 9.899109
137 10.045598
138 10.037801
139 10.093741
140 10.123794
141 10.015843
142 9.865520
143 9.625032
144 9.599279
145 9.513450
146 9.524688
147 9.575313
148 9.506682
149 9.316649
150 9.381596
151 9.402221
152 9.496738
153 9.509652
154 9.406679
155 9.429238
156 9.437302
157 9.356187
158 9.314331
159 9.336464
160 9.340001
161 9.433450
162 9.461309
163 9.512367
164 9.494791
165 9.632874
166 9.735570
167 9.679855
168 9.514418
169 9.533432
170 9.606113
171 9.823837
172 9.839929
173 9.922210
174 9.996654
175 10.043959
176 9.987767
177 10.075633
178 10.263298
179 10.375899
180 10.306251
181 10.167096
182 10.130825
183 9.993841
184 9.788369
185 9.607688
186 9.559513
187 9.589941
188 9.535858
189 9.491925
190 9.599874
191 9.605186
192 9.612496
193 9.512847
194 9.289659
195 9.141642
196 9.048673
197 8.841175
198 8.736312
199 8.639001
200 8.559918
201 8.495778
202 8.445090
203 8.454349
204 8.526279
205 8.655708
206 8.649201
207 8.516572
208 8.570286
209 8.628187
210 8.683739
211 8.732040
212 8.667851
213 8.637599
214 8.545229
215 8.455749
216 8.347867
217 8.204344
218 8.099209
219 8.041850
220 8.011179
221 7.964986
222 7.919059
223 7.795925
224 7.744400
225 7.672124
226 7.645233
227 7.572952
228 7.533291
229 7.546344
230 7.593734
231 7.609958
232 7.597894
233 7.610385
234 7.621479
235 7.536318
236 7.422836
237 7.283878
238 7.220097
239 7.129059
240 6.998488
241 6.829739
242 6.713076
243 6.631418
244 6.489746
245 6.341948
246 6.247542
247 6.125443
248 5.985429
249 5.982451
250 6.002846
251 6.028167
252 6.056481
253 6.058106
254 6.044311
255 5.970505
256 5.865745
257 5.807062
258 5.707427
259 5.621113
260 5.538647
261 5.475667
262 5.375580
263 5.320580
264 5.299911
265 5.250996
266 5.167252
267 5.122406
268 5.200053
269 5.222884
270 5.169244
271 5.135092
272 5.151862
273 5.134420
274 5.190530
275 5.227212
276 5.253063
277 5.259894
278 5.269734
279 5.256737
280 5.258685
281 5.203828
282 5.122800
283 5.047295
284 4.969097
285 4.884930
286 4.879714
287 4.904110
288 4.873485
289 4.902662
290 4.902328
291 4.966437
292 4.976664
293 4.967297
294 5.000151
295 5.004196
296 5.038977
297 5.042566
298 5.018629
299 5.016311
300 5.021887
301 5.009092
302 4.956953
303 4.970437
304 4.970606
305 4.956886
306 4.917525
307 4.865016
308 4.807563
309 4.700092
310 4.639337
311 4.600742
312 4.545211
313 4.523590
314 4.479891
315 4.508511
316 4.613480
317 4.588971
318 4.522859
319 4.490587
320 4.440185
321 4.362493
322 4.369431
323 4.357948
324 4.328011
325 4.300524
326 4.289536
327 4.219502
328 4.208611
329 4.249263
330 4.245371
331 4.256311
332 4.251600
333 4.227060
334 4.183145
335 4.164736
336 4.176255
337 4.164043
338 4.153060
339 4.152557
340 4.163958
341 4.193424
342 4.151652
343 4.121027
344 4.062494
345 3.954000
346 3.878088
347 3.815365
348 3.762692
349 3.713292
350 3.662077
351 3.587317
352 3.520554
353 3.477892
354 3.464567
355 3.429630
356 3.392317
357 3.353052
358 3.272595
359 3.181214
360 3.131359
361 3.054164
362 3.006800
363 2.929629
364 2.900108
365 2.928911
366 2.911550
367 2.932052
368 2.957025
369 2.972942
370 3.000185
371 3.006752
372 2.996032
373 2.996720
374 2.990695
375 2.963476
376 2.921596
377 2.904038
378 2.866799
379 2.812459
380 2.775219
381 2.762814
382 2.770277
383 2.762642
384 2.759969
385 2.760380
386 2.731167
387 2.728312
388 2.701998
389 2.657377
390 2.621946
391 2.570701
392 2.510556
393 2.452770
394 2.432677
395 2.437057
396 2.447006
397 2.464470
398 2.488285
399 2.479009
400 2.495324
401 2.513313
402 2.521393
403 2.518503
404 2.550574
405 2.571282
406 2.578087
407 2.572093
408 2.578623
409 2.573249
410 2.555807
411 2.526541
412 2.526787
413 2.503649
414 2.515795
415 2.557952
416 2.566201
417 2.585864
418 2.622757
419 2.671530
420 2.683463
421 2.677918
422 2.635374
423 2.593061
424 2.546463
425 2.493842
426 2.427370
427 2.386128
428 2.337198
429 2.282328
430 2.244674
431 2.210146
432 2.142926
433 2.061474
434 1.999846
435 1.957886
436 1.919610
437 1.886937
438 1.856096
439 1.835415
440 1.829187
441 1.837679
442 1.818626
443 1.791888
444 1.762647
445 1.724340
446 1.684834
447 1.661493
448 1.625561
449 1.586640
450 1.547626
451 1.518481
452 1.492314
453 1.468183
454 1.458988
455 1.461638
456 1.454413
457 1.460889
458 1.473745
459 1.496094
460 1.498279
461 1.498181
462 1.500747
463 1.488197
464 1.479876
465 1.493964
466 1.490533
467 1.485448
468 1.490952
469 1.487383
470 1.488512
471 1.482480
472 1.477041
473 1.475398
474 1.471991
475 1.467258
476 1.475462
477 1.499785
478 1.517573
479 1.523598
480 1.514707
481 1.510170
482 1.508947
483 1.517831
484 1.511454
485 1.511773
486 1.526109
487 1.538421
488 1.536403
489 1.519442
490 1.494632
491 1.466928
492 1.437139
493 1.400630
494 1.357037
495 1.331615
496 1.306165
497 1.270366
498 1.237958
499 1.217574
500 1.203367
501 1.211150
502 1.216771
503 1.235808
504 1.238852
505 1.231040
506 1.226759
507 1.235532
508 1.239390
509 1.251834
510 1.238406
511 1.228924
512 1.207262
513 1.193404
514 1.196524
515 1.179977
516 1.172625
517 1.161570
518 1.159999
519 1.171769
520 1.181965
521 1.190638
522 1.193534
523 1.204004
524 1.206737
525 1.204190
526 1.201638
527 1.189559
528 1.179459
529 1.176549
530 1.174855
531 1.168292
532 1.149128
533 1.125581
534 1.103652
535 1.093094
536 1.092401
537 1.097204
538 1.101946
539 1.086643
540 1.081068
541 1.064474
542 1.040100
543 1.022076
544 1.003639
545 0.979862
546 0.957374
547 0.937279
548 0.925684
549 0.916087
550 0.906014
551 0.907762
552 0.894055
553 0.881862
554 0.869457
555 0.855932
556 0.842416
557 0.844142
558 0.853571
559 0.857242
560 0.853652
561 0.839199
562 0.825953
563 0.815878
564 0.805473
565 0.793699
566 0.778718
567 0.766613
568 0.756636
569 0.748828
570 0.738650
571 0.728769
572 0.719854
573 0.702565
574 0.693844
575 0.687242
576 0.683251
577 0.679844
578 0.674847
579 0.670492
580 0.668718
581 0.654395
582 0.645895
583 0.628543
584 0.613113
585 0.602355
586 0.596100
587 0.591251
588 0.590573
589 0.582531
590 0.570379
591 0.559678
592 0.546070
593 0.544851
594 0.542765
595 0.539021
596 0.530083
597 0.525756
598 0.520770
599 0.519920
600 0.511871
601 0.504065
602 0.497574
603 0.486947
604 0.480101
605 0.472467
606 0.462607
607 0.455644
608 0.449276
609 0.442836
610 0.437451
611 0.435690
612 0.430004
613 0.424245
614 0.417453
615 0.414969
616 0.412627
617 0.410147
618 0.404580
619 0.396968
620 0.388655
621 0.380211
622 0.372193
623 0.361473
624 0.348937
625 0.341048
626 0.330012
627 0.321508
628 0.313998
629 0.303638
630 0.298025
631 0.291918
632 0.283623
633 0.275619
634 0.267318
635 0.257395
636 0.247951
637 0.239343
638 0.230199
639 0.219457
640 0.211589
641 0.207395
642 0.201900
643 0.193716
644 0.189845
645 0.187323
646 0.183402
647 0.180724
648 0.178013
649 0.173914
650 0.171353
651 0.169048
652 0.165765
653 0.163346
654 0.159487
655 0.157013
656 0.154253
657 0.148715
658 0.142804
659 0.137481
660 0.132022
661 0.127007
662 0.124020
663 0.120984
664 0.117808
665 0.114855
666 0.111489
667 0.108590
668 0.106823
669 0.106167
670 0.104027
671 0.101568
672 0.100402
673 0.098748
674 0.097440
675 0.095668
676 0.093295
677 0.091657
678 0.091028
679 0.090082
680 0.088501
681 0.087403
682 0.086262
683 0.085326
684 0.085037
685 0.085349
686 0.085316
687 0.084788
688 0.084085
689 0.082550
690 0.082185
691 0.081000
692 0.080393
693 0.080783
694 0.079819
695 0.078815
696 0.078029
697 0.077119
698 0.076731
699 0.076053
700 0.075717
701 0.075619
702 0.075943
703 0.075568
704 0.074276
705 0.073719
706 0.072799
707 0.071921
708 0.071650
709 0.070560
710 0.069238
711 0.068296
712 0.067620
713 0.067069
714 0.066464
715 0.066248
716 0.065428
717 0.064407
718 0.062617
719 0.061817
720 0.060208
721 0.059398
722 0.058425
723 0.057263
724 0.056222
725 0.055308
726 0.054303
727 0.053665
728 0.052943
729 0.052193
730 0.051064
731 0.049909
732 0.048986
733 0.048422
734 0.047601
735 0.046003
736 0.044606
737 0.043556
738 0.042320
739 0.040777
740 0.039878
741 0.038797
742 0.037669
743 0.036776
744 0.036046
745 0.034963
746 0.034280
747 0.033742
748 0.033286
749 0.032503
750 0.031695
751 0.030996
752 0.030145
753 0.029623
754 0.028952
755 0.028567
756 0.028137
757 0.027552
758 0.027053
759 0.026504
760 0.025635
761 0.024924
762 0.024067
763 0.023398
764 0.022811
765 0.022266
766 0.021718
767 0.021106
768 0.020459
769 0.019840
770 0.019141
771 0.018690
772 0.018158
773 0.017540
774 0.017343
775 0.016692
776 0.015980
777 0.015613
778 0.015325
779 0.015079
780 0.014782
781 0.014374
782 0.013928
783 0.013626
784 0.013397
785 0.013099
786 0.012780
787 0.012406
788 0.012017
789 0.011696
790 0.011435
791 0.011337
792 0.011174
793 0.010946
794 0.010823
795 0.010725
796 0.010497
797 0.010167
798 0.009959
799 0.009625
800 0.009258
801 0.008984
802 0.008817
803 0.008590
804 0.008342
805 0.008259
806 0.008128
807 0.007993
808 0.007889
809 0.007772
810 0.007627
811 0.007428
812 0.007261
813 0.007180
814 0.007049
815 0.006923
816 0.006763
817 0.006623
818 0.006522
819 0.006317
820 0.006185
821 0.006053
822 0.005858
823 0.005687
824 0.005562
825 0.005405
826 0.005214
827 0.005184
828 0.005180
829 0.005174
830 0.005153
831 0.005022
832 0.004917
833 0.004770
834 0.004651
835 0.004525
836 0.004361
837 0.004188
838 0.004053
839 0.003939
840 0.003831
841 0.003775
842 0.003767
843 0.003675
844 0.003563
845 0.003464
846 0.003377
847 0.003283
848 0.003169
849 0.003093
850 0.003064
851 0.003032
852 0.002945
853 0.002883
854 0.002848
855 0.002814
856 0.002749
857 0.002707
858 0.002642
859 0.002572
860 0.002509
861 0.002443
862 0.002366
863 0.002286
864 0.002234
865 0.002179
866 0.002142
867 0.002092
868 0.002027
869 0.001971
870 0.001935
871 0.001889
872 0.001815
873 0.001725
874 0.001651
875 0.001591
876 0.001550
877 0.001495
878 0.001446
879 0.001420
880 0.001386
881 0.001344
882 0.001297
883 0.001261
884 0.001231
885 0.001201
886 0.001160
887 0.001142
888 0.001105
889 0.001069
890 0.001061
891 0.001054
892 0.001038
893 0.001029
894 0.001013
895 0.000995
896 0.000970
897 0.000955
898 0.000945
899 0.000940
900 0.000932
901 0.000923
902 0.000905
903 0.000897
904 0.000894
905 0.000899
906 0.000900
907 0.000895
908 0.000888
909 0.000880
910 0.000879
911 0.000883
912 0.000885
913 0.000882
914 0.000883
915 0.000877
916 0.000868
917 0.000869
918 0.000865
919 0.000854
920 0.000839
921 0.000824
922 0.000814
923 0.000799
924 0.000777
925 0.000764
926 0.000749
927 0.000731
928 0.000728
929 0.000720
930 0.000718
931 0.000713
932 0.000701
933 0.000683
934 0.000667
935 0.000654
936 0.000647
937 0.000639
938 0.000636
939 0.000625
940 0.000610
941 0.000599
942 0.000589
943 0.000577
944 0.000566
945 0.000547
946 0.000538
947 0.000533
948 0.000527
949 0.000520
950 0.000511
951 0.000506
952 0.000507
953 0.000504
954 0.000503
955 0.000503
956 0.000498
957 0.000491
958 0.000488
959 0.000480
960 0.000467
961 0.000450
962 0.000435
963 0.000426
964 0.000413
965 0.000400
966 0.000388
967 0.000377
968 0.000365
969 0.000356
970 0.000351
971 0.000348
972 0.000345
973 0.000338
974 0.000327
975 0.000320
976 0.000312
977 0.000306
978 0.000302
979 0.000299
980 0.000297
981 0.000295
982 0.000290
983 0.000284
984 0.000277
985 0.000268
986 0.000259
987 0.000252
988 0.000242
989 0.000235
990 0.000232
991 0.000227
992 0.000221
993 0.000216
994 0.000212
995 0.000207
996 0.000203
997 0.000197
998 0.000192
999 0.000188
1000 0.000186
1001 0.000184
1002 0.000185
1003 0.000184
1004 0.000183
1005 0.000181
1006 0.000178
1007 0.000176
1008 0.000173
1009 0.000170
1010 0.000165
1011 0.000161
1012 0.000160
1013 0.000159
1014 0.000154
1015 0.000150
1016 0.000147
1017 0.000144
1018 0.000141
1019 0.000137
1020 0.000134
1021 0.000131
1022 0.000127
1023 0.000123
1024 0.000120
1025 0.000117
1026 0.000114
1027 0.000112
1028 0.000109
1029 0.000106
1030 0.000105
1031 0.000101
1032 0.000099
1033 0.000096
1034 0.000093
1035 0.000091
1036 0.000089
1037 0.000087
1038 0.000084
1039 0.000082
1040 0.000079
1041 0.000077
1042 0.000074
1043 0.000073
1044 0.000071
1045 0.000069
1046 0.000067
1047 0.000065
1048 0.000063
1049 0.000061
1050 0.000059
1051 0.000058
1052 0.000057
1053 0.000055
1054 0.000054
1055 0.000053
1056 0.000053
1057 0.000051
1058 0.000050
1059 0.000048
1060 0.000046
1061 0.000045
1062 0.000043
1063 0.000042
1064 0.000041
1065 0.000040
1066 0.000039
1067 0.000037
1068 0.000036
1069 0.000035
1070 0.000034
1071 0.000033
1072 0.000031
1073 0.000030
1074 0.000029
1075 0.000028
1076 0.000027
1077 0.000026
1078 0.000025
1079 0.000024
1080 0.000023
1081 0.000023
1082 0.000022
1083 0.000022
1084 0.000022
1085 0.000021
1086 0.000021
1087 0.000021
1088 0.000020
1089 0.000020
1090 0.000019
1091 0.000018
1092 0.000018
1093 0.000017
1094 0.000017
1095 0.000016
1096 0.000016
1097 0.000016
1098 0.000015
1099 0.000015
1100 0.000015
1101 0.000015
1102 0.000015
1103 0.000014
1104 0.000014
1105 0.000014
1106 0.000013
1107 0.000013
1108 0.000013
1109 0.000013
1110 0.000013
1111 0.000013
1112 0.000013
1113 0.000013
1114 0.000013
1115 0.000013
1116 0.000012
1117 0.000012
1118 0.000012
1119 0.000012
1120 0.000011
1121 0.000011
1122 0.000011
1123 0.000011
1124 0.000011
1125 0.000011
1126 0.000010
1127 0.000010
1128 0.000010
1129 0.000010
1130 0.000010
1131 0.000009
1132 0.000009
1133 0.000009
1134 0.000009
1135 0.000009
1136 0.000009
1137 0.000009
1138 0.000008
1139 0.000008
1140 0.000008
1141 0.000008
1142 0.000008
1143 0.000007
1144 0.000007
1145 0.000007
1146 0.000007
1147 0.000006
1148 0.000006
1149 0.000006
1150 0.000006
1151 0.000006
1152 0.000006
1153 0.000006
1154 0.000006
1155 0.000005
1156 0.000005
1157 0.000005
1158 0.000005
1159 0.000005
1160 0.000005
1161 0.000005
1162 0.000005
1163 0.000005
1164 0.000004
1165 0.000004
1166 0.000004
1167 0.000004
1168 0.000004
1169 0.000004
1170 0.000004
1171 0.000004
1172 0.000004
1173 0.000004
1174 0.000004
1175 0.000003
1176 0.000003
1177 0.000003
1178 0.000003
1179 0.000003
1180 0.000003
1181 0.000003
1182 0.000003
1183 0.000003
1184 0.000003
1185 0.000003
1186 0.000003
1187 0.000003
1188 0.000002
1189 0.000002
1190 0.000002
1191 0.000002
1192 0.000002
1193 0.000002
1194 0.000002
1195 0.000002
1196 0.000002
1197 0.000002
1198 0.000002
1199 0.000002
1200 0.000002
1201 0.000002
1202 0.000002
1203 0.000002
1204 0.000002
1205 0.000002
1206 0.000002
1207 0.000001
1208 0.000001
1209 0.000001
1210 0.000001
1211 0.000001
1212 0.000001
1213 0.000001
1214 0.000001
1215 0.000001
1216 0.000001
1217 0.000001
1218 0.000001
1219 0.000001
1220 0.000001
1221 0.000001
1222 0.000001
1223 0.000001
1224 0.000001
1225 0.000001
1226 0.000001
1227 0.000001
1228 0.000001
1229 0.000001
1230 0.000001
1231 0.000001
1232 0.000001
1233 0.000001
1234 0.000001
1235 0.000001
1236 0.000001
1237 0.000001
1238 0.000001
1239 0.000001
1240 0.000001
1241 0.000001
1242 0.000001
1243 0.000001
1244 0.000000
1245 0.000000
1246 0.000000
1247 0.000000
1248 0.000000
1249 0.000000
1250 0.000000
1251 0.000000
1252 0.000000
1253 0.000000
1254 0.000000
1255 0.000000
1256 0.000000
1257 0.000000
1258 0.000000
1259 0.000000
1260 0.000000
1261 0.000000
1262 0.000000
1263 0.000000
1264 0.000000
1265 0.000000
1266 0.000000
1267 0.000000
1268 0.000000
1269 0.000000
1270 0.000000
1271 0.000000
1272 0.000000
1273 0.000000
1274 0.000000
1275 0.000000
1276 0.000000
1277 0.000000
1278 0.000000
1279 0.000000
1280 0.000000
1281 0.000000
1282 0.000000
1283 0.000000
1284 0.000000
1285 0.000000
1286 0.000000
1287 0.000000
1288 0.000000
1289 0.000000
1290 0.000000
1291 0.000000
1292 0.000000
1293 0.000000
1294 0.000000
1295 0.000000
1296 0.000000
1297 0.000000
1298 0.000000
1299 0.000000
1300 0.000000
1301 0.000000
1302 0.000000
1303 0.000000
1304 0.000000
1305 0.000000
1306 0.000000
1307 0.000000
1308 0.000000
1309 0.000000
1310 0.000000
1311 0.000000
1312 0.000000
