#ite residual of mtx/thermal1.mtx
1 3.501595
2 6.298234
3 7.890846
4 10.742670
5 12.011015
6 14.650226
7 15.940553
8 18.143794
9 18.090828
10 18.653475
11 18.545509
12 19.113207
13 18.954269
14 19.379696
15 19.039606
16 18.971066
17 18.555755
18 18.420235
19 18.154851
20 17.917259
21 17.996790
22 18.061522
23 18.258566
24 18.224991
25 18.785503
26 18.573318
27 18.689198
28 18.460540
29 18.721463
30 18.323123
31 18.598299
32 18.354680
33 18.428338
34 18.082531
35 17.904816
36 17.513518
37 17.447600
38 17.246036
39 17.273636
40 17.214260
41 17.224130
42 17.124508
43 17.111799
44 16.861069
45 16.911544
46 17.048120
47 17.232968
48 17.451584
49 17.316177
50 17.284750
51 17.077216
52 17.113918
53 16.862919
54 16.976235
55 16.463576
56 16.305949
57 15.917684
58 15.550812
59 15.120708
60 15.191863
61 15.120172
62 15.321973
63 15.475763
64 15.715387
65 15.840275
66 15.938222
67 16.017032
68 15.742475
69 15.422863
70 15.276747
71 15.214769
72 14.835271
73 14.592626
74 14.296271
75 14.077077
76 14.110270
77 14.478850
78 14.477997
79 14.646423
80 14.672853
81 14.754545
82 14.630351
83 14.781654
84 14.493485
85 14.268585
86 13.936446
87 13.543237
88 13.387733
89 13.475020
90 13.443495
91 13.242584
92 12.954338
93 12.771995
94 12.743402
95 12.641438
96 12.638071
97 12.561055
98 12.638482
99 12.694996
100 12.478521
101 12.117849
102 12.080523
103 12.054053
104 12.409300
105 12.625563
106 12.803266
107 12.896883
108 13.031323
109 12.887807
110 12.725186
111 12.843938
112 12.701137
113 12.512324
114 12.263304
115 11.978797
116 11.851548
117 11.988442
118 12.213131
119 12.327207
120 12.409195
121 12.661753
122 12.421861
123 12.226234
124 11.807330
125 11.659163
126 11.398607
127 11.311787
128 11.149834
129 10.988772
130 10.775652
131 10.674380
132 10.498705
133 10.340647
134 10.198692
135 10.206360
136 10.202943
137 10.116679
138 10.160280
139 10.087606
140 9.891942
141 9.769219
142 9.620622
143 9.399546
144 9.195265
145 8.859064
146 8.576525
147 8.359778
148 8.293991
149 8.155734
150 8.043503
151 7.959990
152 7.994029
153 7.969853
154 8.003250
155 7.931562
156 7.864523
157 7.878697
158 7.821553
159 7.814846
160 7.786340
161 7.714074
162 7.689433
163 7.732795
164 7.655618
165 7.549393
166 7.380388
167 7.304419
168 7.132141
169 6.989278
170 6.837320
171 6.798196
172 6.642453
173 6.539438
174 6.446188
175 6.345485
176 6.229411
177 6.207045
178 6.173376
179 6.067139
180 5.929278
181 5.804259
182 5.704343
183 5.665591
184 5.604185
185 5.486267
186 5.372797
187 5.195903
188 5.058795
189 4.970581
190 5.001184
191 4.925491
192 4.782390
193 4.699820
194 4.616725
195 4.512899
196 4.379064
197 4.219753
198 4.084202
199 3.963741
200 3.861711
201 3.782565
202 3.731817
203 3.627591
204 3.570446
205 3.510958
206 3.378699
207 3.268724
208 3.147253
209 3.050763
210 2.948705
211 2.855901
212 2.769575
213 2.681551
214 2.540835
215 2.433532
216 2.348962
217 2.253138
218 2.154127
219 2.058658
220 1.973723
221 1.851223
222 1.726537
223 1.638076
224 1.517207
225 1.415509
226 1.339641
227 1.247223
228 1.157030
229 1.075535
230 1.001334
231 0.927739
232 0.854783
233 0.783548
234 0.712501
235 0.643677
236 0.599030
237 0.567581
238 0.541701
239 0.520872
240 0.505058
241 0.493332
242 0.488970
243 0.483815
244 0.472791
245 0.467087
246 0.461605
247 0.457620
248 0.457602
249 0.461573
250 0.467108
251 0.468711
252 0.469567
253 0.466524
254 0.467165
255 0.471196
256 0.470041
257 0.469208
258 0.455397
259 0.443086
260 0.429970
261 0.424682
262 0.417492
263 0.412438
264 0.410399
265 0.409733
266 0.405419
267 0.399256
268 0.389588
269 0.391574
270 0.387037
271 0.385676
272 0.385607
273 0.380921
274 0.380606
275 0.381586
276 0.383152
277 0.386030
278 0.389877
279 0.385320
280 0.386078
281 0.383841
282 0.381184
283 0.381725
284 0.384239
285 0.384217
286 0.385150
287 0.388615
288 0.395236
289 0.394175
290 0.384599
291 0.379274
292 0.370294
293 0.359264
294 0.354011
295 0.351622
296 0.347280
297 0.344082
298 0.340734
299 0.333345
300 0.322163
301 0.321147
302 0.319485
303 0.319655
304 0.321447
305 0.320431
306 0.320786
307 0.326029
308 0.323070
309 0.320842
310 0.315030
311 0.305492
312 0.292800
313 0.283792
314 0.275694
315 0.268410
316 0.265524
317 0.260212
318 0.251374
319 0.246163
320 0.243428
321 0.241015
322 0.241417
323 0.239205
324 0.236676
325 0.235653
326 0.236721
327 0.234857
328 0.237226
329 0.240051
330 0.240904
331 0.241764
332 0.241216
333 0.239595
334 0.243420
335 0.246179
336 0.243490
337 0.241258
338 0.238632
339 0.234507
340 0.231625
341 0.229658
342 0.222479
343 0.219114
344 0.222345
345 0.226898
346 0.232852
347 0.238496
348 0.240993
349 0.240428
350 0.238080
351 0.239180
352 0.238519
353 0.235056
354 0.232156
355 0.231292
356 0.230585
357 0.229151
358 0.225106
359 0.220759
360 0.217403
361 0.216731
362 0.217850
363 0.216363
364 0.214997
365 0.215260
366 0.215927
367 0.215864
368 0.215621
369 0.213190
370 0.210214
371 0.206565
372 0.202655
373 0.201237
374 0.198141
375 0.194367
376 0.189129
377 0.185605
378 0.186171
379 0.184255
380 0.184619
381 0.184781
382 0.183855
383 0.181555
384 0.178873
385 0.174217
386 0.167429
387 0.163063
388 0.160414
389 0.158636
390 0.158436
391 0.155135
392 0.151995
393 0.150534
394 0.148846
395 0.147883
396 0.146655
397 0.145378
398 0.141303
399 0.134805
400 0.129923
401 0.128892
402 0.128038
403 0.124203
404 0.120629
405 0.118152
406 0.115956
407 0.114119
408 0.111277
409 0.107427
410 0.105266
411 0.101492
412 0.098524
413 0.099134
414 0.099491
415 0.098047
416 0.096719
417 0.095868
418 0.094516
419 0.092263
420 0.091118
421 0.089582
422 0.087051
423 0.084906
424 0.082232
425 0.079683
426 0.077587
427 0.076295
428 0.074410
429 0.072515
430 0.071066
431 0.068635
432 0.066802
433 0.065599
434 0.065060
435 0.064595
436 0.063236
437 0.060610
438 0.058905
439 0.057398
440 0.055678
441 0.053776
442 0.051943
443 0.049903
444 0.047665
445 0.045616
446 0.042458
447 0.039649
448 0.037129
449 0.034676
450 0.032449
451 0.030404
452 0.029219
453 0.028202
454 0.027177
455 0.026792
456 0.026314
457 0.025526
458 0.024673
459 0.023693
460 0.022535
461 0.021467
462 0.020727
463 0.019939
464 0.018827
465 0.017587
466 0.016767
467 0.016155
468 0.015496
469 0.014987
470 0.014585
471 0.014064
472 0.013492
473 0.013103
474 0.012830
475 0.012363
476 0.012030
477 0.011766
478 0.011304
479 0.010895
480 0.010552
481 0.010248
482 0.009880
483 0.009605
484 0.009497
485 0.009386
486 0.009042
487 0.008616
488 0.008241
489 0.007869
490 0.007544
491 0.007247
492 0.007003
493 0.006679
494 0.006387
495 0.006151
496 0.005866
497 0.005690
498 0.005548
499 0.005364
500 0.005157
501 0.004913
502 0.004749
503 0.004591
504 0.004442
505 0.004207
506 0.004010
507 0.003870
508 0.003731
509 0.003627
510 0.003512
511 0.003434
512 0.003387
513 0.003355
514 0.003305
515 0.003222
516 0.003190
517 0.003082
518 0.002983
519 0.002928
520 0.002871
521 0.002858
522 0.002832
523 0.002819
524 0.002780
525 0.002708
526 0.002629
527 0.002523
528 0.002449
529 0.002373
530 0.002275
531 0.002202
532 0.002172
533 0.002146
534 0.002118
535 0.002090
536 0.002068
537 0.002028
538 0.001956
539 0.001900
540 0.001826
541 0.001752
542 0.001681
543 0.001592
544 0.001530
545 0.001488
546 0.001436
547 0.001401
548 0.001395
549 0.001357
550 0.001298
551 0.001235
552 0.001185
553 0.001146
554 0.001104
555 0.001058
556 0.001007
557 0.000951
558 0.000911
559 0.000879
560 0.000866
561 0.000845
562 0.000819
563 0.000804
564 0.000789
565 0.000759
566 0.000728
567 0.000694
568 0.000657
569 0.000630
570 0.000609
571 0.000592
572 0.000571
573 0.000555
574 0.000540
575 0.000513
576 0.000492
577 0.000476
578 0.000471
579 0.000474
580 0.000466
581 0.000456
582 0.000444
583 0.000428
584 0.000411
585 0.000398
586 0.000381
587 0.000364
588 0.000350
589 0.000337
590 0.000330
591 0.000316
592 0.000301
593 0.000292
594 0.000279
595 0.000266
596 0.000253
597 0.000241
598 0.000232
599 0.000220
600 0.000210
601 0.000199
602 0.000191
603 0.000186
604 0.000178
605 0.000169
606 0.000162
607 0.000155
608 0.000150
609 0.000148
610 0.000145
611 0.000137
612 0.000130
613 0.000122
614 0.000115
615 0.000109
616 0.000102
617 0.000097
618 0.000093
619 0.000088
620 0.000083
621 0.000078
622 0.000075
623 0.000072
624 0.000068
625 0.000065
626 0.000062
627 0.000060
628 0.000057
629 0.000054
630 0.000051
631 0.000049
632 0.000047
633 0.000044
634 0.000042
635 0.000041
636 0.000039
637 0.000038
638 0.000037
639 0.000036
640 0.000034
641 0.000033
642 0.000031
643 0.000030
644 0.000029
645 0.000028
646 0.000027
647 0.000025
648 0.000024
649 0.000024
650 0.000023
651 0.000022
652 0.000022
653 0.000022
654 0.000022
655 0.000022
656 0.000022
657 0.000022
658 0.000021
659 0.000021
660 0.000021
661 0.000020
662 0.000020
663 0.000020
664 0.000019
665 0.000019
666 0.000018
667 0.000018
668 0.000017
669 0.000017
670 0.000017
671 0.000016
672 0.000016
673 0.000015
674 0.000015
675 0.000014
676 0.000014
677 0.000014
678 0.000014
679 0.000014
680 0.000013
681 0.000013
682 0.000012
683 0.000011
684 0.000011
685 0.000011
686 0.000010
687 0.000010
688 0.000009
689 0.000009
690 0.000009
691 0.000008
692 0.000008
693 0.000008
694 0.000007
695 0.000007
696 0.000007
697 0.000007
698 0.000006
699 0.000006
700 0.000006
701 0.000006
702 0.000005
703 0.000005
704 0.000005
705 0.000004
706 0.000004
707 0.000004
708 0.000004
709 0.000004
710 0.000003
711 0.000003
712 0.000003
713 0.000003
714 0.000003
715 0.000003
716 0.000003
717 0.000002
718 0.000002
719 0.000002
720 0.000002
721 0.000002
722 0.000002
723 0.000002
724 0.000002
725 0.000002
726 0.000002
727 0.000002
728 0.000002
729 0.000002
730 0.000001
731 0.000001
732 0.000001
733 0.000001
734 0.000001
735 0.000001
736 0.000001
737 0.000001
738 0.000001
739 0.000001
740 0.000001
741 0.000001
742 0.000001
743 0.000001
744 0.000001
745 0.000001
746 0.000001
747 0.000001
748 0.000001
749 0.000001
750 0.000001
751 0.000001
752 0.000001
753 0.000001
754 0.000001
755 0.000001
756 0.000001
757 0.000001
758 0.000001
759 0.000001
760 0.000001
761 0.000001
762 0.000001
763 0.000001
764 0.000000
765 0.000000
766 0.000000
767 0.000000
768 0.000000
769 0.000000
770 0.000000
771 0.000000
772 0.000000
773 0.000000
774 0.000000
775 0.000000
776 0.000000
777 0.000000
778 0.000000
779 0.000000
780 0.000000
781 0.000000
782 0.000000
783 0.000000
784 0.000000
785 0.000000
786 0.000000
787 0.000000
788 0.000000
789 0.000000
790 0.000000
791 0.000000
792 0.000000
793 0.000000
794 0.000000
795 0.000000
796 0.000000
797 0.000000
798 0.000000
799 0.000000
800 0.000000
