#ite residual of mtx/thermal1.mtx
1 13.341296
2 12.766491
3 16.123794
4 16.948568
5 19.736984
6 23.402697
7 23.469496
8 25.312757
9 24.845480
10 27.415649
11 25.687485
12 28.289634
13 27.073119
14 27.572312
15 26.829715
16 20.824375
17 13.501605
18 16.292297
19 15.165492
20 16.272537
21 16.237493
22 17.338259
23 16.078511
24 17.436441
25 16.034649
26 17.670821
27 17.447001
28 18.898573
29 18.572576
30 19.510609
31 18.393027
32 19.293717
33 21.923733
34 23.908390
35 19.144959
36 18.868857
37 18.000784
38 15.878858
39 15.209925
40 14.655395
41 15.130224
42 14.860207
43 14.601587
44 13.973006
45 13.704856
46 14.096190
47 14.676206
48 14.714997
49 14.608113
50 13.315161
51 13.866260
52 15.723619
53 15.568121
54 15.798971
55 17.624636
56 16.841729
57 15.671406
58 14.432548
59 14.032081
60 13.833351
61 13.570978
62 13.476221
63 12.883303
64 11.989867
65 11.762594
66 12.168223
67 12.497711
68 11.956439
69 10.770472
70 11.087027
71 11.188466
72 10.902391
73 11.197106
74 11.412853
75 12.359475
76 12.479758
77 12.024657
78 11.638667
79 11.262028
80 11.324394
81 11.273819
82 11.418650
83 10.758871
84 10.084514
85 10.235290
86 10.314329
87 9.356747
88 9.320840
89 9.535119
90 8.748124
91 8.492702
92 7.875150
93 8.109732
94 8.555737
95 8.741010
96 8.935715
97 8.643522
98 8.659346
99 8.522619
100 8.618437
101 8.634804
102 8.190744
103 8.043176
104 8.191452
105 7.985538
106 7.511838
107 7.787800
108 7.514917
109 7.263604
110 6.806574
111 6.357492
112 6.249978
113 5.902664
114 5.974958
115 5.830416
116 5.925962
117 5.836559
118 5.663238
119 5.827392
120 5.516061
121 5.403796
122 5.515172
123 5.490036
124 5.177110
125 4.997895
126 4.936495
127 4.935184
128 5.043994
129 4.782480
130 4.674430
131 4.275905
132 4.030373
133 3.773535
134 3.559571
135 3.410291
136 3.184386
137 3.230312
138 3.098271
139 2.916514
140 3.031253
141 3.167796
142 3.193034
143 3.190049
144 3.095094
145 2.941675
146 2.737118
147 2.328769
148 1.894926
149 1.482873
150 1.178728
151 0.951289
152 0.810515
153 0.748857
154 0.690699
155 0.682442
156 0.651744
157 0.564358
158 0.487952
159 0.452826
160 0.448248
161 0.460647
162 0.440276
163 0.380671
164 0.312746
165 0.247036
166 0.201438
167 0.168292
168 0.138174
169 0.114092
170 0.101004
171 0.098251
172 0.090261
173 0.085507
174 0.082846
175 0.078215
176 0.070071
177 0.063278
178 0.057821
179 0.051942
180 0.047284
181 0.044373
182 0.044128
183 0.045980
184 0.048880
185 0.050360
186 0.050305
187 0.049900
188 0.046961
189 0.044873
190 0.042708
191 0.039867
192 0.038760
193 0.038121
194 0.035714
195 0.032655
196 0.030432
197 0.029031
198 0.029105
199 0.028995
200 0.028170
201 0.028794
202 0.031331
203 0.035610
204 0.039559
205 0.043946
206 0.046847
207 0.051595
208 0.057071
209 0.058265
210 0.061155
211 0.064637
212 0.067325
213 0.065848
214 0.061824
215 0.059875
216 0.056790
217 0.055347
218 0.053259
219 0.050855
220 0.047554
221 0.043975
222 0.039538
223 0.036668
224 0.035310
225 0.033347
226 0.034554
227 0.033670
228 0.032082
229 0.030935
230 0.029027
231 0.028411
232 0.027468
233 0.027665
234 0.027849
235 0.028584
236 0.029405
237 0.029287
238 0.029812
239 0.029992
240 0.029372
241 0.029701
242 0.030928
243 0.030803
244 0.031390
245 0.031711
246 0.031638
247 0.031687
248 0.029458
249 0.027613
250 0.026134
251 0.024622
252 0.022647
253 0.021747
254 0.022483
255 0.022888
256 0.023640
257 0.023887
258 0.024299
259 0.024267
260 0.024406
261 0.024134
262 0.023236
263 0.022516
264 0.021381
265 0.020962
266 0.019804
267 0.019042
268 0.019123
269 0.018874
270 0.018350
271 0.017325
272 0.016724
273 0.016073
274 0.015330
275 0.015167
276 0.014906
277 0.014838
278 0.015694
279 0.015854
280 0.014979
281 0.014528
282 0.014222
283 0.013775
284 0.012793
285 0.011855
286 0.011445
287 0.010979
288 0.010793
289 0.010599
290 0.010414
291 0.009811
292 0.008964
293 0.008626
294 0.007962
295 0.007050
296 0.006289
297 0.005765
298 0.005295
299 0.005176
300 0.005104
301 0.005155
302 0.005142
303 0.005245
304 0.005184
305 0.005139
306 0.005189
307 0.004948
308 0.004965
309 0.004989
310 0.004997
311 0.005249
312 0.005348
313 0.005262
314 0.004929
315 0.004545
316 0.004088
317 0.003660
318 0.003295
319 0.003057
320 0.002958
321 0.002872
322 0.002844
323 0.002790
324 0.002725
325 0.002493
326 0.002396
327 0.002334
328 0.002239
329 0.002232
330 0.002232
331 0.002232
332 0.002188
333 0.002078
334 0.002007
335 0.001954
336 0.001901
337 0.001791
338 0.001718
339 0.001631
340 0.001531
341 0.001416
342 0.001341
343 0.001284
344 0.001194
345 0.001188
346 0.001128
347 0.001055
348 0.000989
349 0.000892
350 0.000819
351 0.000763
352 0.000740
353 0.000736
354 0.000707
355 0.000681
356 0.000650
357 0.000612
358 0.000568
359 0.000518
360 0.000501
361 0.000470
362 0.000435
363 0.000425
364 0.000399
365 0.000381
366 0.000360
367 0.000339
368 0.000326
369 0.000309
370 0.000284
371 0.000264
372 0.000253
373 0.000235
374 0.000213
375 0.000192
376 0.000176
377 0.000158
378 0.000147
379 0.000140
380 0.000132
381 0.000125
382 0.000120
383 0.000117
384 0.000112
385 0.000110
386 0.000108
387 0.000103
388 0.000098
389 0.000092
390 0.000087
391 0.000084
392 0.000079
393 0.000074
394 0.000072
395 0.000071
396 0.000068
397 0.000067
398 0.000063
399 0.000058
400 0.000057
401 0.000054
402 0.000053
403 0.000050
404 0.000048
405 0.000046
406 0.000045
407 0.000043
408 0.000041
409 0.000040
410 0.000038
411 0.000036
412 0.000035
413 0.000034
414 0.000032
415 0.000030
416 0.000029
417 0.000028
418 0.000028
419 0.000028
420 0.000028
421 0.000027
422 0.000025
423 0.000024
424 0.000023
425 0.000023
426 0.000021
427 0.000021
428 0.000020
429 0.000019
430 0.000018
431 0.000018
432 0.000017
433 0.000016
434 0.000016
435 0.000015
436 0.000014
437 0.000012
438 0.000011
439 0.000011
440 0.000010
441 0.000010
442 0.000009
443 0.000008
444 0.000008
445 0.000007
446 0.000007
447 0.000006
448 0.000006
449 0.000006
450 0.000006
451 0.000005
452 0.000005
453 0.000005
454 0.000004
455 0.000004
456 0.000004
457 0.000004
458 0.000003
459 0.000003
460 0.000003
461 0.000003
462 0.000003
463 0.000002
464 0.000002
465 0.000002
466 0.000002
467 0.000002
468 0.000002
469 0.000001
470 0.000001
471 0.000001
472 0.000001
473 0.000001
474 0.000001
475 0.000001
476 0.000001
477 0.000001
478 0.000001
479 0.000001
480 0.000001
481 0.000001
482 0.000001
483 0.000001
484 0.000001
485 0.000000
486 0.000000
487 0.000000
488 0.000000
489 0.000000
490 0.000000
491 0.000000
492 0.000000
493 0.000000
494 0.000000
495 0.000000
496 0.000000
497 0.000000
498 0.000000
499 0.000000
500 0.000000
501 0.000000
502 0.000000
503 0.000000
504 0.000000
505 0.000000
506 0.000000
507 0.000000
508 0.000000
509 0.000000
510 0.000000
511 0.000000
512 0.000000
513 0.000000
514 0.000000
515 0.000000
516 0.000000
517 0.000000
518 0.000000
519 0.000000
520 0.000000
521 0.000000
522 0.000000
