#ite residual of mtx/Hook_1498.mtx
1 8.471715
2 5.282816
3 6.888703
4 6.660144
5 7.638908
6 7.581943
7 8.179564
8 8.254823
9 8.489436
10 8.537127
11 8.523162
12 8.572344
13 8.577174
14 8.851297
15 9.155011
16 9.686377
17 10.060732
18 10.520521
19 10.639123
20 10.779672
21 10.924369
22 11.268371
23 11.630172
24 11.873211
25 12.027006
26 12.050733
27 12.123088
28 12.074879
29 12.079884
30 11.992763
31 12.001116
32 11.952221
33 11.836598
34 10.623426
35 9.146260
36 8.321968
37 7.450054
38 6.892600
39 6.309690
40 6.039024
41 5.603892
42 5.316788
43 4.979817
44 4.704405
45 4.403253
46 4.128869
47 3.887158
48 3.629294
49 3.466892
50 3.277393
51 3.227137
52 3.135444
53 3.081305
54 3.027501
55 2.981010
56 2.925864
57 2.842729
58 2.835453
59 2.686587
60 2.666180
61 2.606662
62 2.697107
63 2.536616
64 2.634873
65 1.616633
66 1.469956
67 1.581830
68 1.545713
69 1.407685
70 1.429380
71 1.354695
72 1.326939
73 1.280437
74 1.254334
75 1.282761
76 1.202751
77 1.186603
78 1.111947
79 1.108715
80 1.066933
81 1.085180
82 1.038184
83 1.008704
84 0.942186
85 0.901429
86 0.866799
87 0.799223
88 0.778044
89 0.721977
90 0.707461
91 0.676704
92 0.656428
93 0.625866
94 0.612491
95 0.614111
96 0.574805
97 0.508202
98 0.464327
99 0.416290
100 0.381367
101 0.346554
102 0.337311
103 0.323733
104 0.314594
105 0.285501
106 0.271420
107 0.249353
108 0.235075
109 0.211941
110 0.189866
111 0.172484
112 0.162747
113 0.149359
114 0.141391
115 0.136666
116 0.131210
117 0.127630
118 0.122412
119 0.120452
120 0.118501
121 0.117446
122 0.111828
123 0.107308
124 0.106809
125 0.102731
126 0.106930
127 0.089640
128 0.071602
129 0.077723
130 0.070219
131 0.070327
132 0.065659
133 0.064064
134 0.058315
135 0.055185
136 0.052214
137 0.050160
138 0.048945
139 0.047673
140 0.045950
141 0.043731
142 0.042404
143 0.039156
144 0.036874
145 0.034223
146 0.032515
147 0.030775
148 0.029208
149 0.028007
150 0.026251
151 0.026087
152 0.025074
153 0.024859
154 0.024184
155 0.023574
156 0.023188
157 0.022669
158 0.022788
159 0.020418
160 0.018188
161 0.016612
162 0.016700
163 0.016498
164 0.016042
165 0.015507
166 0.015300
167 0.014423
168 0.014137
169 0.013719
170 0.013107
171 0.011928
172 0.010712
173 0.009687
174 0.008577
175 0.008018
176 0.007515
177 0.007429
178 0.007201
179 0.006933
180 0.006733
181 0.006360
182 0.005837
183 0.005304
184 0.004890
185 0.004420
186 0.004164
187 0.004045
188 0.003786
189 0.003898
190 0.003046
191 0.002955
192 0.002866
193 0.002755
194 0.002519
195 0.002425
196 0.002262
197 0.002080
198 0.001928
199 0.001855
200 0.001771
201 0.001709
202 0.001689
203 0.001596
204 0.001589
205 0.001555
206 0.001511
207 0.001420
208 0.001347
209 0.001294
210 0.001218
211 0.001163
212 0.001138
213 0.001109
214 0.001043
215 0.000996
216 0.000934
217 0.000868
218 0.000803
219 0.000761
220 0.000748
221 0.000721
222 0.000644
223 0.000565
224 0.000524
225 0.000496
226 0.000486
227 0.000480
228 0.000458
229 0.000448
230 0.000422
231 0.000416
232 0.000400
233 0.000383
234 0.000360
235 0.000332
236 0.000304
237 0.000279
238 0.000261
239 0.000251
240 0.000246
241 0.000238
242 0.000229
243 0.000215
244 0.000201
245 0.000192
246 0.000178
247 0.000164
248 0.000151
249 0.000147
250 0.000134
251 0.000137
252 0.000125
253 0.000112
254 0.000114
255 0.000112
256 0.000109
257 0.000103
258 0.000099
259 0.000089
260 0.000083
261 0.000079
262 0.000079
263 0.000078
264 0.000074
265 0.000071
266 0.000068
267 0.000066
268 0.000065
269 0.000061
270 0.000057
271 0.000054
272 0.000052
273 0.000051
274 0.000049
275 0.000049
276 0.000047
277 0.000046
278 0.000043
279 0.000040
280 0.000037
281 0.000034
282 0.000032
283 0.000032
284 0.000030
285 0.000026
286 0.000025
287 0.000023
288 0.000021
289 0.000019
290 0.000018
291 0.000017
292 0.000015
293 0.000014
294 0.000013
295 0.000012
296 0.000011
297 0.000010
298 0.000009
299 0.000008
300 0.000008
301 0.000007
302 0.000007
303 0.000007
304 0.000006
305 0.000006
306 0.000005
307 0.000005
308 0.000005
309 0.000005
310 0.000004
311 0.000004
312 0.000004
313 0.000004
314 0.000004
315 0.000003
316 0.000003
317 0.000003
318 0.000002
319 0.000002
320 0.000002
321 0.000002
322 0.000002
323 0.000002
324 0.000002
325 0.000002
326 0.000001
327 0.000001
328 0.000001
329 0.000001
330 0.000001
331 0.000001
332 0.000001
333 0.000001
334 0.000001
335 0.000001
336 0.000001
337 0.000001
338 0.000001
339 0.000001
340 0.000001
341 0.000001
342 0.000001
343 0.000000
344 0.000000
345 0.000000
346 0.000000
347 0.000000
348 0.000000
349 0.000000
350 0.000000
351 0.000000
352 0.000000
353 0.000000
354 0.000000
355 0.000000
356 0.000000
357 0.000000
358 0.000000
359 0.000000
360 0.000000
361 0.000000
362 0.000000
363 0.000000
364 0.000000
365 0.000000
366 0.000000
367 0.000000
368 0.000000
369 0.000000
370 0.000000
371 0.000000
372 0.000000
373 0.000000
374 0.000000
375 0.000000
376 0.000000
377 0.000000
378 0.000000
379 0.000000
380 0.000000
381 0.000000
382 0.000000
383 0.000000
384 0.000000
385 0.000000
386 0.000000
387 0.000000
388 0.000000
389 0.000000
390 0.000000
391 0.000000
392 0.000000
393 0.000000
394 0.000000
395 0.000000
396 0.000000
397 0.000000
398 0.000000
399 0.000000
400 0.000000
401 0.000000
402 0.000000
403 0.000000
404 0.000000
