#ite residual of mtx/Hook_1498.mtx
1 8.475296
2 5.274037
3 6.908768
4 6.659727
5 7.647748
6 7.583527
7 8.188497
8 8.260760
9 8.491718
10 8.536688
11 8.499256
12 8.558730
13 8.603212
14 8.880360
15 9.176097
16 9.735888
17 10.132073
18 10.661203
19 10.779342
20 10.919113
21 10.993308
22 11.324710
23 11.720819
24 11.980078
25 12.066721
26 12.090037
27 12.189499
28 12.158139
29 12.104037
30 11.970050
31 11.858813
32 11.886776
33 11.681485
34 10.463085
35 9.097045
36 8.340377
37 7.465438
38 6.899173
39 6.299610
40 6.021989
41 5.588262
42 5.296802
43 4.974852
44 4.695099
45 4.406863
46 4.132754
47 3.903498
48 3.644390
49 3.488169
50 3.299609
51 3.251818
52 3.167388
53 3.107707
54 3.049611
55 2.972105
56 2.893999
57 2.782063
58 2.773364
59 2.748681
60 2.742031
61 2.639411
62 2.722234
63 2.555062
64 2.635219
65 1.597686
66 1.486827
67 1.573288
68 1.563806
69 1.402394
70 1.433500
71 1.367982
72 1.316572
73 1.288716
74 1.247339
75 1.275850
76 1.191322
77 1.179241
78 1.113617
79 1.113265
80 1.062597
81 1.080022
82 1.037965
83 1.003089
84 0.944944
85 0.895828
86 0.862849
87 0.787456
88 0.771372
89 0.716725
90 0.702107
91 0.678399
92 0.649242
93 0.629953
94 0.609904
95 0.618257
96 0.569522
97 0.507131
98 0.464386
99 0.414895
100 0.384748
101 0.346568
102 0.336658
103 0.321308
104 0.315568
105 0.286693
106 0.269959
107 0.248983
108 0.243357
109 0.227189
110 0.211042
111 0.189089
112 0.172266
113 0.157792
114 0.149503
115 0.145966
116 0.140614
117 0.138874
118 0.134781
119 0.133758
120 0.133116
121 0.132152
122 0.127174
123 0.122954
124 0.124308
125 0.119606
126 0.127778
127 0.102741
128 0.091281
129 0.097716
130 0.090232
131 0.089977
132 0.084616
133 0.082133
134 0.077668
135 0.074465
136 0.073909
137 0.071770
138 0.070153
139 0.068667
140 0.068577
141 0.068227
142 0.066457
143 0.063584
144 0.061181
145 0.060300
146 0.059238
147 0.058887
148 0.057702
149 0.057545
150 0.056107
151 0.057760
152 0.057906
153 0.059227
154 0.059582
155 0.058518
156 0.057849
157 0.058380
158 0.061048
159 0.058526
160 0.053735
161 0.050695
162 0.051269
163 0.050994
164 0.051106
165 0.050856
166 0.051270
167 0.049349
168 0.049154
169 0.048790
170 0.047318
171 0.044888
172 0.041461
173 0.039507
174 0.036762
175 0.036608
176 0.036579
177 0.037898
178 0.038319
179 0.037638
180 0.037145
181 0.035647
182 0.036069
183 0.035671
184 0.034235
185 0.032208
186 0.031774
187 0.032189
188 0.031514
189 0.032941
190 0.026515
191 0.028506
192 0.027982
193 0.028382
194 0.025984
195 0.025991
196 0.024463
197 0.022683
198 0.022430
199 0.021425
200 0.021664
201 0.021034
202 0.020587
203 0.019574
204 0.019209
205 0.018435
206 0.017420
207 0.015767
208 0.014350
209 0.013350
210 0.013257
211 0.012631
212 0.011710
213 0.010890
214 0.010030
215 0.009492
216 0.008829
217 0.008213
218 0.007678
219 0.007353
220 0.007265
221 0.006909
222 0.006176
223 0.005651
224 0.005467
225 0.005257
226 0.005263
227 0.005121
228 0.004951
229 0.004725
230 0.004546
231 0.004381
232 0.004136
233 0.003908
234 0.003617
235 0.003349
236 0.003066
237 0.002863
238 0.002754
239 0.002709
240 0.002655
241 0.002520
242 0.002349
243 0.002164
244 0.002044
245 0.001991
246 0.001868
247 0.001752
248 0.001667
249 0.001645
250 0.001543
251 0.001534
252 0.001281
253 0.001291
254 0.001332
255 0.001284
256 0.001224
257 0.001192
258 0.001109
259 0.001041
260 0.001005
261 0.000963
262 0.000928
263 0.000876
264 0.000834
265 0.000782
266 0.000771
267 0.000749
268 0.000710
269 0.000651
270 0.000603
271 0.000576
272 0.000550
273 0.000541
274 0.000512
275 0.000494
276 0.000465
277 0.000448
278 0.000424
279 0.000402
280 0.000379
281 0.000363
282 0.000366
283 0.000365
284 0.000354
285 0.000327
286 0.000331
287 0.000335
288 0.000334
289 0.000326
290 0.000320
291 0.000327
292 0.000314
293 0.000327
294 0.000328
295 0.000335
296 0.000339
297 0.000337
298 0.000331
299 0.000326
300 0.000327
301 0.000329
302 0.000324
303 0.000314
304 0.000319
305 0.000314
306 0.000301
307 0.000286
308 0.000279
309 0.000268
310 0.000254
311 0.000255
312 0.000245
313 0.000250
314 0.000246
315 0.000223
316 0.000231
317 0.000235
318 0.000232
319 0.000229
320 0.000240
321 0.000240
322 0.000238
323 0.000219
324 0.000221
325 0.000208
326 0.000214
327 0.000207
328 0.000214
329 0.000213
330 0.000220
331 0.000219
332 0.000212
333 0.000209
334 0.000203
335 0.000202
336 0.000198
337 0.000192
338 0.000188
339 0.000181
340 0.000181
341 0.000172
342 0.000158
343 0.000150
344 0.000145
345 0.000143
346 0.000136
347 0.000127
348 0.000123
349 0.000123
350 0.000117
351 0.000112
352 0.000108
353 0.000103
354 0.000094
355 0.000090
356 0.000090
357 0.000089
358 0.000084
359 0.000078
360 0.000072
361 0.000066
362 0.000061
363 0.000058
364 0.000056
365 0.000055
366 0.000053
367 0.000050
368 0.000048
369 0.000046
370 0.000044
371 0.000042
372 0.000041
373 0.000038
374 0.000039
375 0.000037
376 0.000038
377 0.000034
378 0.000032
379 0.000030
380 0.000029
381 0.000027
382 0.000026
383 0.000025
384 0.000026
385 0.000025
386 0.000025
387 0.000025
388 0.000024
389 0.000024
390 0.000024
391 0.000023
392 0.000023
393 0.000022
394 0.000021
395 0.000021
396 0.000020
397 0.000021
398 0.000021
399 0.000021
400 0.000021
401 0.000020
402 0.000019
403 0.000018
404 0.000018
405 0.000018
406 0.000017
407 0.000016
408 0.000015
409 0.000013
410 0.000012
411 0.000012
412 0.000012
413 0.000011
414 0.000011
415 0.000011
416 0.000010
417 0.000010
418 0.000009
419 0.000009
420 0.000008
421 0.000008
422 0.000007
423 0.000007
424 0.000006
425 0.000006
426 0.000005
427 0.000005
428 0.000005
429 0.000004
430 0.000004
431 0.000004
432 0.000004
433 0.000004
434 0.000003
435 0.000003
436 0.000003
437 0.000003
438 0.000003
439 0.000003
440 0.000002
441 0.000002
442 0.000002
443 0.000002
444 0.000002
445 0.000002
446 0.000002
447 0.000002
448 0.000001
449 0.000001
450 0.000001
451 0.000001
452 0.000001
453 0.000001
454 0.000001
455 0.000001
456 0.000001
457 0.000001
458 0.000001
459 0.000001
460 0.000001
461 0.000001
462 0.000001
463 0.000001
464 0.000001
465 0.000001
466 0.000001
467 0.000001
468 0.000001
469 0.000001
470 0.000001
471 0.000001
472 0.000001
473 0.000001
474 0.000001
475 0.000001
476 0.000001
477 0.000001
478 0.000001
479 0.000001
480 0.000000
481 0.000000
482 0.000000
483 0.000000
484 0.000000
485 0.000000
486 0.000000
487 0.000000
488 0.000000
489 0.000000
490 0.000000
491 0.000000
492 0.000000
493 0.000000
494 0.000000
495 0.000000
496 0.000000
497 0.000000
498 0.000000
499 0.000000
500 0.000000
501 0.000000
502 0.000000
503 0.000000
504 0.000000
505 0.000000
506 0.000000
507 0.000000
508 0.000000
509 0.000000
510 0.000000
511 0.000000
512 0.000000
513 0.000000
514 0.000000
515 0.000000
516 0.000000
517 0.000000
518 0.000000
519 0.000000
520 0.000000
521 0.000000
522 0.000000
523 0.000000
524 0.000000
525 0.000000
526 0.000000
527 0.000000
528 0.000000
529 0.000000
530 0.000000
531 0.000000
532 0.000000
533 0.000000
534 0.000000
535 0.000000
536 0.000000
537 0.000000
538 0.000000
539 0.000000
540 0.000000
541 0.000000
542 0.000000
543 0.000000
544 0.000000
545 0.000000
546 0.000000
547 0.000000
548 0.000000
549 0.000000
