#ite residual of mtx/thermal1.mtx
1 5.585960
2 15.427806
3 17.129191
4 19.329125
5 19.170100
6 17.924025
7 19.080672
8 17.974956
9 18.285564
10 17.517657
11 17.830402
12 18.307274
13 17.751238
14 17.745076
15 17.653594
16 17.673264
17 17.515117
18 17.284012
19 17.505963
20 17.192550
21 17.039931
22 16.926270
23 16.495061
24 16.454979
25 16.284147
26 16.262049
27 15.908069
28 15.781813
29 16.134339
30 15.780126
31 15.590113
32 15.731092
33 15.711997
34 15.691218
35 15.421230
36 14.987416
37 14.258783
38 14.087849
39 14.643347
40 14.698336
41 14.622442
42 14.216647
43 14.338710
44 14.250370
45 14.052160
46 14.002425
47 13.699132
48 13.580881
49 13.556796
50 13.444921
51 13.400722
52 13.147604
53 13.236422
54 13.095174
55 12.964695
56 13.196721
57 13.022689
58 12.996644
59 12.878001
60 12.621685
61 12.480340
62 12.299912
63 12.120510
64 12.195875
65 12.270004
66 12.263253
67 11.906094
68 11.660472
69 11.588265
70 11.352039
71 11.040397
72 10.680780
73 10.944790
74 11.081154
75 10.899796
76 10.420720
77 10.140501
78 10.110708
79 10.254657
80 10.287169
81 10.166469
82 10.029323
83 9.718958
84 9.494517
85 9.651955
86 9.533180
87 9.454694
88 9.301770
89 9.076047
90 8.916301
91 8.769024
92 8.609227
93 8.542548
94 8.525223
95 8.426713
96 8.300529
97 8.016563
98 8.013349
99 8.008439
100 7.929843
101 7.874368
102 7.676437
103 7.507454
104 7.439492
105 7.416113
106 7.254708
107 7.187707
108 7.086221
109 6.983313
110 6.879442
111 6.733402
112 6.543422
113 6.452044
114 6.363761
115 6.342632
116 6.204524
117 6.014883
118 5.921947
119 5.707991
120 5.534739
121 5.412141
122 5.278980
123 5.164852
124 5.149975
125 5.023181
126 4.861981
127 4.735979
128 4.590629
129 4.494742
130 4.439342
131 4.366059
132 4.188030
133 4.017611
134 3.908674
135 3.819406
136 3.723631
137 3.593482
138 3.483084
139 3.404620
140 3.303009
141 3.151414
142 3.074171
143 2.983893
144 2.797818
145 2.639622
146 2.576749
147 2.505574
148 2.395317
149 2.237018
150 2.142269
151 2.054331
152 1.948742
153 1.830231
154 1.688293
155 1.593908
156 1.515795
157 1.378330
158 1.254393
159 1.122071
160 1.020389
161 0.919123
162 0.807475
163 0.684586
164 0.570983
165 0.471084
166 0.370797
167 0.290280
168 0.220629
169 0.168588
170 0.131423
171 0.104468
172 0.087948
173 0.082472
174 0.083919
175 0.086846
176 0.087927
177 0.083342
178 0.076314
179 0.069365
180 0.065717
181 0.062437
182 0.058899
183 0.054723
184 0.050219
185 0.046651
186 0.043502
187 0.039568
188 0.036414
189 0.034198
190 0.033362
191 0.032282
192 0.030712
193 0.028325
194 0.026274
195 0.023878
196 0.021307
197 0.019396
198 0.017366
199 0.015661
200 0.014547
201 0.013957
202 0.013839
203 0.013732
204 0.013485
205 0.013266
206 0.012791
207 0.012154
208 0.011625
209 0.010971
210 0.010497
211 0.010584
212 0.010496
213 0.010389
214 0.010520
215 0.010783
216 0.011155
217 0.011714
218 0.012257
219 0.012658
220 0.013144
221 0.013263
222 0.013333
223 0.013276
224 0.013015
225 0.012608
226 0.012222
227 0.011870
228 0.011587
229 0.011389
230 0.011253
231 0.010907
232 0.010545
233 0.010176
234 0.009772
235 0.009575
236 0.009491
237 0.009704
238 0.010089
239 0.010499
240 0.010555
241 0.010291
242 0.009992
243 0.009942
244 0.010175
245 0.010315
246 0.010445
247 0.010210
248 0.010324
249 0.010260
250 0.010185
251 0.010275
252 0.010587
253 0.010874
254 0.010969
255 0.011252
256 0.011526
257 0.011840
258 0.012103
259 0.012095
260 0.012192
261 0.012051
262 0.011616
263 0.011000
264 0.010366
265 0.010039
266 0.009539
267 0.008989
268 0.008753
269 0.008778
270 0.008612
271 0.008481
272 0.008633
273 0.008758
274 0.008864
275 0.008788
276 0.008592
277 0.008417
278 0.007976
279 0.007827
280 0.007668
281 0.007312
282 0.006940
283 0.006775
284 0.006619
285 0.006394
286 0.006270
287 0.006262
288 0.006133
289 0.006070
290 0.005892
291 0.005756
292 0.005542
293 0.005402
294 0.005306
295 0.005157
296 0.004873
297 0.004607
298 0.004239
299 0.003993
300 0.003795
301 0.003611
302 0.003390
303 0.003163
304 0.003009
305 0.002874
306 0.002813
307 0.002765
308 0.002636
309 0.002488
310 0.002329
311 0.002202
312 0.002083
313 0.001987
314 0.001876
315 0.001803
316 0.001752
317 0.001718
318 0.001704
319 0.001722
320 0.001754
321 0.001770
322 0.001749
323 0.001729
324 0.001644
325 0.001573
326 0.001516
327 0.001482
328 0.001414
329 0.001334
330 0.001250
331 0.001157
332 0.001053
333 0.000958
334 0.000892
335 0.000815
336 0.000760
337 0.000720
338 0.000724
339 0.000748
340 0.000780
341 0.000815
342 0.000822
343 0.000796
344 0.000760
345 0.000730
346 0.000700
347 0.000684
348 0.000677
349 0.000674
350 0.000651
351 0.000624
352 0.000589
353 0.000560
354 0.000550
355 0.000536
356 0.000503
357 0.000485
358 0.000452
359 0.000433
360 0.000423
361 0.000415
362 0.000406
363 0.000397
364 0.000386
365 0.000376
366 0.000362
367 0.000347
368 0.000335
369 0.000326
370 0.000333
371 0.000340
372 0.000348
373 0.000350
374 0.000350
375 0.000340
376 0.000326
377 0.000309
378 0.000295
379 0.000287
380 0.000274
381 0.000264
382 0.000252
383 0.000239
384 0.000229
385 0.000213
386 0.000199
387 0.000185
388 0.000175
389 0.000164
390 0.000155
391 0.000148
392 0.000143
393 0.000138
394 0.000133
395 0.000133
396 0.000132
397 0.000130
398 0.000131
399 0.000129
400 0.000122
401 0.000117
402 0.000111
403 0.000105
404 0.000097
405 0.000088
406 0.000080
407 0.000076
408 0.000072
409 0.000069
410 0.000065
411 0.000061
412 0.000057
413 0.000053
414 0.000052
415 0.000049
416 0.000047
417 0.000045
418 0.000043
419 0.000041
420 0.000040
421 0.000040
422 0.000039
423 0.000036
424 0.000035
425 0.000033
426 0.000031
427 0.000029
428 0.000028
429 0.000026
430 0.000024
431 0.000023
432 0.000022
433 0.000021
434 0.000020
435 0.000019
436 0.000019
437 0.000018
438 0.000017
439 0.000015
440 0.000014
441 0.000013
442 0.000012
443 0.000011
444 0.000011
445 0.000010
446 0.000010
447 0.000009
448 0.000009
449 0.000008
450 0.000008
451 0.000008
452 0.000007
453 0.000007
454 0.000006
455 0.000006
456 0.000006
457 0.000006
458 0.000005
459 0.000005
460 0.000005
461 0.000005
462 0.000004
463 0.000004
464 0.000004
465 0.000004
466 0.000003
467 0.000003
468 0.000003
469 0.000003
470 0.000003
471 0.000003
472 0.000002
473 0.000002
474 0.000002
475 0.000002
476 0.000002
477 0.000002
478 0.000002
479 0.000002
480 0.000002
481 0.000002
482 0.000002
483 0.000001
484 0.000001
485 0.000001
486 0.000001
487 0.000001
488 0.000001
489 0.000001
490 0.000001
491 0.000001
492 0.000001
493 0.000001
494 0.000001
495 0.000001
496 0.000001
497 0.000001
498 0.000001
499 0.000001
500 0.000001
501 0.000001
502 0.000001
503 0.000001
504 0.000001
505 0.000001
506 0.000001
507 0.000000
508 0.000000
509 0.000000
510 0.000000
511 0.000000
512 0.000000
513 0.000000
514 0.000000
515 0.000000
516 0.000000
517 0.000000
518 0.000000
519 0.000000
520 0.000000
521 0.000000
522 0.000000
523 0.000000
524 0.000000
525 0.000000
526 0.000000
527 0.000000
528 0.000000
529 0.000000
530 0.000000
531 0.000000
532 0.000000
533 0.000000
534 0.000000
535 0.000000
536 0.000000
537 0.000000
