#ite residual of mtx/Flan_1565.mtx
1 16.161723
2 11.020531
3 12.361734
4 12.057196
5 12.470081
6 12.112856
7 11.985925
8 11.609251
9 11.036201
10 11.352925
11 11.394526
12 11.701716
13 11.551166
14 11.551313
15 11.209985
16 11.262275
17 10.898719
18 11.028663
19 10.736712
20 10.254953
21 9.941820
22 10.314936
23 10.684785
24 11.054344
25 11.413882
26 11.973958
27 12.410466
28 12.763626
29 13.196039
30 13.682205
31 13.780112
32 13.998365
33 14.150384
34 14.346072
35 14.609004
36 14.883193
37 14.743193
38 14.489317
39 14.391532
40 14.217884
41 13.954967
42 13.532241
43 13.053099
44 12.714348
45 12.632332
46 12.502280
47 12.136931
48 11.686372
49 11.399368
50 11.237466
51 11.384240
52 11.489887
53 11.794764
54 12.194934
55 12.380824
56 12.343928
57 12.509216
58 12.632836
59 12.518997
60 12.633011
61 12.917882
62 13.131944
63 13.132866
64 13.310357
65 13.112210
66 11.887674
67 10.563579
68 9.823104
69 8.804130
70 8.316160
71 7.682498
72 7.144418
73 6.609754
74 6.300207
75 5.883617
76 5.477889
77 5.075800
78 4.721373
79 4.461243
80 4.195889
81 3.936665
82 3.712057
83 3.542790
84 3.391653
85 3.337674
86 3.306147
87 3.292733
88 3.239512
89 3.166873
90 3.035135
91 2.989759
92 3.046074
93 3.063057
94 2.996613
95 2.949516
96 2.902593
97 2.864748
98 2.814149
99 2.723798
100 2.613478
101 2.611092
102 2.673536
103 2.689784
104 2.737997
105 2.856445
106 2.945083
107 3.025596
108 3.052100
109 2.934303
110 2.800852
111 2.749987
112 2.690337
113 2.709767
114 2.817926
115 2.961201
116 3.032043
117 3.225035
118 3.184137
119 3.388562
120 3.460647
121 3.617948
122 3.475859
123 3.559715
124 3.461478
125 3.238017
126 3.310078
127 3.146549
128 2.856391
129 2.705787
130 1.948329
131 2.515043
132 2.711679
133 2.934501
134 2.674160
135 2.903207
136 2.681793
137 2.645371
138 2.641038
139 2.489009
140 2.497874
141 2.182681
142 2.233791
143 2.118746
144 2.122259
145 2.013699
146 1.917831
147 1.957890
148 1.958865
149 2.073086
150 1.999622
151 2.003364
152 1.894931
153 1.874994
154 1.828892
155 1.777469
156 1.696973
157 1.629580
158 1.618528
159 1.517529
160 1.517968
161 1.450742
162 1.415106
163 1.316846
164 1.210379
165 1.110644
166 1.061586
167 1.004410
168 0.930167
169 0.900235
170 0.808202
171 0.725960
172 0.655161
173 0.608787
174 0.556459
175 0.517976
176 0.513011
177 0.482102
178 0.459028
179 0.424573
180 0.394185
181 0.370896
182 0.361814
183 0.338356
184 0.313593
185 0.302248
186 0.291671
187 0.284357
188 0.273480
189 0.267030
190 0.263898
191 0.255048
192 0.243496
193 0.223981
194 0.203857
195 0.200491
196 0.202522
197 0.194512
198 0.188146
199 0.182594
200 0.173228
201 0.168987
202 0.172706
203 0.166411
204 0.159027
205 0.152915
206 0.145839
207 0.133964
208 0.124502
209 0.117007
210 0.112516
211 0.105854
212 0.101516
213 0.096418
214 0.090719
215 0.086724
216 0.084271
217 0.081375
218 0.078131
219 0.079126
220 0.075167
221 0.071160
222 0.068066
223 0.066847
224 0.064588
225 0.063089
226 0.061557
227 0.059307
228 0.058142
229 0.055229
230 0.052987
231 0.050440
232 0.047515
233 0.043865
234 0.040166
235 0.037082
236 0.034472
237 0.032572
238 0.030798
239 0.029132
240 0.027160
241 0.025795
242 0.025991
243 0.025461
244 0.026745
245 0.026660
246 0.028017
247 0.026775
248 0.026876
249 0.026685
250 0.027296
251 0.027692
252 0.028224
253 0.028033
254 0.028688
255 0.024729
256 0.026273
257 0.022448
258 0.028182
259 0.027797
260 0.025223
261 0.022668
262 0.023690
263 0.022023
264 0.022845
265 0.021683
266 0.021200
267 0.019831
268 0.018559
269 0.018588
270 0.018110
271 0.017993
272 0.015791
273 0.015379
274 0.014414
275 0.014206
276 0.013145
277 0.012155
278 0.011104
279 0.010017
280 0.009660
281 0.008813
282 0.008821
283 0.008327
284 0.008395
285 0.007718
286 0.007691
287 0.007117
288 0.007189
289 0.006908
290 0.006784
291 0.006219
292 0.006106
293 0.006243
294 0.006402
295 0.006533
296 0.006286
297 0.006383
298 0.006228
299 0.006342
300 0.006382
301 0.006381
302 0.006477
303 0.007008
304 0.007448
305 0.007472
306 0.007587
307 0.007205
308 0.007062
309 0.007054
310 0.006967
311 0.006241
312 0.006307
313 0.006176
314 0.006153
315 0.005702
316 0.005534
317 0.005362
318 0.005111
319 0.004969
320 0.004724
321 0.004696
322 0.004608
323 0.004915
324 0.005011
325 0.005001
326 0.005127
327 0.004986
328 0.004795
329 0.004561
330 0.004393
331 0.004340
332 0.004142
333 0.004099
334 0.003945
335 0.003915
336 0.003620
337 0.003571
338 0.003336
339 0.003185
340 0.003057
341 0.002888
342 0.002788
343 0.002601
344 0.002497
345 0.002275
346 0.002232
347 0.002193
348 0.002249
349 0.002250
350 0.002214
351 0.002175
352 0.002075
353 0.002036
354 0.001890
355 0.001891
356 0.001796
357 0.001709
358 0.001665
359 0.001574
360 0.001469
361 0.001371
362 0.001335
363 0.001249
364 0.001234
365 0.001198
366 0.001129
367 0.001037
368 0.000947
369 0.000929
370 0.000818
371 0.000782
372 0.000718
373 0.000729
374 0.000676
375 0.000696
376 0.000678
377 0.000657
378 0.000633
379 0.000629
380 0.000586
381 0.000597
382 0.000545
383 0.000562
384 0.000504
385 0.000541
386 0.000492
387 0.000438
388 0.000349
389 0.000368
390 0.000361
391 0.000355
392 0.000336
393 0.000321
394 0.000307
395 0.000280
396 0.000288
397 0.000273
398 0.000268
399 0.000243
400 0.000239
401 0.000230
402 0.000240
403 0.000236
404 0.000232
405 0.000220
406 0.000205
407 0.000195
408 0.000190
409 0.000185
410 0.000181
411 0.000174
412 0.000176
413 0.000169
414 0.000161
415 0.000159
416 0.000156
417 0.000158
418 0.000158
419 0.000165
420 0.000172
421 0.000176
422 0.000164
423 0.000154
424 0.000148
425 0.000140
426 0.000139
427 0.000127
428 0.000122
429 0.000110
430 0.000109
431 0.000104
432 0.000097
433 0.000096
434 0.000093
435 0.000095
436 0.000091
437 0.000090
438 0.000083
439 0.000083
440 0.000082
441 0.000081
442 0.000079
443 0.000079
444 0.000077
445 0.000077
446 0.000073
447 0.000072
448 0.000068
449 0.000069
450 0.000069
451 0.000065
452 0.000063
453 0.000059
454 0.000055
455 0.000051
456 0.000048
457 0.000046
458 0.000048
459 0.000048
460 0.000047
461 0.000045
462 0.000043
463 0.000042
464 0.000041
465 0.000040
466 0.000039
467 0.000039
468 0.000038
469 0.000037
470 0.000034
471 0.000034
472 0.000031
473 0.000030
474 0.000028
475 0.000027
476 0.000027
477 0.000028
478 0.000027
479 0.000027
480 0.000026
481 0.000026
482 0.000025
483 0.000025
484 0.000026
485 0.000026
486 0.000025
487 0.000025
488 0.000024
489 0.000024
490 0.000024
491 0.000024
492 0.000024
493 0.000022
494 0.000021
495 0.000019
496 0.000019
497 0.000018
498 0.000018
499 0.000017
500 0.000016
501 0.000015
502 0.000014
503 0.000014
504 0.000014
505 0.000013
506 0.000013
507 0.000012
508 0.000012
509 0.000011
510 0.000010
511 0.000010
512 0.000009
513 0.000009
514 0.000009
515 0.000008
516 0.000009
517 0.000008
518 0.000008
519 0.000008
520 0.000008
521 0.000007
522 0.000007
523 0.000007
524 0.000007
525 0.000007
526 0.000007
527 0.000007
528 0.000007
529 0.000007
530 0.000007
531 0.000006
532 0.000006
533 0.000006
534 0.000006
535 0.000006
536 0.000006
537 0.000005
538 0.000005
539 0.000005
540 0.000005
541 0.000005
542 0.000005
543 0.000005
544 0.000004
545 0.000004
546 0.000004
547 0.000004
548 0.000004
549 0.000004
550 0.000004
551 0.000003
552 0.000003
553 0.000003
554 0.000003
555 0.000003
556 0.000003
557 0.000003
558 0.000003
559 0.000003
560 0.000003
561 0.000003
562 0.000003
563 0.000003
564 0.000003
565 0.000003
566 0.000003
567 0.000003
568 0.000002
569 0.000002
570 0.000002
571 0.000002
572 0.000002
573 0.000002
574 0.000002
575 0.000002
576 0.000002
577 0.000002
578 0.000002
579 0.000001
580 0.000001
581 0.000001
582 0.000001
583 0.000001
584 0.000001
585 0.000001
586 0.000001
587 0.000001
588 0.000001
589 0.000001
590 0.000001
591 0.000001
592 0.000001
593 0.000001
594 0.000001
595 0.000001
596 0.000001
597 0.000001
598 0.000001
599 0.000001
600 0.000001
601 0.000001
602 0.000001
603 0.000001
604 0.000001
605 0.000001
606 0.000001
607 0.000001
608 0.000001
609 0.000001
610 0.000001
611 0.000001
612 0.000001
613 0.000001
614 0.000001
615 0.000001
616 0.000001
617 0.000001
618 0.000001
619 0.000001
620 0.000001
621 0.000001
622 0.000001
623 0.000001
624 0.000001
625 0.000001
626 0.000001
627 0.000001
628 0.000001
629 0.000001
630 0.000001
631 0.000001
632 0.000001
633 0.000000
634 0.000000
635 0.000000
636 0.000000
637 0.000000
638 0.000000
639 0.000000
640 0.000000
641 0.000000
642 0.000000
643 0.000000
644 0.000000
645 0.000000
646 0.000000
647 0.000000
648 0.000000
649 0.000000
650 0.000000
651 0.000000
652 0.000000
653 0.000000
654 0.000000
655 0.000000
656 0.000000
657 0.000000
658 0.000000
659 0.000000
660 0.000000
661 0.000000
662 0.000000
663 0.000000
664 0.000000
665 0.000000
666 0.000000
667 0.000000
668 0.000000
669 0.000000
670 0.000000
671 0.000000
672 0.000000
673 0.000000
674 0.000000
675 0.000000
676 0.000000
677 0.000000
678 0.000000
679 0.000000
680 0.000000
681 0.000000
682 0.000000
683 0.000000
684 0.000000
685 0.000000
686 0.000000
687 0.000000
688 0.000000
689 0.000000
690 0.000000
691 0.000000
692 0.000000
693 0.000000
694 0.000000
695 0.000000
696 0.000000
697 0.000000
698 0.000000
699 0.000000
700 0.000000
701 0.000000
702 0.000000
703 0.000000
704 0.000000
705 0.000000
706 0.000000
707 0.000000
708 0.000000
709 0.000000
710 0.000000
711 0.000000
712 0.000000
713 0.000000
714 0.000000
715 0.000000
716 0.000000
717 0.000000
718 0.000000
719 0.000000
720 0.000000
721 0.000000
722 0.000000
723 0.000000
724 0.000000
725 0.000000
726 0.000000
727 0.000000
728 0.000000
729 0.000000
730 0.000000
731 0.000000
732 0.000000
733 0.000000
734 0.000000
735 0.000000
736 0.000000
737 0.000000
738 0.000000
739 0.000000
740 0.000000
741 0.000000
742 0.000000
743 0.000000
744 0.000000
745 0.000000
746 0.000000
747 0.000000
748 0.000000
749 0.000000
750 0.000000
751 0.000000
752 0.000000
753 0.000000
754 0.000000
755 0.000000
756 0.000000
757 0.000000
758 0.000000
759 0.000000
760 0.000000
761 0.000000
762 0.000000
763 0.000000
764 0.000000
765 0.000000
766 0.000000
767 0.000000
768 0.000000
769 0.000000
770 0.000000
771 0.000000
772 0.000000
773 0.000000
774 0.000000
775 0.000000
776 0.000000
777 0.000000
778 0.000000
779 0.000000
780 0.000000
781 0.000000
782 0.000000
783 0.000000
784 0.000000
785 0.000000
786 0.000000
787 0.000000
788 0.000000
789 0.000000
790 0.000000
791 0.000000
792 0.000000
793 0.000000
794 0.000000
795 0.000000
