#ite residual of mtx/Flan_1565.mtx
1 5.260587362
2 5.032500254
3 9.049229588
4 7.996614526
5 9.305391347
6 9.278285202
7 10.399684384
8 9.815877981
9 9.718217611
10 9.554715372
11 9.764014632
12 9.625180657
13 10.311117651
14 9.575471810
15 9.417776928
16 9.133560669
17 8.965704131
18 8.822507574
19 8.710820605
20 8.799874224
21 9.153800319
22 9.271267373
23 8.989454462
24 8.635867963
25 8.578359224
26 8.444254965
27 7.806118382
28 7.503822990
29 7.245043206
30 7.161194168
31 7.638802071
32 8.214547011
33 8.506877929
34 8.996463237
35 9.211723083
36 9.074241458
37 9.030840048
38 8.375006308
39 7.737945385
40 7.831068093
41 7.984223528
42 7.722357357
43 7.665755247
44 7.728405618
45 7.614728901
46 7.471342680
47 7.654033247
48 7.555584237
49 7.562907144
50 7.793426329
51 8.005982499
52 7.951917951
53 8.070494468
54 8.228497222
55 8.440585530
56 8.261995334
57 7.970824017
58 7.986762432
59 8.144680758
60 8.121956871
61 8.504265907
62 8.922255887
63 9.359032570
64 9.604119290
65 9.910838859
66 10.268840586
67 10.459469581
68 10.479250678
69 10.377341775
70 10.245550881
71 10.324413253
72 10.421788682
73 10.146554503
74 9.989759274
75 9.976074084
76 9.739066400
77 9.381789005
78 9.313473494
79 9.242654183
80 9.150745034
81 9.259589395
82 9.209783460
83 9.415417164
84 9.708381629
85 9.867635479
86 9.877268099
87 10.171039107
88 10.337571083
89 10.440301900
90 10.542444620
91 10.605315101
92 10.854660677
93 11.007088581
94 10.940060116
95 10.867769188
96 10.830071150
97 10.859129899
98 10.831932371
99 10.854933074
100 10.682821690
101 10.600538866
102 10.757594659
103 10.198211389
104 9.629802083
105 9.361187453
106 9.000650497
107 8.473543342
108 8.138590385
109 7.910365654
110 7.616071088
111 7.447243725
112 7.489807082
113 7.574643607
114 7.432914197
115 7.711625750
116 8.270539883
117 9.035183278
118 9.652858935
119 10.034969108
120 10.367478294
121 11.204988112
122 12.137458465
123 12.661175753
124 13.370306926
125 14.294713813
126 14.797977010
127 15.238953093
128 15.858867445
129 16.490086207
130 16.671279190
131 16.863159627
132 17.779295732
133 19.012731676
134 20.800516506
135 22.148861571
136 22.872208559
137 23.629001280
138 24.169634549
139 24.762210803
140 25.644868723
141 26.674904334
142 27.170795808
143 28.084395359
144 28.038885531
145 27.453968293
146 26.793560925
147 25.599893738
148 24.003396191
149 22.556572083
150 21.498077057
151 20.541481847
152 19.440226062
153 18.733924100
154 18.113306388
155 17.875705586
156 17.974994830
157 18.411887605
158 18.699135018
159 18.941199479
160 18.762585173
161 18.292402865
162 18.482237808
163 18.934018293
164 18.898844897
165 18.628325722
166 18.521714282
167 18.146335537
168 17.873265562
169 17.457266794
170 17.371733735
171 17.699785648
172 17.626273185
173 17.753172666
174 17.562019757
175 16.641959340
176 15.455155826
177 14.497790474
178 13.855095272
179 13.503143098
180 13.214374304
181 12.921095392
182 12.546145618
183 12.166524086
184 12.200102453
185 12.087812456
186 11.872817810
187 11.946925451
188 12.150496272
189 12.090388448
190 12.388966937
191 12.862088978
192 13.204635733
193 13.448537915
194 13.533306560
195 13.285789125
196 13.480263035
197 13.588585063
198 13.407925261
199 13.247243723
200 13.171063828
201 13.211790781
202 13.080064554
203 12.506475628
204 12.161057458
205 12.868500330
206 13.668598493
207 14.223426110
208 14.723725376
209 15.386392839
210 15.846652260
211 16.158435090
212 16.568499603
213 17.496938583
214 18.540785954
215 19.208080758
216 19.895871934
217 20.870500840
218 21.565839811
219 21.880621847
220 21.866345117
221 21.877662636
222 22.599883791
223 24.044663086
224 25.189993037
225 25.690551660
226 25.178974786
227 24.461952693
228 24.993713621
229 26.055762841
230 27.252367261
231 28.147544100
232 29.060244349
233 30.018049310
234 31.056932477
235 31.914801873
236 32.377573138
237 33.387746291
238 31.694893769
239 29.889445302
240 28.901948454
241 28.759229005
242 28.578556698
243 27.899523239
244 26.764204142
245 26.755878969
246 27.263915882
247 27.299201781
248 27.386154020
249 27.974831342
250 28.207410462
251 29.643259984
252 30.855527549
253 30.119752103
254 28.824754762
255 28.265086845
256 27.898440305
257 27.424529721
258 27.356360926
259 27.824170439
260 28.236828668
261 28.322943878
262 28.116783584
263 27.590298545
264 26.724725760
265 25.841571621
266 24.708082705
267 23.456439619
268 21.838285757
269 20.584051124
270 20.154104742
271 19.337299576
272 18.617834427
273 18.228626007
274 18.040603193
275 17.830805994
276 17.787392992
277 18.006057479
278 18.234978909
279 18.282479693
280 18.330430361
281 18.180430623
282 17.981129893
283 17.822493603
284 17.673462497
285 17.933302311
286 18.401855039
287 18.585992950
288 18.954524110
289 18.240447499
290 16.999370602
291 15.988775753
292 15.157124538
293 14.502355587
294 14.439677495
295 14.767452448
296 14.605046863
297 14.423851729
298 14.569339600
299 14.699026038
300 14.367455461
301 13.986591371
302 13.803326292
303 13.877846763
304 14.310337742
305 14.684358191
306 14.811525117
307 14.652835891
308 14.583048464
309 14.547769690
310 14.798855235
311 14.661358302
312 13.827887425
313 13.045533239
314 12.414752905
315 12.340772222
316 12.756310171
317 12.544199807
318 12.191235600
319 12.140100906
320 11.938342670
321 11.440650262
322 10.986739529
323 10.589634544
324 10.470913401
325 10.497216999
326 10.627830585
327 10.702794788
328 10.466537498
329 9.978265934
330 9.744749611
331 9.692615932
332 9.445828369
333 9.091115188
334 8.816657605
335 8.764307514
336 8.760820267
337 8.738193280
338 8.663086543
339 8.481799882
340 8.239845049
341 8.109812956
342 8.139808574
343 8.255470807
344 8.175439368
345 7.934462033
346 7.534525761
347 7.234992647
348 7.102407015
349 6.959000911
350 6.856871478
351 6.827626831
352 6.817173190
353 6.773484230
354 6.793081921
355 6.861488412
356 6.979657108
357 6.958228155
358 6.843033038
359 6.583859007
360 6.377464787
361 6.258361577
362 6.083346408
363 5.993422666
364 6.012529560
365 6.073033579
366 6.012578701
367 5.907527514
368 5.930449893
369 6.127990652
370 6.332962692
371 6.358753789
372 6.052944452
373 5.724500369
374 5.523787522
375 5.475889275
376 5.314387292
377 5.113494795
378 4.815543380
379 4.620460346
380 4.607627273
381 4.647153336
382 4.642831703
383 4.691249560
384 4.746626728
385 4.825854210
386 4.963083678
387 5.053464611
388 5.073653881
389 5.129489971
390 5.149559961
391 5.083659735
392 5.122276796
393 5.243781926
394 5.427192800
395 5.483632938
396 5.355513991
397 5.189962554
398 5.170220091
399 5.205312277
400 5.190800282
401 5.191359553
402 5.154685465
403 5.235035269
404 5.547180223
405 5.883311757
406 6.155271111
407 6.566114099
408 6.679590125
409 6.503313203
410 6.350819476
411 6.261510708
412 6.233705758
413 6.250985027
414 6.153049787
415 5.991309705
416 5.850004918
417 5.918949147
418 5.929287701
419 5.888749482
420 5.848166363
421 5.834762961
422 5.730626395
423 5.560019377
424 5.499034081
425 5.405889007
426 5.275634100
427 5.221671685
428 5.198429036
429 5.106624777
430 4.961679967
431 4.793736841
432 4.674565418
433 4.620311750
434 4.730007408
435 4.941841615
436 5.191305229
437 5.194886032
438 5.023895999
439 4.853974226
440 4.771086102
441 4.794389696
442 4.831477847
443 4.952108209
444 4.931691057
445 4.703201005
446 4.371513385
447 4.134982852
448 3.995349458
449 3.850578372
450 3.627913619
451 3.366457961
452 3.185722274
453 3.054768123
454 2.901746926
455 2.769056870
456 2.705347065
457 2.671433500
458 2.618971295
459 2.593467550
460 2.595290592
461 2.570258936
462 2.530487285
463 2.501524016
464 2.484647656
465 2.443805552
466 2.386392738
467 2.343222688
468 2.283128081
469 2.215811707
470 2.207338776
471 2.260876435
472 2.289625482
473 2.259315065
474 2.218304539
475 2.201215071
476 2.182640202
477 2.152319910
478 2.144090161
479 2.033723265
480 1.875930017
481 1.768445519
482 1.675038438
483 1.631897338
484 1.639264616
485 1.676295245
486 1.704900959
487 1.673382824
488 1.603312885
489 1.559231792
490 1.544184607
491 1.512932417
492 1.488387889
493 1.463495440
494 1.456148767
495 1.417429697
496 1.370918446
497 1.325370120
498 1.323601497
499 1.387224702
500 1.442572261
501 1.449931105
502 1.443580121
503 1.430390289
504 1.433937625
505 1.414426124
506 1.411551969
507 1.434514250
508 1.464755220
509 1.477670977
510 1.476772441
511 1.449637154
512 1.439325834
513 1.432258158
514 1.419710536
515 1.392016987
516 1.367921838
517 1.345145033
518 1.285081423
519 1.223123256
520 1.191461138
521 1.175345674
522 1.166943527
523 1.141514813
524 1.103370652
525 1.081569986
526 1.076640296
527 1.082856954
528 1.073314734
529 1.053249696
530 1.021084291
531 0.995771507
532 0.984646193
533 0.958100525
534 0.936828513
535 0.934411468
536 0.937225056
537 0.928781181
538 0.908816264
539 0.906713274
540 0.930104360
541 0.956447716
542 0.947254861
543 0.921827770
544 0.882971422
545 0.827149888
546 0.772881401
547 0.726584242
548 0.691534749
549 0.651392886
550 0.619588954
551 0.597003858
552 0.570224653
553 0.529963497
554 0.498387394
555 0.505182488
556 0.503753447
557 0.503785793
558 0.505377928
559 0.500166920
560 0.469066771
561 0.440596297
562 0.424152728
563 0.425600604
564 0.430885999
565 0.430573457
566 0.417888948
567 0.400318328
568 0.391300397
569 0.393083390
570 0.397811464
571 0.388494558
572 0.373125102
573 0.366454375
574 0.366199273
575 0.367273856
576 0.370779800
577 0.373538512
578 0.382891101
579 0.388876677
580 0.389642570
581 0.387318922
582 0.384407888
583 0.363936999
584 0.349953448
585 0.367436443
586 0.379942379
587 0.381788336
588 0.383796971
589 0.390952674
590 0.402455869
591 0.403173341
592 0.402610459
593 0.398656608
594 0.389393328
595 0.384618205
596 0.396068088
597 0.409095364
598 0.419354103
599 0.431341711
600 0.450450297
601 0.471005440
602 0.465134541
603 0.448816368
604 0.442980281
605 0.445608994
606 0.446105163
607 0.438879219
608 0.426484227
609 0.404707438
610 0.386500972
611 0.375572812
612 0.368341493
613 0.360972952
614 0.364225192
615 0.364584335
616 0.360927108
617 0.349191891
618 0.343409691
619 0.341563840
620 0.341377805
621 0.341188327
622 0.334454793
623 0.320120568
624 0.314617985
625 0.315230573
626 0.309164336
627 0.292297354
628 0.273388057
629 0.259642625
630 0.246623303
631 0.235482541
632 0.230258486
633 0.232122386
634 0.236090750
635 0.236560237
636 0.239620855
637 0.243946207
638 0.245610800
639 0.245700108
640 0.238170668
641 0.229740485
642 0.225310044
643 0.226279647
644 0.231271963
645 0.237629048
646 0.241354003
647 0.242156010
648 0.245680105
649 0.245716941
650 0.242894943
651 0.241437214
652 0.240303763
653 0.235434884
654 0.229999712
655 0.230189284
656 0.229665398
657 0.225098578
658 0.224158452
659 0.225978557
660 0.227361196
661 0.228923281
662 0.229664581
663 0.231857593
664 0.238265943
665 0.239168901
666 0.235779511
667 0.236486025
668 0.242081118
669 0.238531032
670 0.231598883
671 0.223308689
672 0.209368602
673 0.212242230
674 0.225076379
675 0.234089453
676 0.245871631
677 0.257644987
678 0.256737591
679 0.252971508
680 0.256274556
681 0.270184398
682 0.282002319
683 0.285403439
684 0.283578062
685 0.286305469
686 0.294563280
687 0.303094068
688 0.307592336
689 0.311288191
690 0.312123663
691 0.312589034
692 0.312121328
693 0.318478373
694 0.324571919
695 0.319984552
696 0.310074607
697 0.304224472
698 0.300940625
699 0.298980930
700 0.296318975
701 0.295548337
702 0.291710583
703 0.285134358
704 0.280504266
705 0.270077493
706 0.260992812
707 0.257254102
708 0.262464961
709 0.270293751
710 0.277153778
711 0.284822756
712 0.291074368
713 0.295684363
714 0.299039130
715 0.297826860
716 0.291185557
717 0.280775225
718 0.268116460
719 0.258906357
720 0.252001631
721 0.244753820
722 0.241726291
723 0.236509222
724 0.229201787
725 0.217914910
726 0.206494866
727 0.203001830
728 0.205215809
729 0.200877990
730 0.196352621
731 0.196484532
732 0.196443369
733 0.192534111
734 0.189716230
735 0.189437934
736 0.189619457
737 0.189392830
738 0.189048392
739 0.189033844
740 0.185785364
741 0.180772071
742 0.175774094
743 0.172726531
744 0.172780660
745 0.174531751
746 0.176002586
747 0.174110782
748 0.173353988
749 0.177437399
750 0.185462242
751 0.193602341
752 0.198682278
753 0.204843372
754 0.212942814
755 0.218683308
756 0.222624909
757 0.227099740
758 0.225137554
759 0.222690636
760 0.226966636
761 0.235648878
762 0.248545532
763 0.254462850
764 0.248808470
765 0.237474616
766 0.231073570
767 0.229145853
768 0.228208940
769 0.229083170
770 0.230113911
771 0.230146672
772 0.231036964
773 0.232674526
774 0.233293516
775 0.230804179
776 0.223967936
777 0.216309425
778 0.208348179
779 0.204594195
780 0.203804011
781 0.202119096
782 0.198567678
783 0.189836021
784 0.178822122
785 0.171286694
786 0.168172748
787 0.171325101
788 0.173449498
789 0.166929428
790 0.155911276
791 0.150707350
792 0.149018536
793 0.151885346
794 0.160358281
795 0.169969227
796 0.176817262
797 0.175008409
798 0.171861836
799 0.171605900
800 0.175968960
801 0.182674962
802 0.187538379
803 0.190461022
804 0.190620142
805 0.190495534
806 0.188963901
807 0.187977339
808 0.190063319
809 0.198558149
810 0.210452466
811 0.212587110
812 0.205987599
813 0.199311299
814 0.193732748
815 0.186690802
816 0.177512469
817 0.168401831
818 0.162292126
819 0.161300232
820 0.163174199
821 0.165075368
822 0.168215637
823 0.168982928
824 0.168600818
825 0.168327835
826 0.172781476
827 0.180352336
828 0.179217906
829 0.172047414
830 0.168821625
831 0.163516493
832 0.156303590
833 0.149550821
834 0.146762392
835 0.149170111
836 0.154126992
837 0.158318396
838 0.161706687
839 0.168208520
840 0.174768397
841 0.180422025
842 0.182617380
843 0.182661096
844 0.185483555
845 0.193421335
846 0.202578618
847 0.203256320
848 0.196547651
849 0.197833354
850 0.209402617
851 0.222211758
852 0.226331324
853 0.223899268
854 0.227335070
855 0.231215566
856 0.226301242
857 0.215458572
858 0.209369763
859 0.207697599
860 0.211404308
861 0.220423105
862 0.233093016
863 0.248965990
864 0.256615959
865 0.249624866
866 0.241702390
867 0.244646462
868 0.253087955
869 0.265155473
870 0.268546427
871 0.267986383
872 0.269673352
873 0.275752025
874 0.286270717
875 0.287718113
876 0.281392933
877 0.273330306
878 0.267057673
879 0.265220753
880 0.268298942
881 0.271729052
882 0.273298210
883 0.274842749
884 0.269392716
885 0.258483977
886 0.251195183
887 0.249521770
888 0.250396650
889 0.248847671
890 0.242365082
891 0.231027840
892 0.219895531
893 0.210736036
894 0.207590437
895 0.204478044
896 0.195887282
897 0.186454202
898 0.181736608
899 0.179200944
900 0.175846885
901 0.171030094
902 0.170112408
903 0.172920175
904 0.168597907
905 0.162348569
906 0.167608573
907 0.173676592
908 0.175679368
909 0.175277234
910 0.176604912
911 0.176832745
912 0.177238441
913 0.176967339
914 0.182491133
915 0.185195139
916 0.178327134
917 0.169459586
918 0.164817887
919 0.162099341
920 0.159980179
921 0.156968219
922 0.151406638
923 0.143625097
924 0.137097029
925 0.134220631
926 0.131969708
927 0.128543442
928 0.126381357
929 0.125741885
930 0.124757764
931 0.123103615
932 0.121221888
933 0.122155479
934 0.126470427
935 0.126760048
936 0.119783877
937 0.111991791
938 0.110921118
939 0.115415510
940 0.117581761
941 0.117754535
942 0.114771101
943 0.109490169
944 0.104992687
945 0.103951588
946 0.102672633
947 0.098939669
948 0.095578907
949 0.093284758
950 0.090058126
951 0.086185340
952 0.086354266
953 0.088605767
954 0.089241085
955 0.090008429
956 0.091804766
957 0.091348808
958 0.089439721
959 0.089168334
960 0.090347258
961 0.089934403
962 0.089528311
963 0.090175551
964 0.090082976
965 0.089608204
966 0.090114676
967 0.091568036
968 0.094419640
969 0.095594178
970 0.095367994
971 0.096758575
972 0.098407810
973 0.098532650
974 0.098054272
975 0.097348359
976 0.096942541
977 0.098422369
978 0.101215905
979 0.099645547
980 0.095739627
981 0.093508487
982 0.093501452
983 0.095388110
984 0.097407360
985 0.098033516
986 0.098276206
987 0.098930746
988 0.096238537
989 0.093881460
990 0.098073935
991 0.104529955
992 0.109747906
993 0.112678942
994 0.115420494
995 0.115293103
996 0.114981659
997 0.113720521
998 0.113629989
999 0.115942722
1000 0.119896983
1001 0.120636652
1002 0.114777838
1003 0.106754801
1004 0.099720457
1005 0.093215257
1006 0.089153317
1007 0.087593350
1008 0.087429155
1009 0.088827336
1010 0.089611577
1011 0.090207667
1012 0.092547966
1013 0.096147699
1014 0.099269619
1015 0.099501699
1016 0.099078276
1017 0.101646672
1018 0.107225778
1019 0.112886890
1020 0.116079743
1021 0.118079575
1022 0.120318659
1023 0.121253164
1024 0.116524078
1025 0.116903035
1026 0.128210095
1027 0.139187977
1028 0.147343450
1029 0.154775083
1030 0.161924877
1031 0.166441459
1032 0.167974640
1033 0.172871055
1034 0.179859276
1035 0.187849195
1036 0.192646707
1037 0.190909888
1038 0.188040570
1039 0.183673709
1040 0.180098937
1041 0.181316300
1042 0.183195054
1043 0.185848056
1044 0.188152222
1045 0.191483932
1046 0.195181952
1047 0.203311444
1048 0.214920907
1049 0.228719981
1050 0.242728452
1051 0.251043844
1052 0.252751950
1053 0.253599200
1054 0.251987626
1055 0.246839630
1056 0.239371165
1057 0.232693915
1058 0.226830108
1059 0.221769461
1060 0.217113167
1061 0.211636637
1062 0.205617633
1063 0.199720702
1064 0.195944654
1065 0.194954788
1066 0.189992409
1067 0.183866807
1068 0.180046574
1069 0.176890854
1070 0.174675544
1071 0.174014149
1072 0.170611081
1073 0.165237271
1074 0.159962901
1075 0.155840554
1076 0.152158492
1077 0.156991004
1078 0.162509203
1079 0.164182511
1080 0.167452456
1081 0.172833949
1082 0.175140542
1083 0.173973088
1084 0.167307739
1085 0.161365037
1086 0.161709652
1087 0.167159520
1088 0.171566434
1089 0.171994693
1090 0.165722860
1091 0.163960020
1092 0.168303024
1093 0.173209102
1094 0.174559601
1095 0.168721616
1096 0.162453655
1097 0.161527915
1098 0.168452721
1099 0.180303974
1100 0.189962236
1101 0.190993415
1102 0.191127955
1103 0.192713204
1104 0.198235495
1105 0.204875036
1106 0.212939515
1107 0.212016339
1108 0.208367475
1109 0.206071471
1110 0.207763180
1111 0.209418421
1112 0.206448194
1113 0.199614654
1114 0.190816499
1115 0.192481506
1116 0.195547716
1117 0.191208303
1118 0.187382012
1119 0.188577879
1120 0.186167993
1121 0.178922958
1122 0.170319384
1123 0.163227733
1124 0.160457298
1125 0.159982500
1126 0.161129361
1127 0.161179500
1128 0.161110924
1129 0.162934841
1130 0.164630201
1131 0.165869327
1132 0.167300654
1133 0.171056005
1134 0.179431216
1135 0.190980650
1136 0.198079413
1137 0.192004865
1138 0.186114694
1139 0.189572599
1140 0.196956449
1141 0.205896774
1142 0.213885415
1143 0.217270075
1144 0.215293687
1145 0.214830345
1146 0.219391302
1147 0.225118990
1148 0.226630863
1149 0.222783544
1150 0.214606730
1151 0.210859342
1152 0.209863288
1153 0.209465172
1154 0.203745527
1155 0.194570029
1156 0.182695375
1157 0.168779244
1158 0.161330096
1159 0.165150482
1160 0.169456487
1161 0.170006359
1162 0.170309220
1163 0.176494995
1164 0.185330757
1165 0.188620531
1166 0.187869688
1167 0.187903765
1168 0.192996526
1169 0.199018889
1170 0.205106018
1171 0.210280976
1172 0.214923338
1173 0.215847862
1174 0.213112946
1175 0.207021181
1176 0.203325263
1177 0.199717178
1178 0.197682884
1179 0.195756155
1180 0.190043640
1181 0.184404373
1182 0.178581914
1183 0.176088529
1184 0.174393250
1185 0.175234437
1186 0.177298535
1187 0.180610359
1188 0.177823120
1189 0.172667977
1190 0.168367424
1191 0.163821720
1192 0.160026106
1193 0.156626507
1194 0.153527478
1195 0.146494094
1196 0.144160615
1197 0.149691350
1198 0.153581385
1199 0.156601069
1200 0.160002110
1201 0.159392068
1202 0.155193321
1203 0.151001607
1204 0.149957582
1205 0.149530169
1206 0.148360202
1207 0.149789230
1208 0.154162401
1209 0.158454905
1210 0.164568263
1211 0.172613038
1212 0.177141633
1213 0.180457378
1214 0.186936579
1215 0.191422096
1216 0.188557564
1217 0.184063255
1218 0.180206644
1219 0.172643407
1220 0.166050477
1221 0.161147752
1222 0.159129530
1223 0.159209336
1224 0.157617689
1225 0.154072490
1226 0.151221235
1227 0.147828407
1228 0.145056715
1229 0.151160803
1230 0.158020749
1231 0.157159524
1232 0.151462800
1233 0.149795368
1234 0.151049627
1235 0.155272537
1236 0.162832484
1237 0.167199643
1238 0.167664153
1239 0.170134083
1240 0.177399116
1241 0.183354751
1242 0.180704217
1243 0.173162025
1244 0.167747853
1245 0.161222959
1246 0.155228643
1247 0.158402208
1248 0.162656493
1249 0.164843330
1250 0.164631318
1251 0.163287210
1252 0.159282708
1253 0.152425662
1254 0.146611267
1255 0.140471101
1256 0.134719190
1257 0.130286141
1258 0.126814828
1259 0.122862493
1260 0.122442846
1261 0.123569332
1262 0.121674313
1263 0.117843892
1264 0.114920335
1265 0.114969341
1266 0.114336955
1267 0.112768614
1268 0.111450676
1269 0.111454622
1270 0.112426273
1271 0.110296218
1272 0.108161060
1273 0.108589813
1274 0.106647320
1275 0.103313560
1276 0.100210384
1277 0.097780612
1278 0.095781778
1279 0.091988470
1280 0.090093982
1281 0.091567535
1282 0.093080740
1283 0.092113518
1284 0.088844045
1285 0.088156785
1286 0.089605154
1287 0.089004683
1288 0.089184744
1289 0.092453391
1290 0.097033663
1291 0.098919816
1292 0.098118650
1293 0.097723612
1294 0.098843699
1295 0.100253224
1296 0.100775364
1297 0.101167232
1298 0.102693093
1299 0.102116940
1300 0.099044585
1301 0.098565214
1302 0.100195928
1303 0.101292051
1304 0.103317348
1305 0.102386810
1306 0.100069747
1307 0.096542800
1308 0.090452833
1309 0.085843401
1310 0.083977413
1311 0.082078310
1312 0.080899975
1313 0.079452392
1314 0.079115084
1315 0.081483775
1316 0.085028068
1317 0.087135221
1318 0.086594664
1319 0.084642714
1320 0.084298632
1321 0.085394472
1322 0.089202810
1323 0.091300977
1324 0.090041190
1325 0.088075198
1326 0.088844218
1327 0.087997125
1328 0.085430711
1329 0.081722848
1330 0.078697581
1331 0.079977192
1332 0.083196138
1333 0.082109464
1334 0.079585075
1335 0.077314284
1336 0.074831215
1337 0.072599045
1338 0.070005372
1339 0.067568989
1340 0.066049535
1341 0.064408290
1342 0.062267995
1343 0.058616237
1344 0.054314022
1345 0.051688675
1346 0.049472532
1347 0.048498665
1348 0.047861181
1349 0.046312154
1350 0.044716530
1351 0.043407693
1352 0.042644522
1353 0.042576656
1354 0.041781354
1355 0.039972201
1356 0.038032433
1357 0.036854984
1358 0.037041437
1359 0.036688782
1360 0.036056341
1361 0.034786486
1362 0.033899657
1363 0.032872986
1364 0.032272279
1365 0.031776392
1366 0.030493550
1367 0.028659110
1368 0.027060070
1369 0.025724459
1370 0.024340786
1371 0.023826685
1372 0.023186800
1373 0.022193441
1374 0.021223387
1375 0.020970623
1376 0.021352809
1377 0.021323597
1378 0.020215486
1379 0.019432039
1380 0.019475097
1381 0.019599758
1382 0.019400467
1383 0.018900450
1384 0.018484322
1385 0.018250298
1386 0.018028148
1387 0.017536421
1388 0.016852107
1389 0.016191509
1390 0.015728804
1391 0.015451459
1392 0.014981019
1393 0.014545213
1394 0.013886559
1395 0.013274854
1396 0.012928123
1397 0.012967261
1398 0.013165471
1399 0.013130291
1400 0.012895510
1401 0.012646572
1402 0.012505339
1403 0.012485653
1404 0.012692799
1405 0.012869919
1406 0.012377690
1407 0.012015378
1408 0.011915367
1409 0.011909256
1410 0.011990456
1411 0.012023811
1412 0.011761993
1413 0.011695423
1414 0.011926003
1415 0.012174556
1416 0.012565134
1417 0.012855184
1418 0.013095444
1419 0.013410740
1420 0.013648170
1421 0.013855965
1422 0.013782811
1423 0.013714870
1424 0.013552367
1425 0.013717537
1426 0.014227092
1427 0.014774508
1428 0.014544568
1429 0.014134182
1430 0.013976815
1431 0.013944076
1432 0.013883022
1433 0.013749506
1434 0.013493689
1435 0.013348706
1436 0.013084099
1437 0.012687831
1438 0.012269472
1439 0.011994462
1440 0.011689731
1441 0.011580933
1442 0.011186596
1443 0.010469404
1444 0.009788769
1445 0.009315432
1446 0.008946245
1447 0.008470628
1448 0.008014120
1449 0.007667871
1450 0.007544134
1451 0.007321854
1452 0.006740909
1453 0.006203845
1454 0.006019687
1455 0.006198695
1456 0.006146505
1457 0.006021195
1458 0.005927575
1459 0.005822243
1460 0.005712877
1461 0.005630741
1462 0.005586938
1463 0.005654773
1464 0.005627598
1465 0.005525307
1466 0.005512341
1467 0.005553177
1468 0.005702496
1469 0.005861828
1470 0.005866747
1471 0.005838526
1472 0.005779779
1473 0.005807400
1474 0.005821454
1475 0.005731998
1476 0.005607203
1477 0.005555949
1478 0.005536448
1479 0.005603160
1480 0.005533044
1481 0.005253251
1482 0.005104088
1483 0.005098660
1484 0.005187276
1485 0.005321232
1486 0.005589302
1487 0.005794100
1488 0.005949684
1489 0.006074595
1490 0.006148932
1491 0.006213032
1492 0.006284174
1493 0.006393812
1494 0.006445750
1495 0.006393573
1496 0.006260182
1497 0.006430521
1498 0.006883599
1499 0.007186596
1500 0.007334527
1501 0.007518908
1502 0.007555049
1503 0.007550861
1504 0.007532430
1505 0.007562280
1506 0.007819160
1507 0.008086740
1508 0.008311712
1509 0.008355217
1510 0.008156086
1511 0.007755906
1512 0.007299644
1513 0.006894357
1514 0.006566085
1515 0.006308611
1516 0.006094242
1517 0.006007796
1518 0.006010930
1519 0.006116414
1520 0.006118219
1521 0.005791393
1522 0.005229122
1523 0.004732498
1524 0.004470307
1525 0.004350268
1526 0.004237093
1527 0.004124918
1528 0.003871979
1529 0.003667392
1530 0.003545071
1531 0.003490920
1532 0.003518853
1533 0.003400057
1534 0.003233705
1535 0.003140510
1536 0.003105648
1537 0.003233211
1538 0.003511504
1539 0.003642965
1540 0.003628721
1541 0.003647071
1542 0.003781826
1543 0.004045299
1544 0.004336962
1545 0.004437896
1546 0.004446578
1547 0.004442314
1548 0.004411274
1549 0.004448610
1550 0.004431736
1551 0.004315363
1552 0.004213169
1553 0.004108420
1554 0.004128605
1555 0.004255673
1556 0.004254289
1557 0.004050352
1558 0.003882563
1559 0.003819649
1560 0.003908065
1561 0.004072652
1562 0.004113026
1563 0.004058072
1564 0.003960097
1565 0.003887461
1566 0.003840801
1567 0.003816640
1568 0.003772637
1569 0.003690324
1570 0.003629920
1571 0.003685756
1572 0.003717473
1573 0.003651661
1574 0.003535137
1575 0.003538373
1576 0.003546783
1577 0.003529827
1578 0.003438884
1579 0.003412222
1580 0.003592757
1581 0.003728273
1582 0.003767451
1583 0.003778997
1584 0.003682700
1585 0.003543361
1586 0.003488115
1587 0.003423788
1588 0.003392799
1589 0.003389520
1590 0.003427319
1591 0.003419494
1592 0.003290653
1593 0.003127740
1594 0.002974818
1595 0.002930461
1596 0.002943183
1597 0.002972630
1598 0.002979637
1599 0.002952974
1600 0.002982383
1601 0.003050955
1602 0.003008649
1603 0.002940340
1604 0.002938888
1605 0.002964065
1606 0.002952052
1607 0.002842779
1608 0.002729309
1609 0.002650001
1610 0.002623474
1611 0.002675288
1612 0.002835077
1613 0.003002457
1614 0.003084475
1615 0.003080178
1616 0.003041001
1617 0.002970322
1618 0.002943475
1619 0.002982992
1620 0.003028424
1621 0.003005999
1622 0.002960337
1623 0.002950351
1624 0.002954908
1625 0.002906633
1626 0.002971377
1627 0.003129506
1628 0.003239539
1629 0.003271772
1630 0.003239494
1631 0.003177860
1632 0.003167319
1633 0.003225167
1634 0.003348942
1635 0.003401666
1636 0.003394765
1637 0.003484751
1638 0.003615732
1639 0.003729130
1640 0.003815669
1641 0.003944592
1642 0.004113948
1643 0.004180997
1644 0.004236914
1645 0.004259910
1646 0.004154365
1647 0.004087689
1648 0.004044485
1649 0.004149683
1650 0.004308264
1651 0.004517175
1652 0.004796410
1653 0.005103447
1654 0.005235331
1655 0.005169788
1656 0.005054758
1657 0.005047738
1658 0.005163159
1659 0.005222451
1660 0.005110787
1661 0.005071374
1662 0.005252997
1663 0.005570681
1664 0.005773593
1665 0.005835864
1666 0.005991156
1667 0.006339330
1668 0.006619535
1669 0.006520852
1670 0.006336390
1671 0.006239483
1672 0.006213026
1673 0.006036161
1674 0.005834708
1675 0.005687815
1676 0.005644000
1677 0.005571695
1678 0.005525169
1679 0.005444106
1680 0.005450190
1681 0.005467611
1682 0.005388914
1683 0.005186929
1684 0.005031445
1685 0.004854601
1686 0.004674139
1687 0.004536846
1688 0.004380867
1689 0.004259099
1690 0.004248011
1691 0.004179129
1692 0.004063648
1693 0.003957811
1694 0.003845119
1695 0.003782703
1696 0.003732091
1697 0.003631724
1698 0.003548446
1699 0.003527420
1700 0.003450676
1701 0.003330466
1702 0.003257608
1703 0.003178256
1704 0.003001266
1705 0.002892288
1706 0.003029439
1707 0.003083969
1708 0.003031927
1709 0.002997064
1710 0.002914787
1711 0.002791888
1712 0.002640480
1713 0.002483424
1714 0.002372480
1715 0.002256505
1716 0.002156903
1717 0.002065675
1718 0.001978961
1719 0.001931711
1720 0.001920080
1721 0.001798143
1722 0.001600909
1723 0.001436414
1724 0.001352904
1725 0.001309403
1726 0.001271288
1727 0.001239474
1728 0.001244609
1729 0.001298123
1730 0.001367827
1731 0.001376912
1732 0.001364837
1733 0.001359269
1734 0.001393638
1735 0.001460978
1736 0.001522790
1737 0.001506836
1738 0.001481276
1739 0.001490413
1740 0.001501500
1741 0.001505246
1742 0.001499701
1743 0.001462288
1744 0.001404066
1745 0.001349211
1746 0.001318862
1747 0.001308291
1748 0.001332335
1749 0.001335665
1750 0.001293224
1751 0.001240891
1752 0.001184073
1753 0.001143706
1754 0.001106087
1755 0.001060332
1756 0.001010926
1757 0.000979049
1758 0.000958729
1759 0.000955230
1760 0.000931241
1761 0.000895197
1762 0.000878707
1763 0.000870046
1764 0.000855158
1765 0.000840735
1766 0.000841210
1767 0.000864529
1768 0.000908883
1769 0.000940362
1770 0.000962076
1771 0.000973903
1772 0.000982231
1773 0.000994804
1774 0.001020451
1775 0.001062192
1776 0.001102238
1777 0.001134206
1778 0.001139357
1779 0.001148394
1780 0.001146791
1781 0.001083605
1782 0.001007162
1783 0.000963788
1784 0.000932302
1785 0.000874798
1786 0.000814794
1787 0.000782060
1788 0.000766968
1789 0.000758576
1790 0.000764530
1791 0.000770744
1792 0.000765018
1793 0.000754293
1794 0.000757783
1795 0.000758719
1796 0.000741662
1797 0.000745155
1798 0.000767657
1799 0.000779563
1800 0.000759519
1801 0.000717311
1802 0.000674674
1803 0.000640176
1804 0.000612786
1805 0.000595789
1806 0.000575570
1807 0.000540854
1808 0.000520720
1809 0.000522052
1810 0.000511150
1811 0.000498993
1812 0.000495216
1813 0.000500776
1814 0.000489467
1815 0.000472528
1816 0.000464288
1817 0.000452959
1818 0.000449541
1819 0.000447220
1820 0.000441556
1821 0.000433185
1822 0.000426829
1823 0.000430802
1824 0.000429468
1825 0.000413970
1826 0.000398485
1827 0.000385889
1828 0.000365216
1829 0.000347650
1830 0.000356460
1831 0.000372964
1832 0.000387800
1833 0.000400735
1834 0.000411801
1835 0.000413437
1836 0.000405103
1837 0.000390371
1838 0.000373733
1839 0.000365131
1840 0.000362148
1841 0.000367942
1842 0.000372326
1843 0.000373934
1844 0.000374559
1845 0.000370242
1846 0.000355231
1847 0.000345597
1848 0.000341972
1849 0.000335951
1850 0.000327700
1851 0.000316241
1852 0.000300278
1853 0.000292719
1854 0.000295909
1855 0.000299977
1856 0.000304218
1857 0.000310634
1858 0.000314356
1859 0.000315050
1860 0.000317668
1861 0.000320462
1862 0.000324259
1863 0.000332599
1864 0.000345392
1865 0.000358519
1866 0.000365443
1867 0.000361602
1868 0.000355958
1869 0.000355811
1870 0.000351158
1871 0.000342142
1872 0.000326676
1873 0.000313185
1874 0.000297098
1875 0.000282702
1876 0.000277026
1877 0.000281200
1878 0.000290294
1879 0.000295613
1880 0.000300166
1881 0.000307206
1882 0.000315495
1883 0.000323379
1884 0.000329705
1885 0.000334328
1886 0.000343028
1887 0.000358523
1888 0.000373377
1889 0.000365833
1890 0.000345778
1891 0.000335926
1892 0.000340863
1893 0.000351057
1894 0.000354461
1895 0.000343707
1896 0.000334484
1897 0.000331423
1898 0.000331954
1899 0.000344292
1900 0.000359721
1901 0.000364920
1902 0.000360566
1903 0.000359575
1904 0.000357479
1905 0.000347806
1906 0.000333306
1907 0.000321525
1908 0.000306255
1909 0.000287951
1910 0.000263383
1911 0.000245706
1912 0.000248306
1913 0.000243126
1914 0.000230154
1915 0.000225016
1916 0.000227245
1917 0.000230382
1918 0.000230462
1919 0.000229048
1920 0.000225857
1921 0.000224589
1922 0.000222566
1923 0.000223558
1924 0.000226601
1925 0.000230757
1926 0.000233622
1927 0.000237892
1928 0.000238682
1929 0.000240119
1930 0.000244841
1931 0.000250125
1932 0.000254334
1933 0.000258983
1934 0.000258594
1935 0.000252831
1936 0.000249542
1937 0.000250680
1938 0.000253563
1939 0.000255823
1940 0.000263964
1941 0.000277263
1942 0.000294212
1943 0.000317833
1944 0.000335340
1945 0.000339640
1946 0.000346631
1947 0.000353020
1948 0.000360163
1949 0.000367037
1950 0.000380619
1951 0.000396906
1952 0.000410668
1953 0.000426647
1954 0.000440667
1955 0.000457374
1956 0.000472116
1957 0.000482008
1958 0.000490303
1959 0.000494935
1960 0.000486273
1961 0.000459349
1962 0.000422741
1963 0.000394007
1964 0.000375864
1965 0.000361858
1966 0.000350221
1967 0.000334409
1968 0.000303926
1969 0.000287725
1970 0.000287762
1971 0.000284624
1972 0.000268572
1973 0.000257147
1974 0.000248535
1975 0.000240978
1976 0.000234518
1977 0.000222809
1978 0.000205856
1979 0.000189874
1980 0.000178658
1981 0.000175281
1982 0.000171789
1983 0.000165744
1984 0.000165175
1985 0.000167638
1986 0.000166886
1987 0.000165083
1988 0.000166187
1989 0.000172196
1990 0.000172975
1991 0.000169441
1992 0.000167965
1993 0.000165578
1994 0.000164122
1995 0.000161942
1996 0.000158822
1997 0.000157567
1998 0.000158249
1999 0.000161569
2000 0.000166231
2001 0.000165956
2002 0.000165718
2003 0.000166834
2004 0.000170328
2005 0.000175649
2006 0.000181684
2007 0.000183625
2008 0.000182734
2009 0.000183920
2010 0.000187239
2011 0.000194748
2012 0.000207154
2013 0.000218114
2014 0.000226975
2015 0.000231830
2016 0.000233839
2017 0.000239183
2018 0.000244200
2019 0.000248658
2020 0.000253053
2021 0.000265773
2022 0.000281306
2023 0.000288889
2024 0.000294096
2025 0.000304025
2026 0.000316329
2027 0.000330180
2028 0.000346946
2029 0.000359982
2030 0.000365922
2031 0.000364709
2032 0.000363374
2033 0.000368799
2034 0.000380517
2035 0.000404551
2036 0.000426969
2037 0.000443947
2038 0.000445932
2039 0.000442085
2040 0.000449383
2041 0.000464102
2042 0.000470484
2043 0.000450017
2044 0.000426721
2045 0.000413535
2046 0.000414699
2047 0.000408845
2048 0.000398500
2049 0.000386748
2050 0.000378067
2051 0.000366261
2052 0.000348640
2053 0.000336053
2054 0.000325671
2055 0.000316995
2056 0.000320336
2057 0.000341192
2058 0.000364663
2059 0.000389638
2060 0.000402973
2061 0.000408209
2062 0.000423921
2063 0.000449951
2064 0.000483330
2065 0.000516477
2066 0.000540992
2067 0.000566070
2068 0.000579801
2069 0.000581012
2070 0.000585548
2071 0.000603590
2072 0.000627722
2073 0.000618963
2074 0.000603254
2075 0.000602385
2076 0.000607116
2077 0.000602873
2078 0.000585621
2079 0.000595262
2080 0.000651669
2081 0.000707756
2082 0.000747194
2083 0.000775728
2084 0.000788706
2085 0.000794848
2086 0.000791459
2087 0.000783183
2088 0.000768317
2089 0.000762183
2090 0.000771057
2091 0.000787520
2092 0.000812062
2093 0.000829919
2094 0.000827006
2095 0.000824095
2096 0.000815117
2097 0.000798138
2098 0.000792497
2099 0.000805179
2100 0.000818464
2101 0.000820944
2102 0.000825724
2103 0.000833800
2104 0.000842628
2105 0.000812833
2106 0.000753406
2107 0.000718233
2108 0.000701501
2109 0.000700146
2110 0.000710928
2111 0.000723177
2112 0.000729487
2113 0.000746139
2114 0.000764592
2115 0.000774656
2116 0.000780714
2117 0.000772320
2118 0.000764845
2119 0.000768370
2120 0.000778362
2121 0.000784288
2122 0.000779614
2123 0.000770496
2124 0.000738975
2125 0.000695459
2126 0.000658505
2127 0.000635986
2128 0.000631484
2129 0.000621584
2130 0.000605196
2131 0.000602145
2132 0.000597594
2133 0.000576396
2134 0.000546002
2135 0.000523835
2136 0.000506994
2137 0.000496956
2138 0.000506114
2139 0.000522632
2140 0.000522343
2141 0.000515844
2142 0.000509536
2143 0.000492895
2144 0.000471844
2145 0.000455791
2146 0.000437047
2147 0.000417920
2148 0.000401801
2149 0.000397663
2150 0.000397289
2151 0.000399052
2152 0.000395834
2153 0.000381228
2154 0.000367288
2155 0.000355963
2156 0.000347109
2157 0.000338705
2158 0.000328403
2159 0.000306107
2160 0.000280659
2161 0.000281178
2162 0.000290211
2163 0.000281584
2164 0.000263811
2165 0.000252791
2166 0.000247903
2167 0.000223383
2168 0.000201294
2169 0.000192539
2170 0.000190774
2171 0.000193312
2172 0.000198078
2173 0.000198762
2174 0.000200457
2175 0.000201139
2176 0.000199400
2177 0.000191427
2178 0.000184309
2179 0.000176684
2180 0.000170573
2181 0.000168323
2182 0.000169017
2183 0.000166217
2184 0.000161772
2185 0.000159483
2186 0.000160087
2187 0.000152490
2188 0.000141768
2189 0.000138220
2190 0.000140997
2191 0.000145436
2192 0.000147943
2193 0.000149058
2194 0.000149844
2195 0.000153071
2196 0.000158042
2197 0.000163907
2198 0.000170133
2199 0.000172626
2200 0.000172434
2201 0.000175411
2202 0.000181442
2203 0.000182974
2204 0.000177069
2205 0.000167982
2206 0.000157998
2207 0.000146721
2208 0.000137806
2209 0.000129444
2210 0.000121426
2211 0.000116917
2212 0.000116206
2213 0.000117630
2214 0.000118053
2215 0.000117013
2216 0.000113345
2217 0.000110245
2218 0.000109819
2219 0.000108649
2220 0.000107842
2221 0.000105847
2222 0.000101693
2223 0.000102074
2224 0.000109813
2225 0.000116269
2226 0.000120405
2227 0.000125490
2228 0.000128823
2229 0.000129374
2230 0.000132005
2231 0.000137451
2232 0.000144720
2233 0.000146834
2234 0.000146172
2235 0.000147859
2236 0.000149851
2237 0.000144002
2238 0.000132327
2239 0.000121339
2240 0.000118880
2241 0.000121631
2242 0.000117659
2243 0.000110489
2244 0.000104420
2245 0.000100370
2246 0.000096626
2247 0.000093025
2248 0.000090656
2249 0.000089645
2250 0.000087557
2251 0.000086597
2252 0.000086342
2253 0.000086758
2254 0.000087679
2255 0.000088442
2256 0.000087557
2257 0.000082918
2258 0.000078678
2259 0.000077329
2260 0.000078092
2261 0.000080149
2262 0.000081434
2263 0.000080197
2264 0.000079047
2265 0.000078701
2266 0.000079347
2267 0.000082908
2268 0.000089074
2269 0.000096449
2270 0.000099685
2271 0.000098285
2272 0.000099124
2273 0.000101994
2274 0.000103963
2275 0.000103271
2276 0.000101123
2277 0.000098012
2278 0.000095588
2279 0.000093856
2280 0.000093970
2281 0.000097840
2282 0.000102034
2283 0.000104201
2284 0.000105819
2285 0.000109428
2286 0.000117490
2287 0.000126707
2288 0.000128805
2289 0.000128896
2290 0.000131068
2291 0.000136179
2292 0.000143352
2293 0.000146460
2294 0.000147277
2295 0.000149487
2296 0.000152460
2297 0.000158192
2298 0.000164989
2299 0.000171921
2300 0.000172845
2301 0.000174389
2302 0.000178577
2303 0.000187977
2304 0.000194152
2305 0.000196457
2306 0.000204628
2307 0.000217308
2308 0.000228486
2309 0.000236744
2310 0.000241921
2311 0.000250048
2312 0.000248406
2313 0.000245453
2314 0.000243207
2315 0.000240447
2316 0.000236307
2317 0.000233429
2318 0.000226474
2319 0.000217305
2320 0.000210205
2321 0.000207908
2322 0.000207014
2323 0.000200485
2324 0.000188873
2325 0.000177558
2326 0.000171830
2327 0.000168149
2328 0.000159877
2329 0.000149957
2330 0.000142064
2331 0.000140044
2332 0.000140057
2333 0.000139893
2334 0.000137771
2335 0.000135632
2336 0.000135774
2337 0.000136929
2338 0.000137936
2339 0.000133339
2340 0.000135675
2341 0.000144850
2342 0.000150931
2343 0.000151446
2344 0.000148585
2345 0.000144740
2346 0.000141581
2347 0.000138842
2348 0.000137901
2349 0.000138607
2350 0.000142843
2351 0.000146165
2352 0.000145581
2353 0.000142964
2354 0.000142696
2355 0.000143886
2356 0.000143049
2357 0.000140765
2358 0.000137399
2359 0.000132512
2360 0.000126001
2361 0.000121158
2362 0.000116255
2363 0.000113091
2364 0.000112991
2365 0.000112276
2366 0.000107154
2367 0.000099710
2368 0.000093210
2369 0.000087218
2370 0.000083061
2371 0.000078874
2372 0.000076376
2373 0.000075517
2374 0.000074845
2375 0.000072316
2376 0.000069638
2377 0.000068315
2378 0.000068538
2379 0.000068890
2380 0.000068802
2381 0.000068718
2382 0.000069362
2383 0.000070197
2384 0.000070195
2385 0.000070428
2386 0.000070976
2387 0.000072201
2388 0.000074761
2389 0.000077447
2390 0.000078007
2391 0.000076934
2392 0.000076737
2393 0.000077312
2394 0.000077084
2395 0.000073832
2396 0.000071087
2397 0.000072482
2398 0.000074471
2399 0.000073722
2400 0.000071574
2401 0.000068678
2402 0.000066272
2403 0.000063344
2404 0.000061289
2405 0.000057456
2406 0.000053676
2407 0.000051106
2408 0.000048402
2409 0.000045176
2410 0.000043039
2411 0.000042466
2412 0.000041189
2413 0.000036874
2414 0.000032668
2415 0.000029907
2416 0.000028195
2417 0.000027700
2418 0.000027722
2419 0.000027726
2420 0.000027772
2421 0.000027522
2422 0.000026975
2423 0.000026051
2424 0.000025528
2425 0.000026057
2426 0.000027437
2427 0.000027928
2428 0.000027868
2429 0.000027790
2430 0.000028485
2431 0.000029503
2432 0.000028828
2433 0.000026456
2434 0.000024939
2435 0.000024057
2436 0.000023122
2437 0.000021861
2438 0.000020795
2439 0.000019742
2440 0.000018441
2441 0.000017209
2442 0.000016175
2443 0.000015652
2444 0.000015539
2445 0.000015529
2446 0.000015475
2447 0.000015454
2448 0.000015363
2449 0.000015484
2450 0.000015595
2451 0.000015498
2452 0.000015614
2453 0.000016123
2454 0.000016613
2455 0.000016780
2456 0.000017029
2457 0.000017515
2458 0.000017681
2459 0.000017709
2460 0.000017861
2461 0.000018435
2462 0.000019361
2463 0.000020071
2464 0.000020298
2465 0.000020539
2466 0.000020968
2467 0.000020711
2468 0.000019743
2469 0.000019310
2470 0.000019425
2471 0.000019693
2472 0.000019763
2473 0.000020214
2474 0.000021149
2475 0.000021605
2476 0.000020598
2477 0.000020078
2478 0.000020445
2479 0.000021562
2480 0.000021981
2481 0.000022441
2482 0.000023324
2483 0.000024309
2484 0.000023807
2485 0.000023062
2486 0.000023220
2487 0.000023618
2488 0.000023777
2489 0.000023759
2490 0.000023533
2491 0.000023031
2492 0.000022618
2493 0.000021961
2494 0.000021131
2495 0.000020667
2496 0.000020928
2497 0.000021659
2498 0.000022248
2499 0.000022124
2500 0.000021680
2501 0.000020709
2502 0.000019199
2503 0.000017853
2504 0.000017470
2505 0.000017825
2506 0.000017713
2507 0.000017084
2508 0.000016708
2509 0.000016339
2510 0.000015892
2511 0.000016365
2512 0.000017338
2513 0.000018136
2514 0.000018434
2515 0.000017765
2516 0.000016755
2517 0.000015789
2518 0.000014994
2519 0.000014337
2520 0.000013632
2521 0.000012765
2522 0.000012039
2523 0.000011097
2524 0.000010228
2525 0.000009923
2526 0.000009616
2527 0.000008631
2528 0.000007766
2529 0.000007254
2530 0.000006811
2531 0.000006299
2532 0.000005897
2533 0.000005582
2534 0.000005351
2535 0.000005123
2536 0.000004936
2537 0.000004781
2538 0.000004681
2539 0.000004557
2540 0.000004426
2541 0.000004463
2542 0.000004560
2543 0.000004533
2544 0.000004382
2545 0.000004201
2546 0.000004128
2547 0.000004096
2548 0.000004031
2549 0.000003842
2550 0.000003659
2551 0.000003487
2552 0.000003389
2553 0.000003302
2554 0.000003264
2555 0.000003257
2556 0.000003279
2557 0.000003288
2558 0.000003224
2559 0.000003081
2560 0.000002940
2561 0.000002988
2562 0.000003070
2563 0.000003048
2564 0.000002944
2565 0.000002894
2566 0.000002910
2567 0.000002892
2568 0.000002830
2569 0.000002762
2570 0.000002737
2571 0.000002686
2572 0.000002641
2573 0.000002577
2574 0.000002551
2575 0.000002527
2576 0.000002503
2577 0.000002545
2578 0.000002599
2579 0.000002612
2580 0.000002590
2581 0.000002567
2582 0.000002552
2583 0.000002526
2584 0.000002475
2585 0.000002461
2586 0.000002465
2587 0.000002420
2588 0.000002329
2589 0.000002291
2590 0.000002288
2591 0.000002314
2592 0.000002287
2593 0.000002142
2594 0.000001944
2595 0.000001870
2596 0.000001814
2597 0.000001726
2598 0.000001643
2599 0.000001606
2600 0.000001588
2601 0.000001522
2602 0.000001428
2603 0.000001375
2604 0.000001387
2605 0.000001414
2606 0.000001413
2607 0.000001384
2608 0.000001358
2609 0.000001332
2610 0.000001324
2611 0.000001334
2612 0.000001350
2613 0.000001294
2614 0.000001242
2615 0.000001227
2616 0.000001249
2617 0.000001271
2618 0.000001294
2619 0.000001297
2620 0.000001277
2621 0.000001280
2622 0.000001282
2623 0.000001261
2624 0.000001244
2625 0.000001220
2626 0.000001198
2627 0.000001157
2628 0.000001121
2629 0.000001101
2630 0.000001107
2631 0.000001137
2632 0.000001147
2633 0.000001119
2634 0.000001125
2635 0.000001161
2636 0.000001190
2637 0.000001202
2638 0.000001231
2639 0.000001258
2640 0.000001233
2641 0.000001179
2642 0.000001129
2643 0.000001098
2644 0.000001059
2645 0.000000987
2646 0.000000915
2647 0.000000902
2648 0.000000917
2649 0.000000911
2650 0.000000911
2651 0.000000920
2652 0.000000918
2653 0.000000892
2654 0.000000855
2655 0.000000834
2656 0.000000840
2657 0.000000840
2658 0.000000820
2659 0.000000794
2660 0.000000769
2661 0.000000741
2662 0.000000725
2663 0.000000718
2664 0.000000723
2665 0.000000747
2666 0.000000727
2667 0.000000678
2668 0.000000647
2669 0.000000639
2670 0.000000654
2671 0.000000694
2672 0.000000728
2673 0.000000737
2674 0.000000734
2675 0.000000733
2676 0.000000751
2677 0.000000784
2678 0.000000809
2679 0.000000824
2680 0.000000827
2681 0.000000825
2682 0.000000812
2683 0.000000836
2684 0.000000897
2685 0.000000923
2686 0.000000927
2687 0.000000979
2688 0.000001047
2689 0.000001122
2690 0.000001176
2691 0.000001187
2692 0.000001214
2693 0.000001250
2694 0.000001269
2695 0.000001295
2696 0.000001314
2697 0.000001336
2698 0.000001339
2699 0.000001329
2700 0.000001314
2701 0.000001286
2702 0.000001246
2703 0.000001190
2704 0.000001138
2705 0.000001070
2706 0.000001009
2707 0.000000960
2708 0.000000925
2709 0.000000892
2710 0.000000857
2711 0.000000792
2712 0.000000735
2713 0.000000728
2714 0.000000742
2715 0.000000714
2716 0.000000667
2717 0.000000656
2718 0.000000655
2719 0.000000647
2720 0.000000629
2721 0.000000592
2722 0.000000563
2723 0.000000555
2724 0.000000551
2725 0.000000537
2726 0.000000529
2727 0.000000512
2728 0.000000483
2729 0.000000474
2730 0.000000475
2731 0.000000461
2732 0.000000444
2733 0.000000431
2734 0.000000426
2735 0.000000404
2736 0.000000370
2737 0.000000340
2738 0.000000318
2739 0.000000302
2740 0.000000281
2741 0.000000264
2742 0.000000256
2743 0.000000252
2744 0.000000246
2745 0.000000235
2746 0.000000226
2747 0.000000221
2748 0.000000223
2749 0.000000220
2750 0.000000215
2751 0.000000218
2752 0.000000228
2753 0.000000237
2754 0.000000241
2755 0.000000240
2756 0.000000239
2757 0.000000243
2758 0.000000251
2759 0.000000253
2760 0.000000237
2761 0.000000222
2762 0.000000216
2763 0.000000210
2764 0.000000203
2765 0.000000196
2766 0.000000187
2767 0.000000182
2768 0.000000184
2769 0.000000186
2770 0.000000191
2771 0.000000194
2772 0.000000180
2773 0.000000166
2774 0.000000160
2775 0.000000160
2776 0.000000153
2777 0.000000142
2778 0.000000133
2779 0.000000130
2780 0.000000126
2781 0.000000121
2782 0.000000114
2783 0.000000112
2784 0.000000113
2785 0.000000107
2786 0.000000102
2787 0.000000100
2788 0.000000101
2789 0.000000101
2790 0.000000098
2791 0.000000097
2792 0.000000098
2793 0.000000099
2794 0.000000100
2795 0.000000102
2796 0.000000104
2797 0.000000106
2798 0.000000107
2799 0.000000110
2800 0.000000113
2801 0.000000113
2802 0.000000111
2803 0.000000106
2804 0.000000104
2805 0.000000102
2806 0.000000102
2807 0.000000101
2808 0.000000098
2809 0.000000094
2810 0.000000090
2811 0.000000082
2812 0.000000076
2813 0.000000075
2814 0.000000076
2815 0.000000072
2816 0.000000066
2817 0.000000060
2818 0.000000057
2819 0.000000054
2820 0.000000052
2821 0.000000048
2822 0.000000044
2823 0.000000041
2824 0.000000039
2825 0.000000038
2826 0.000000036
2827 0.000000033
2828 0.000000030
2829 0.000000029
2830 0.000000028
2831 0.000000027
2832 0.000000027
2833 0.000000027
2834 0.000000028
2835 0.000000029
2836 0.000000030
2837 0.000000030
2838 0.000000032
2839 0.000000034
2840 0.000000035
2841 0.000000036
2842 0.000000037
2843 0.000000039
2844 0.000000040
2845 0.000000039
2846 0.000000038
2847 0.000000038
2848 0.000000038
2849 0.000000038
2850 0.000000038
2851 0.000000037
2852 0.000000035
2853 0.000000034
2854 0.000000033
2855 0.000000029
2856 0.000000027
2857 0.000000027
2858 0.000000027
2859 0.000000026
2860 0.000000025
2861 0.000000024
2862 0.000000023
2863 0.000000023
2864 0.000000024
2865 0.000000025
2866 0.000000025
2867 0.000000026
2868 0.000000027
2869 0.000000028
2870 0.000000028
2871 0.000000028
2872 0.000000028
2873 0.000000028
2874 0.000000028
2875 0.000000027
2876 0.000000027
2877 0.000000025
2878 0.000000024
2879 0.000000023
2880 0.000000022
2881 0.000000021
2882 0.000000021
2883 0.000000021
2884 0.000000021
2885 0.000000021
2886 0.000000021
2887 0.000000021
2888 0.000000022
2889 0.000000023
2890 0.000000024
2891 0.000000025
2892 0.000000025
2893 0.000000023
2894 0.000000022
2895 0.000000021
2896 0.000000020
2897 0.000000020
2898 0.000000020
2899 0.000000019
2900 0.000000018
2901 0.000000018
2902 0.000000017
2903 0.000000017
2904 0.000000017
2905 0.000000016
2906 0.000000016
2907 0.000000016
2908 0.000000016
2909 0.000000015
2910 0.000000015
2911 0.000000015
2912 0.000000015
2913 0.000000016
2914 0.000000017
2915 0.000000017
2916 0.000000017
2917 0.000000017
2918 0.000000017
2919 0.000000017
2920 0.000000016
2921 0.000000016
2922 0.000000016
2923 0.000000016
2924 0.000000016
2925 0.000000016
2926 0.000000016
2927 0.000000016
2928 0.000000016
2929 0.000000017
2930 0.000000017
2931 0.000000017
2932 0.000000017
2933 0.000000017
2934 0.000000017
2935 0.000000016
2936 0.000000015
2937 0.000000015
2938 0.000000016
2939 0.000000016
2940 0.000000016
2941 0.000000017
2942 0.000000017
2943 0.000000018
2944 0.000000018
2945 0.000000018
2946 0.000000018
2947 0.000000019
2948 0.000000021
2949 0.000000023
2950 0.000000024
2951 0.000000026
2952 0.000000028
2953 0.000000030
2954 0.000000031
2955 0.000000034
2956 0.000000035
2957 0.000000037
2958 0.000000039
2959 0.000000041
2960 0.000000042
2961 0.000000042
2962 0.000000043
2963 0.000000045
2964 0.000000048
2965 0.000000051
2966 0.000000052
2967 0.000000052
2968 0.000000054
2969 0.000000056
2970 0.000000058
2971 0.000000057
2972 0.000000057
2973 0.000000056
2974 0.000000054
2975 0.000000054
2976 0.000000054
2977 0.000000054
2978 0.000000053
2979 0.000000053
2980 0.000000055
2981 0.000000054
2982 0.000000051
2983 0.000000049
2984 0.000000047
2985 0.000000044
2986 0.000000040
2987 0.000000035
2988 0.000000033
2989 0.000000032
2990 0.000000032
2991 0.000000031
2992 0.000000030
2993 0.000000030
2994 0.000000030
2995 0.000000031
2996 0.000000032
2997 0.000000033
2998 0.000000033
2999 0.000000032
3000 0.000000033
3001 0.000000035
3002 0.000000037
3003 0.000000039
3004 0.000000040
3005 0.000000042
3006 0.000000044
3007 0.000000046
3008 0.000000048
3009 0.000000050
3010 0.000000052
3011 0.000000052
3012 0.000000049
3013 0.000000046
3014 0.000000045
3015 0.000000044
3016 0.000000044
3017 0.000000042
3018 0.000000040
3019 0.000000040
3020 0.000000043
3021 0.000000043
3022 0.000000043
3023 0.000000046
3024 0.000000050
3025 0.000000054
3026 0.000000055
3027 0.000000059
3028 0.000000065
3029 0.000000069
3030 0.000000072
3031 0.000000077
3032 0.000000082
3033 0.000000084
3034 0.000000086
3035 0.000000088
3036 0.000000088
3037 0.000000088
3038 0.000000088
3039 0.000000088
3040 0.000000086
3041 0.000000083
3042 0.000000080
3043 0.000000077
3044 0.000000072
3045 0.000000066
3046 0.000000061
3047 0.000000057
3048 0.000000053
3049 0.000000050
3050 0.000000048
3051 0.000000046
3052 0.000000045
3053 0.000000045
3054 0.000000047
3055 0.000000048
3056 0.000000047
3057 0.000000046
3058 0.000000045
3059 0.000000044
3060 0.000000042
3061 0.000000041
3062 0.000000040
3063 0.000000038
3064 0.000000039
3065 0.000000041
3066 0.000000042
3067 0.000000043
3068 0.000000046
3069 0.000000047
3070 0.000000047
3071 0.000000048
3072 0.000000049
3073 0.000000051
3074 0.000000050
3075 0.000000048
3076 0.000000045
3077 0.000000044
3078 0.000000044
3079 0.000000043
3080 0.000000040
3081 0.000000038
3082 0.000000035
3083 0.000000033
3084 0.000000032
3085 0.000000031
3086 0.000000030
3087 0.000000029
3088 0.000000028
3089 0.000000026
3090 0.000000025
3091 0.000000023
3092 0.000000022
3093 0.000000022
3094 0.000000022
3095 0.000000022
3096 0.000000022
3097 0.000000021
3098 0.000000021
3099 0.000000021
3100 0.000000021
3101 0.000000020
3102 0.000000020
3103 0.000000019
3104 0.000000018
3105 0.000000018
3106 0.000000017
3107 0.000000017
3108 0.000000016
3109 0.000000015
3110 0.000000014
3111 0.000000013
3112 0.000000012
3113 0.000000012
3114 0.000000012
3115 0.000000012
3116 0.000000013
3117 0.000000013
3118 0.000000013
3119 0.000000013
3120 0.000000013
3121 0.000000013
3122 0.000000014
3123 0.000000014
3124 0.000000013
3125 0.000000012
3126 0.000000012
3127 0.000000012
3128 0.000000012
3129 0.000000012
3130 0.000000012
3131 0.000000012
3132 0.000000012
3133 0.000000013
3134 0.000000013
3135 0.000000013
3136 0.000000013
3137 0.000000013
3138 0.000000014
3139 0.000000015
3140 0.000000016
3141 0.000000017
3142 0.000000018
3143 0.000000018
3144 0.000000019
3145 0.000000020
3146 0.000000021
3147 0.000000022
3148 0.000000025
3149 0.000000029
3150 0.000000032
3151 0.000000035
3152 0.000000038
3153 0.000000039
3154 0.000000041
3155 0.000000044
3156 0.000000048
3157 0.000000051
3158 0.000000053
3159 0.000000055
3160 0.000000057
3161 0.000000059
3162 0.000000059
3163 0.000000060
3164 0.000000061
3165 0.000000061
3166 0.000000061
3167 0.000000060
3168 0.000000059
3169 0.000000057
3170 0.000000054
3171 0.000000051
3172 0.000000049
3173 0.000000048
3174 0.000000048
3175 0.000000047
3176 0.000000045
3177 0.000000043
3178 0.000000042
3179 0.000000041
3180 0.000000043
3181 0.000000044
3182 0.000000042
3183 0.000000039
3184 0.000000038
3185 0.000000040
3186 0.000000042
3187 0.000000042
3188 0.000000040
3189 0.000000040
3190 0.000000040
3191 0.000000040
3192 0.000000039
3193 0.000000039
3194 0.000000039
3195 0.000000037
3196 0.000000035
3197 0.000000034
3198 0.000000035
3199 0.000000035
3200 0.000000034
3201 0.000000034
3202 0.000000034
3203 0.000000034
3204 0.000000032
3205 0.000000032
3206 0.000000031
3207 0.000000031
3208 0.000000032
3209 0.000000033
3210 0.000000032
3211 0.000000031
3212 0.000000030
3213 0.000000029
3214 0.000000027
3215 0.000000026
3216 0.000000025
3217 0.000000023
3218 0.000000021
3219 0.000000019
3220 0.000000018
3221 0.000000017
3222 0.000000017
3223 0.000000016
3224 0.000000015
3225 0.000000014
3226 0.000000013
3227 0.000000013
3228 0.000000012
3229 0.000000012
3230 0.000000012
3231 0.000000013
3232 0.000000014
3233 0.000000014
3234 0.000000014
3235 0.000000013
3236 0.000000013
3237 0.000000013
3238 0.000000013
3239 0.000000012
3240 0.000000012
3241 0.000000011
3242 0.000000010
3243 0.000000010
3244 0.000000010
