#ite residual of mtx/Flan_1565.mtx
1 16.158271
2 11.010620
3 12.355897
4 12.049641
5 12.460894
6 12.111902
7 11.988306
8 11.626513
9 11.046428
10 11.345500
11 11.371260
12 11.686037
13 11.540323
14 11.545284
15 11.206929
16 11.274150
17 10.939304
18 11.162171
19 11.132071
20 10.972186
21 10.678548
22 10.571078
23 10.552581
24 10.634931
25 10.837196
26 11.371091
27 11.988673
28 12.522441
29 13.096540
30 13.644767
31 13.763443
32 13.960247
33 14.107427
34 14.307981
35 14.602966
36 14.899741
37 14.762195
38 14.496403
39 14.381082
40 14.200225
41 13.916243
42 13.504632
43 13.027257
44 12.694974
45 12.604276
46 12.481944
47 12.128867
48 11.678841
49 11.379319
50 11.205222
51 11.373510
52 11.470672
53 11.788329
54 12.190901
55 12.388333
56 12.366651
57 12.526339
58 12.593642
59 12.438826
60 12.540969
61 12.855052
62 13.126975
63 13.199707
64 13.429320
65 13.248161
66 11.994324
67 10.520603
68 9.750254
69 8.728318
70 8.269104
71 7.642158
72 7.143331
73 6.616727
74 6.328645
75 5.914945
76 5.505942
77 5.089805
78 4.725692
79 4.457127
80 4.202629
81 3.955247
82 3.736441
83 3.567292
84 3.414704
85 3.355435
86 3.328804
87 3.317689
88 3.274124
89 3.192028
90 3.054874
91 3.000337
92 3.047552
93 3.060785
94 3.002003
95 2.958776
96 2.917277
97 2.881986
98 2.835002
99 2.748012
100 2.638797
101 2.635840
102 2.688674
103 2.700317
104 2.728415
105 2.838695
106 2.916045
107 2.990319
108 2.999108
109 2.877618
110 2.754803
111 2.742605
112 2.719339
113 2.744999
114 2.823553
115 2.935893
116 3.002374
117 3.178556
118 3.139399
119 3.316029
120 3.404196
121 3.572600
122 3.438715
123 3.514926
124 3.499907
125 3.257921
126 3.401094
127 2.934712
128 2.769380
129 2.378308
130 1.756740
131 2.555584
132 2.622077
133 2.785628
134 2.569917
135 2.645298
136 2.623630
137 2.529133
138 2.608656
139 2.462568
140 2.508277
141 2.209672
142 2.170647
143 2.085638
144 2.065211
145 2.017578
146 1.891915
147 1.980165
148 1.956893
149 2.054761
150 1.971931
151 1.954086
152 1.847531
153 1.810105
154 1.775524
155 1.702119
156 1.658594
157 1.606700
158 1.622615
159 1.528214
160 1.526294
161 1.460962
162 1.419949
163 1.338860
164 1.211768
165 1.104638
166 1.047282
167 1.004034
168 0.931366
169 0.905438
170 0.822097
171 0.747940
172 0.684003
173 0.635379
174 0.583491
175 0.537687
176 0.531133
177 0.504801
178 0.489710
179 0.456893
180 0.431356
181 0.414797
182 0.409657
183 0.391257
184 0.369353
185 0.358637
186 0.348826
187 0.349372
188 0.347315
189 0.345670
190 0.345850
191 0.336423
192 0.326022
193 0.305704
194 0.285530
195 0.285447
196 0.287185
197 0.274254
198 0.269343
199 0.279203
200 0.290273
201 0.298536
202 0.298306
203 0.284972
204 0.275913
205 0.274084
206 0.265809
207 0.247739
208 0.233651
209 0.229201
210 0.229502
211 0.226349
212 0.227132
213 0.225997
214 0.210724
215 0.194093
216 0.191086
217 0.197968
218 0.203830
219 0.217273
220 0.215770
221 0.212068
222 0.212246
223 0.219325
224 0.223712
225 0.226801
226 0.224973
227 0.221708
228 0.221788
229 0.216461
230 0.213589
231 0.212778
232 0.208902
233 0.202839
234 0.197321
235 0.193992
236 0.199319
237 0.200089
238 0.198888
239 0.199683
240 0.201970
241 0.204749
242 0.216700
243 0.220512
244 0.236584
245 0.235466
246 0.250920
247 0.239972
248 0.244922
249 0.242440
250 0.247523
251 0.244656
252 0.231303
253 0.228884
254 0.223295
255 0.201932
256 0.201428
257 0.176818
258 0.213530
259 0.198696
260 0.178547
261 0.164152
262 0.169909
263 0.158313
264 0.164256
265 0.157352
266 0.157566
267 0.152767
268 0.148825
269 0.149976
270 0.146371
271 0.147598
272 0.134285
273 0.136380
274 0.133046
275 0.133041
276 0.129160
277 0.124727
278 0.120650
279 0.114083
280 0.113776
281 0.106954
282 0.109745
283 0.109755
284 0.118236
285 0.118708
286 0.123365
287 0.123678
288 0.126162
289 0.122430
290 0.118140
291 0.113823
292 0.115470
293 0.124777
294 0.123885
295 0.123373
296 0.114642
297 0.112649
298 0.108865
299 0.109620
300 0.108189
301 0.102776
302 0.099164
303 0.091485
304 0.087233
305 0.086455
306 0.086783
307 0.081777
308 0.080129
309 0.078224
310 0.077035
311 0.076320
312 0.077672
313 0.079589
314 0.078770
315 0.079568
316 0.077874
317 0.078123
318 0.077856
319 0.079607
320 0.080133
321 0.076447
322 0.077137
323 0.079282
324 0.078926
325 0.078473
326 0.076455
327 0.073568
328 0.070512
329 0.069982
330 0.066831
331 0.067652
332 0.065608
333 0.065874
334 0.064081
335 0.064395
336 0.064136
337 0.064972
338 0.064229
339 0.062690
340 0.063123
341 0.060398
342 0.061322
343 0.060880
344 0.062725
345 0.062650
346 0.065932
347 0.066308
348 0.067119
349 0.069443
350 0.069507
351 0.069835
352 0.066113
353 0.062080
354 0.057174
355 0.056149
356 0.054023
357 0.051968
358 0.051386
359 0.050620
360 0.049891
361 0.048348
362 0.047246
363 0.045622
364 0.046109
365 0.046568
366 0.044802
367 0.042562
368 0.040114
369 0.041938
370 0.041674
371 0.044301
372 0.042345
373 0.043997
374 0.041441
375 0.042616
376 0.042909
377 0.041797
378 0.041995
379 0.040170
380 0.039706
381 0.037774
382 0.035510
383 0.036767
384 0.032912
385 0.036020
386 0.032983
387 0.029820
388 0.028730
389 0.030690
390 0.029452
391 0.030473
392 0.030941
393 0.030694
394 0.031202
395 0.030191
396 0.032262
397 0.031882
398 0.031949
399 0.030077
400 0.030109
401 0.030841
402 0.031396
403 0.030515
404 0.028858
405 0.028130
406 0.027106
407 0.027918
408 0.028319
409 0.029053
410 0.028868
411 0.029283
412 0.029501
413 0.029037
414 0.029650
415 0.030135
416 0.030967
417 0.031547
418 0.032284
419 0.032315
420 0.033202
421 0.033763
422 0.032511
423 0.030839
424 0.029642
425 0.029525
426 0.030106
427 0.030665
428 0.031121
429 0.031236
430 0.032033
431 0.031807
432 0.032340
433 0.032931
434 0.032917
435 0.032901
436 0.032756
437 0.031937
438 0.030726
439 0.030422
440 0.029766
441 0.029479
442 0.029355
443 0.029206
444 0.029123
445 0.028581
446 0.028129
447 0.027750
448 0.027630
449 0.028089
450 0.028065
451 0.025975
452 0.025486
453 0.024849
454 0.024706
455 0.025616
456 0.026493
457 0.027546
458 0.027499
459 0.027509
460 0.026348
461 0.026392
462 0.025634
463 0.025382
464 0.025593
465 0.025389
466 0.024818
467 0.023940
468 0.022887
469 0.021364
470 0.020505
471 0.020143
472 0.019619
473 0.019729
474 0.019006
475 0.018653
476 0.018106
477 0.017525
478 0.016341
479 0.015815
480 0.015087
481 0.014298
482 0.013974
483 0.013964
484 0.013853
485 0.013601
486 0.013232
487 0.012435
488 0.012219
489 0.011347
490 0.010969
491 0.010804
492 0.010488
493 0.009952
494 0.009763
495 0.009676
496 0.009975
497 0.009614
498 0.010046
499 0.010161
500 0.010591
501 0.010396
502 0.010329
503 0.009916
504 0.009563
505 0.009373
506 0.009184
507 0.009087
508 0.008992
509 0.008869
510 0.009078
511 0.008926
512 0.008790
513 0.008499
514 0.008234
515 0.008580
516 0.008957
517 0.008661
518 0.008857
519 0.008798
520 0.009006
521 0.009043
522 0.009352
523 0.009473
524 0.009797
525 0.009586
526 0.009809
527 0.009976
528 0.010205
529 0.010097
530 0.010053
531 0.010390
532 0.010757
533 0.011051
534 0.011146
535 0.011383
536 0.011612
537 0.012261
538 0.012922
539 0.013196
540 0.013138
541 0.013616
542 0.013914
543 0.013834
544 0.013780
545 0.013952
546 0.013602
547 0.013393
548 0.013118
549 0.013073
550 0.013462
551 0.013713
552 0.013493
553 0.013444
554 0.013108
555 0.012908
556 0.013072
557 0.013573
558 0.014200
559 0.015020
560 0.015837
561 0.015470
562 0.015183
563 0.015092
564 0.015210
565 0.015249
566 0.016165
567 0.016964
568 0.017559
569 0.018308
570 0.019424
571 0.020583
572 0.021332
573 0.021480
574 0.021321
575 0.021148
576 0.020873
577 0.021107
578 0.020418
579 0.020832
580 0.020659
581 0.020903
582 0.020441
583 0.020215
584 0.019843
585 0.018859
586 0.018572
587 0.017926
588 0.018640
589 0.018652
590 0.019341
591 0.019627
592 0.020291
593 0.020482
594 0.020565
595 0.019711
596 0.019114
597 0.018580
598 0.017957
599 0.017150
600 0.016418
601 0.016143
602 0.015464
603 0.015508
604 0.014969
605 0.014761
606 0.015140
607 0.015106
608 0.014534
609 0.014223
610 0.013911
611 0.013465
612 0.013385
613 0.013061
614 0.012402
615 0.012310
616 0.012068
617 0.011491
618 0.010668
619 0.009548
620 0.008806
621 0.008367
622 0.008342
623 0.008328
624 0.007830
625 0.007669
626 0.007307
627 0.007364
628 0.007333
629 0.007236
630 0.007319
631 0.007035
632 0.007387
633 0.007307
634 0.007620
635 0.007490
636 0.007216
637 0.007226
638 0.007399
639 0.007109
640 0.006892
641 0.006466
642 0.006406
643 0.006397
644 0.006029
645 0.005841
646 0.005645
647 0.005526
648 0.005320
649 0.005339
650 0.005109
651 0.004851
652 0.004437
653 0.004385
654 0.004135
655 0.004138
656 0.004053
657 0.004202
658 0.004145
659 0.004291
660 0.004082
661 0.004152
662 0.003922
663 0.003870
664 0.003743
665 0.003471
666 0.003355
667 0.003095
668 0.003055
669 0.002807
670 0.002767
671 0.002664
672 0.002782
673 0.002747
674 0.002902
675 0.002878
676 0.002918
677 0.003209
678 0.003293
679 0.003421
680 0.003437
681 0.003350
682 0.003344
683 0.003358
684 0.003411
685 0.003228
686 0.003352
687 0.003323
688 0.003373
689 0.003159
690 0.003241
691 0.003171
692 0.003091
693 0.003060
694 0.002987
695 0.002958
696 0.002931
697 0.002911
698 0.002790
699 0.002788
700 0.002737
701 0.002722
702 0.002623
703 0.002613
704 0.002537
705 0.002450
706 0.002466
707 0.002642
708 0.002724
709 0.002720
710 0.002659
711 0.002508
712 0.002332
713 0.002276
714 0.002159
715 0.002118
716 0.002045
717 0.002109
718 0.002069
719 0.002022
720 0.001904
721 0.001920
722 0.001901
723 0.001829
724 0.001699
725 0.001595
726 0.001540
727 0.001511
728 0.001568
729 0.001495
730 0.001502
731 0.001497
732 0.001536
733 0.001495
734 0.001455
735 0.001409
736 0.001383
737 0.001322
738 0.001245
739 0.001242
740 0.001245
741 0.001293
742 0.001313
743 0.001316
744 0.001319
745 0.001408
746 0.001415
747 0.001526
748 0.001507
749 0.001600
750 0.001606
751 0.001663
752 0.001665
753 0.001643
754 0.001663
755 0.001641
756 0.001670
757 0.001686
758 0.001650
759 0.001674
760 0.001631
761 0.001646
762 0.001600
763 0.001656
764 0.001625
765 0.001637
766 0.001541
767 0.001602
768 0.001599
769 0.001660
770 0.001575
771 0.001526
772 0.001487
773 0.001430
774 0.001364
775 0.001282
776 0.001234
777 0.001163
778 0.001154
779 0.001112
780 0.001119
781 0.001052
782 0.001015
783 0.000968
784 0.000979
785 0.000930
786 0.000876
787 0.000833
788 0.000808
789 0.000776
790 0.000760
791 0.000730
792 0.000713
793 0.000713
794 0.000696
795 0.000699
796 0.000667
797 0.000644
798 0.000626
799 0.000628
800 0.000615
801 0.000602
802 0.000586
803 0.000582
804 0.000581
805 0.000552
806 0.000535
807 0.000531
808 0.000539
809 0.000525
810 0.000511
811 0.000520
812 0.000538
813 0.000535
814 0.000506
815 0.000473
816 0.000461
817 0.000463
818 0.000467
819 0.000469
820 0.000468
821 0.000447
822 0.000428
823 0.000423
824 0.000407
825 0.000394
826 0.000387
827 0.000375
828 0.000363
829 0.000346
830 0.000340
831 0.000319
832 0.000324
833 0.000346
834 0.000375
835 0.000378
836 0.000391
837 0.000390
838 0.000390
839 0.000386
840 0.000395
841 0.000406
842 0.000421
843 0.000421
844 0.000426
845 0.000428
846 0.000435
847 0.000433
848 0.000440
849 0.000440
850 0.000426
851 0.000405
852 0.000410
853 0.000404
854 0.000394
855 0.000381
856 0.000373
857 0.000367
858 0.000358
859 0.000360
860 0.000347
861 0.000331
862 0.000314
863 0.000313
864 0.000306
865 0.000306
866 0.000308
867 0.000313
868 0.000313
869 0.000327
870 0.000339
871 0.000339
872 0.000348
873 0.000356
874 0.000371
875 0.000385
876 0.000413
877 0.000454
878 0.000500
879 0.000544
880 0.000576
881 0.000615
882 0.000628
883 0.000638
884 0.000636
885 0.000608
886 0.000590
887 0.000576
888 0.000574
889 0.000593
890 0.000620
891 0.000658
892 0.000675
893 0.000658
894 0.000649
895 0.000663
896 0.000704
897 0.000716
898 0.000732
899 0.000731
900 0.000744
901 0.000699
902 0.000678
903 0.000644
904 0.000651
905 0.000653
906 0.000664
907 0.000670
908 0.000679
909 0.000683
910 0.000670
911 0.000665
912 0.000651
913 0.000643
914 0.000625
915 0.000616
916 0.000597
917 0.000566
918 0.000537
919 0.000502
920 0.000489
921 0.000457
922 0.000428
923 0.000381
924 0.000373
925 0.000367
926 0.000377
927 0.000373
928 0.000384
929 0.000385
930 0.000389
931 0.000388
932 0.000390
933 0.000401
934 0.000395
935 0.000387
936 0.000377
937 0.000380
938 0.000369
939 0.000373
940 0.000368
941 0.000374
942 0.000367
943 0.000379
944 0.000397
945 0.000399
946 0.000388
947 0.000383
948 0.000391
949 0.000385
950 0.000394
951 0.000392
952 0.000386
953 0.000376
954 0.000383
955 0.000398
956 0.000409
957 0.000432
958 0.000437
959 0.000460
960 0.000472
961 0.000491
962 0.000462
963 0.000441
964 0.000436
965 0.000458
966 0.000474
967 0.000491
968 0.000488
969 0.000485
970 0.000505
971 0.000504
972 0.000495
973 0.000451
974 0.000433
975 0.000398
976 0.000383
977 0.000357
978 0.000351
979 0.000336
980 0.000321
981 0.000307
982 0.000311
983 0.000311
984 0.000303
985 0.000307
986 0.000298
987 0.000308
988 0.000302
989 0.000303
990 0.000294
991 0.000301
992 0.000305
993 0.000325
994 0.000338
995 0.000320
996 0.000303
997 0.000293
998 0.000283
999 0.000276
1000 0.000262
1001 0.000262
1002 0.000253
1003 0.000252
1004 0.000246
1005 0.000240
1006 0.000223
1007 0.000216
1008 0.000206
1009 0.000193
1010 0.000183
1011 0.000194
1012 0.000192
1013 0.000195
1014 0.000194
1015 0.000198
1016 0.000198
1017 0.000203
1018 0.000199
1019 0.000202
1020 0.000196
1021 0.000198
1022 0.000198
1023 0.000200
1024 0.000203
1025 0.000202
1026 0.000206
1027 0.000204
1028 0.000200
1029 0.000192
1030 0.000189
1031 0.000182
1032 0.000188
1033 0.000188
1034 0.000193
1035 0.000197
1036 0.000195
1037 0.000197
1038 0.000193
1039 0.000187
1040 0.000174
1041 0.000166
1042 0.000164
1043 0.000169
1044 0.000167
1045 0.000167
1046 0.000164
1047 0.000166
1048 0.000175
1049 0.000177
1050 0.000184
1051 0.000188
1052 0.000194
1053 0.000192
1054 0.000186
1055 0.000186
1056 0.000188
1057 0.000193
1058 0.000196
1059 0.000197
1060 0.000196
1061 0.000193
1062 0.000183
1063 0.000181
1064 0.000175
1065 0.000173
1066 0.000175
1067 0.000172
1068 0.000166
1069 0.000162
1070 0.000164
1071 0.000161
1072 0.000163
1073 0.000159
1074 0.000163
1075 0.000164
1076 0.000166
1077 0.000169
1078 0.000170
1079 0.000176
1080 0.000180
1081 0.000183
1082 0.000183
1083 0.000182
1084 0.000180
1085 0.000172
1086 0.000168
1087 0.000166
1088 0.000161
1089 0.000150
1090 0.000146
1091 0.000144
1092 0.000140
1093 0.000145
1094 0.000155
1095 0.000162
1096 0.000165
1097 0.000168
1098 0.000167
1099 0.000165
1100 0.000167
1101 0.000166
1102 0.000165
1103 0.000164
1104 0.000164
1105 0.000162
1106 0.000164
1107 0.000160
1108 0.000166
1109 0.000170
1110 0.000169
1111 0.000165
1112 0.000162
1113 0.000154
1114 0.000146
1115 0.000143
1116 0.000139
1117 0.000136
1118 0.000132
1119 0.000132
1120 0.000130
1121 0.000127
1122 0.000120
1123 0.000118
1124 0.000116
1125 0.000114
1126 0.000112
1127 0.000108
1128 0.000107
1129 0.000103
1130 0.000102
1131 0.000102
1132 0.000103
1133 0.000104
1134 0.000102
1135 0.000100
1136 0.000094
1137 0.000090
1138 0.000091
1139 0.000097
1140 0.000099
1141 0.000101
1142 0.000097
1143 0.000101
1144 0.000104
1145 0.000101
1146 0.000096
1147 0.000094
1148 0.000095
1149 0.000093
1150 0.000092
1151 0.000092
1152 0.000095
1153 0.000096
1154 0.000097
1155 0.000095
1156 0.000092
1157 0.000089
1158 0.000086
1159 0.000084
1160 0.000081
1161 0.000081
1162 0.000077
1163 0.000074
1164 0.000070
1165 0.000068
1166 0.000066
1167 0.000064
1168 0.000064
1169 0.000060
1170 0.000060
1171 0.000059
1172 0.000062
1173 0.000060
1174 0.000059
1175 0.000058
1176 0.000056
1177 0.000053
1178 0.000050
1179 0.000047
1180 0.000047
1181 0.000047
1182 0.000047
1183 0.000047
1184 0.000047
1185 0.000046
1186 0.000044
1187 0.000042
1188 0.000040
1189 0.000039
1190 0.000038
1191 0.000036
1192 0.000034
1193 0.000033
1194 0.000032
1195 0.000030
1196 0.000029
1197 0.000029
1198 0.000028
1199 0.000027
1200 0.000026
1201 0.000026
1202 0.000026
1203 0.000025
1204 0.000025
1205 0.000024
1206 0.000024
1207 0.000024
1208 0.000024
1209 0.000024
1210 0.000025
1211 0.000025
1212 0.000026
1213 0.000027
1214 0.000028
1215 0.000028
1216 0.000029
1217 0.000030
1218 0.000030
1219 0.000029
1220 0.000029
1221 0.000028
1222 0.000028
1223 0.000029
1224 0.000029
1225 0.000028
1226 0.000027
1227 0.000027
1228 0.000027
1229 0.000025
1230 0.000024
1231 0.000026
1232 0.000027
1233 0.000028
1234 0.000030
1235 0.000031
1236 0.000031
1237 0.000031
1238 0.000032
1239 0.000032
1240 0.000032
1241 0.000034
1242 0.000036
1243 0.000037
1244 0.000037
1245 0.000039
1246 0.000040
1247 0.000041
1248 0.000044
1249 0.000044
1250 0.000044
1251 0.000044
1252 0.000043
1253 0.000042
1254 0.000039
1255 0.000037
1256 0.000035
1257 0.000034
1258 0.000033
1259 0.000033
1260 0.000032
1261 0.000031
1262 0.000032
1263 0.000032
1264 0.000032
1265 0.000032
1266 0.000032
1267 0.000030
1268 0.000030
1269 0.000030
1270 0.000031
1271 0.000032
1272 0.000032
1273 0.000033
1274 0.000033
1275 0.000033
1276 0.000032
1277 0.000032
1278 0.000032
1279 0.000032
1280 0.000031
1281 0.000032
1282 0.000031
1283 0.000030
1284 0.000030
1285 0.000028
1286 0.000028
1287 0.000027
1288 0.000027
1289 0.000026
1290 0.000025
1291 0.000025
1292 0.000024
1293 0.000024
1294 0.000024
1295 0.000024
1296 0.000023
1297 0.000023
1298 0.000023
1299 0.000023
1300 0.000023
1301 0.000023
1302 0.000023
1303 0.000022
1304 0.000022
1305 0.000023
1306 0.000022
1307 0.000021
1308 0.000021
1309 0.000022
1310 0.000023
1311 0.000023
1312 0.000023
1313 0.000023
1314 0.000022
1315 0.000023
1316 0.000022
1317 0.000021
1318 0.000021
1319 0.000020
1320 0.000020
1321 0.000019
1322 0.000019
1323 0.000018
1324 0.000018
1325 0.000018
1326 0.000018
1327 0.000017
1328 0.000017
1329 0.000017
1330 0.000016
1331 0.000017
1332 0.000017
1333 0.000018
1334 0.000017
1335 0.000017
1336 0.000017
1337 0.000018
1338 0.000018
1339 0.000019
1340 0.000019
1341 0.000019
1342 0.000019
1343 0.000019
1344 0.000020
1345 0.000020
1346 0.000020
1347 0.000020
1348 0.000021
1349 0.000021
1350 0.000021
1351 0.000021
1352 0.000022
1353 0.000023
1354 0.000024
1355 0.000025
1356 0.000027
1357 0.000028
1358 0.000029
1359 0.000029
1360 0.000029
1361 0.000028
1362 0.000026
1363 0.000025
1364 0.000024
1365 0.000024
1366 0.000024
1367 0.000023
1368 0.000023
1369 0.000023
1370 0.000023
1371 0.000022
1372 0.000022
1373 0.000021
1374 0.000020
1375 0.000020
1376 0.000020
1377 0.000021
1378 0.000020
1379 0.000020
1380 0.000020
1381 0.000020
1382 0.000020
1383 0.000020
1384 0.000021
1385 0.000021
1386 0.000022
1387 0.000022
1388 0.000022
1389 0.000023
1390 0.000023
1391 0.000021
1392 0.000020
1393 0.000019
1394 0.000018
1395 0.000017
1396 0.000017
1397 0.000017
1398 0.000018
1399 0.000018
1400 0.000017
1401 0.000016
1402 0.000016
1403 0.000015
1404 0.000015
1405 0.000015
1406 0.000015
1407 0.000014
1408 0.000015
1409 0.000014
1410 0.000014
1411 0.000014
1412 0.000014
1413 0.000014
1414 0.000013
1415 0.000013
1416 0.000012
1417 0.000013
1418 0.000013
1419 0.000013
1420 0.000013
1421 0.000013
1422 0.000013
1423 0.000013
1424 0.000012
1425 0.000012
1426 0.000013
1427 0.000013
1428 0.000014
1429 0.000014
1430 0.000014
1431 0.000014
1432 0.000014
1433 0.000014
1434 0.000014
1435 0.000014
1436 0.000014
1437 0.000013
1438 0.000013
1439 0.000012
1440 0.000012
1441 0.000012
1442 0.000013
1443 0.000013
1444 0.000013
1445 0.000013
1446 0.000012
1447 0.000012
1448 0.000013
1449 0.000013
1450 0.000013
1451 0.000013
1452 0.000012
1453 0.000012
1454 0.000012
1455 0.000012
1456 0.000013
1457 0.000013
1458 0.000014
1459 0.000014
1460 0.000015
1461 0.000015
1462 0.000016
1463 0.000015
1464 0.000015
1465 0.000015
1466 0.000015
1467 0.000015
1468 0.000016
1469 0.000016
1470 0.000016
1471 0.000016
1472 0.000015
1473 0.000015
1474 0.000014
1475 0.000014
1476 0.000014
1477 0.000013
1478 0.000012
1479 0.000012
1480 0.000011
1481 0.000011
1482 0.000011
1483 0.000011
1484 0.000011
1485 0.000011
1486 0.000011
1487 0.000010
1488 0.000010
1489 0.000009
1490 0.000009
1491 0.000008
1492 0.000008
1493 0.000008
1494 0.000008
1495 0.000008
1496 0.000007
1497 0.000008
1498 0.000007
1499 0.000007
1500 0.000006
1501 0.000006
1502 0.000006
1503 0.000006
1504 0.000006
1505 0.000006
1506 0.000005
1507 0.000005
1508 0.000005
1509 0.000005
1510 0.000005
1511 0.000005
1512 0.000005
1513 0.000005
1514 0.000005
1515 0.000005
1516 0.000005
1517 0.000004
1518 0.000004
1519 0.000004
1520 0.000004
1521 0.000004
1522 0.000004
1523 0.000004
1524 0.000004
1525 0.000004
1526 0.000004
1527 0.000004
1528 0.000003
1529 0.000003
1530 0.000003
1531 0.000003
1532 0.000003
1533 0.000003
1534 0.000003
1535 0.000003
1536 0.000003
1537 0.000002
1538 0.000002
1539 0.000002
1540 0.000002
1541 0.000002
1542 0.000002
1543 0.000002
1544 0.000002
1545 0.000002
1546 0.000002
1547 0.000002
1548 0.000002
1549 0.000003
1550 0.000003
1551 0.000003
1552 0.000002
1553 0.000002
1554 0.000002
1555 0.000002
1556 0.000002
1557 0.000002
1558 0.000002
1559 0.000002
1560 0.000002
1561 0.000002
1562 0.000002
1563 0.000002
1564 0.000002
1565 0.000002
1566 0.000002
1567 0.000002
1568 0.000002
1569 0.000002
1570 0.000002
1571 0.000002
1572 0.000001
1573 0.000001
1574 0.000001
1575 0.000001
1576 0.000001
1577 0.000001
1578 0.000001
1579 0.000001
1580 0.000001
1581 0.000001
1582 0.000001
1583 0.000001
1584 0.000001
1585 0.000001
1586 0.000001
1587 0.000001
1588 0.000001
1589 0.000001
1590 0.000001
1591 0.000001
1592 0.000001
1593 0.000001
1594 0.000001
1595 0.000001
1596 0.000001
1597 0.000001
1598 0.000001
1599 0.000001
1600 0.000001
1601 0.000000
1602 0.000000
1603 0.000000
1604 0.000000
1605 0.000000
1606 0.000000
1607 0.000000
1608 0.000000
1609 0.000000
1610 0.000000
1611 0.000000
1612 0.000000
1613 0.000000
1614 0.000000
1615 0.000000
1616 0.000000
1617 0.000000
1618 0.000000
1619 0.000000
1620 0.000000
1621 0.000000
1622 0.000000
1623 0.000000
1624 0.000000
1625 0.000000
1626 0.000000
1627 0.000000
1628 0.000000
1629 0.000000
1630 0.000000
1631 0.000000
1632 0.000000
1633 0.000000
1634 0.000000
1635 0.000000
1636 0.000000
1637 0.000000
1638 0.000000
1639 0.000000
1640 0.000000
1641 0.000000
1642 0.000000
1643 0.000000
1644 0.000000
1645 0.000000
1646 0.000000
1647 0.000000
1648 0.000000
1649 0.000000
1650 0.000000
1651 0.000000
1652 0.000000
1653 0.000000
1654 0.000000
1655 0.000000
1656 0.000000
1657 0.000000
1658 0.000000
1659 0.000000
1660 0.000000
1661 0.000000
1662 0.000000
1663 0.000000
1664 0.000000
1665 0.000000
1666 0.000000
1667 0.000000
1668 0.000000
1669 0.000000
1670 0.000000
1671 0.000000
1672 0.000000
1673 0.000000
1674 0.000000
1675 0.000000
1676 0.000000
1677 0.000000
1678 0.000000
1679 0.000000
1680 0.000000
1681 0.000000
1682 0.000000
1683 0.000000
1684 0.000000
1685 0.000000
1686 0.000000
1687 0.000000
1688 0.000000
1689 0.000000
1690 0.000000
1691 0.000000
1692 0.000000
1693 0.000000
1694 0.000000
1695 0.000000
1696 0.000000
1697 0.000000
1698 0.000000
1699 0.000000
1700 0.000000
1701 0.000000
1702 0.000000
1703 0.000000
1704 0.000000
1705 0.000000
1706 0.000000
1707 0.000000
1708 0.000000
1709 0.000000
1710 0.000000
1711 0.000000
1712 0.000000
1713 0.000000
1714 0.000000
1715 0.000000
1716 0.000000
1717 0.000000
1718 0.000000
1719 0.000000
1720 0.000000
1721 0.000000
1722 0.000000
1723 0.000000
1724 0.000000
1725 0.000000
1726 0.000000
1727 0.000000
1728 0.000000
1729 0.000000
1730 0.000000
1731 0.000000
1732 0.000000
1733 0.000000
1734 0.000000
1735 0.000000
1736 0.000000
1737 0.000000
1738 0.000000
1739 0.000000
1740 0.000000
1741 0.000000
1742 0.000000
1743 0.000000
1744 0.000000
1745 0.000000
1746 0.000000
1747 0.000000
