#ite residual of mtx/thermal2.mtx
1 23.638156
2 43.849944
3 38.892719
4 41.928476
5 39.934278
6 41.422056
7 40.114415
8 40.995083
9 40.722663
10 40.518041
11 40.706240
12 40.085212
13 40.751447
14 39.960260
15 41.058266
16 39.871712
17 41.110108
18 39.911448
19 41.273650
20 39.753541
21 41.017876
22 39.558828
23 41.006892
24 39.478311
25 40.871835
26 39.590397
27 40.844231
28 39.458447
29 40.639904
30 39.561071
31 40.390189
32 39.448158
33 40.128760
34 39.579517
35 40.041562
36 39.617629
37 40.027190
38 39.836109
39 39.763214
40 39.851750
41 39.676415
42 40.091731
43 39.732723
44 39.992289
45 39.394445
46 39.739843
47 39.187056
48 39.791268
49 39.044686
50 39.656873
51 39.071988
52 39.833935
53 39.149748
54 39.815189
55 39.069957
56 39.645160
57 39.036291
58 39.446962
59 38.936858
60 39.397291
61 39.086972
62 39.341070
63 39.267572
64 39.321187
65 39.226339
66 39.072410
67 39.059321
68 38.907045
69 39.125950
70 38.859786
71 39.146563
72 38.723301
73 39.022814
74 38.661125
75 39.068148
76 38.648294
77 39.161329
78 38.855960
79 39.334940
80 38.828896
81 39.202856
82 38.696832
83 38.890309
84 38.467795
85 38.759598
86 38.488898
87 38.699617
88 38.435448
89 38.521122
90 38.388486
91 38.231440
92 38.123919
93 38.139323
94 38.460136
95 38.300709
96 38.492267
97 38.160387
98 38.393425
99 37.986518
100 38.241493
101 37.942276
102 38.294342
103 37.937534
104 38.278876
105 38.040337
106 38.321555
107 37.957392
108 38.040252
109 37.815748
110 37.893036
111 37.741094
112 37.854284
113 37.737838
114 37.638209
115 37.752863
116 37.737037
117 38.033315
118 37.689067
119 37.750398
120 37.487550
121 37.790358
122 37.448184
123 37.666984
124 37.314129
125 37.620763
126 37.453392
127 37.585623
128 37.391700
129 37.606850
130 37.312692
131 37.258810
132 37.256797
133 37.227717
134 37.296946
135 37.171760
136 37.094494
137 36.902988
138 37.193202
139 37.147377
140 37.320108
141 37.033222
142 37.193922
143 36.860973
144 37.100824
145 36.908052
146 37.139869
147 36.983310
148 37.051285
149 36.854601
150 36.893627
151 36.747210
152 36.894571
153 37.025375
154 37.089894
155 37.147516
156 37.242382
157 37.354168
158 37.146300
159 36.985759
160 36.768573
161 36.829601
162 36.628941
163 36.779814
164 36.560354
165 36.628535
166 36.284829
167 36.483777
168 36.346180
169 36.596556
170 36.325317
171 36.391280
172 36.097973
173 36.203560
174 36.163440
175 36.119353
176 36.072390
177 36.112498
178 36.077628
179 35.927161
180 36.098273
181 36.007005
182 36.242590
183 36.052249
184 36.248592
185 36.007240
186 36.105969
187 35.899985
188 35.949156
189 35.756767
190 35.823091
191 35.623789
192 35.657686
193 35.629063
194 35.671354
195 35.690024
196 35.641042
197 35.722016
198 35.620418
199 35.723785
200 35.566987
201 35.705173
202 35.401430
203 35.498946
204 35.376082
205 35.417305
206 35.373593
207 35.563016
208 35.478306
209 35.654277
210 35.747941
211 35.881423
212 35.827335
213 35.692265
214 35.524921
215 35.418516
216 35.381202
217 35.193155
218 35.213894
219 35.160706
220 35.184457
221 34.941481
222 35.003861
223 35.008017
224 35.114354
225 34.948879
226 35.110694
227 35.185895
228 35.455263
229 35.303256
230 35.198151
231 35.022173
232 35.009914
233 34.833750
234 34.840530
235 34.738767
236 34.789080
237 34.773816
238 34.583836
239 34.655450
240 34.614896
241 34.612772
242 34.422340
243 34.489964
244 34.340232
245 34.491785
246 34.417477
247 34.659974
248 34.719563
249 34.975185
250 34.819393
251 34.686744
252 34.337663
253 34.305694
254 34.249700
255 34.320454
256 34.276022
257 34.260286
258 34.325748
259 34.358884
260 34.528396
261 34.463753
262 34.564209
263 34.461550
264 34.431069
265 34.186563
266 34.144008
267 34.044646
268 34.215130
269 34.124887
270 34.308448
271 34.337669
272 34.476648
273 34.244504
274 34.036749
275 33.741130
276 33.828717
277 33.679183
278 33.676530
279 33.581483
280 33.596000
281 33.611663
282 33.743468
283 33.723673
284 33.673969
285 33.757781
286 33.779058
287 33.823185
288 33.684442
289 33.552792
290 33.324799
291 33.321006
292 33.177320
293 33.167515
294 32.982408
295 33.159379
296 33.007540
297 32.968437
298 32.931218
299 33.011229
300 33.007644
301 33.119842
302 33.018318
303 32.924428
304 32.923882
305 32.858948
306 32.978467
307 32.895022
308 32.978090
309 32.859900
310 33.027320
311 33.000819
312 33.169545
313 33.081979
314 33.100813
315 32.824056
316 32.776068
317 32.675963
318 32.757517
319 32.623984
320 32.397561
321 32.277634
322 32.255449
323 32.408939
324 32.560613
325 32.661030
326 32.465435
327 32.479474
328 32.466837
329 32.752400
330 32.784983
331 32.758420
332 32.496061
333 32.308072
334 32.001422
335 31.997982
336 31.945955
337 32.011544
338 32.007211
339 32.089374
340 32.175094
341 32.257133
342 32.288156
343 32.192982
344 32.364877
345 32.365813
346 32.416016
347 32.220549
348 32.099255
349 31.759131
350 31.815565
351 31.696032
352 31.703815
353 31.670624
354 31.674897
355 31.619819
356 31.716392
357 31.732200
358 31.572801
359 31.545636
360 31.530535
361 31.471594
362 31.393348
363 31.524271
364 31.564647
365 31.820361
366 31.957221
367 32.127113
368 31.888196
369 31.699550
370 31.378758
371 31.348446
372 31.279435
373 31.433118
374 31.495473
375 31.601274
376 31.683073
377 31.762498
378 31.638340
379 31.545003
380 31.387035
381 31.236219
382 31.126059
383 31.056087
384 31.099422
385 31.200682
386 31.289485
387 31.154075
388 31.079411
389 30.936945
390 30.924260
391 30.724472
392 30.779426
393 30.771379
394 30.904468
395 30.870225
396 30.876167
397 30.736613
398 30.725578
399 30.758263
400 30.935140
401 31.016958
402 30.932700
403 30.778427
404 30.605888
405 30.486771
406 30.489456
407 30.671940
408 30.647823
409 30.690748
410 30.656750
411 30.618147
412 30.482475
413 30.433485
414 30.265221
415 30.267931
416 30.162304
417 30.212617
418 30.140457
419 30.141707
420 30.154538
421 30.214198
422 30.295010
423 30.469670
424 30.664610
425 30.624763
426 30.413512
427 30.077715
428 29.953987
429 29.786132
430 29.805722
431 29.844788
432 29.883632
433 29.756226
434 29.774913
435 29.733046
436 29.870513
437 29.818663
438 29.896399
439 29.907954
440 29.992915
441 29.888779
442 29.756432
443 29.655139
444 29.656112
445 29.728280
446 29.874225
447 29.980308
448 29.948022
449 29.821719
450 29.558808
451 29.428865
452 29.336393
453 29.399514
454 29.358814
455 29.339214
456 29.302576
457 29.441620
458 29.431357
459 29.458324
460 29.307424
461 29.178231
462 29.077803
463 29.137689
464 29.090201
465 29.054813
466 28.972030
467 28.906246
468 28.987905
469 29.019775
470 29.039430
471 29.054521
472 29.210361
473 29.250298
474 29.160709
475 28.904999
476 28.843397
477 28.661021
478 28.658933
479 28.538432
480 28.657077
481 28.722941
482 28.737915
483 28.768472
484 28.914170
485 29.071116
486 29.115595
487 29.089965
488 28.900263
489 28.704243
490 28.559640
491 28.514408
492 28.419472
493 28.437454
494 28.381196
495 28.425182
496 28.412811
497 28.465881
498 28.308176
499 28.329886
500 28.209388
501 28.229262
502 28.163065
503 28.164393
504 28.177508
505 28.183332
506 28.087230
507 28.023313
508 27.985315
509 27.930738
510 27.921581
511 27.834035
512 27.728959
513 27.663456
514 27.783221
515 27.876136
516 27.973866
517 27.951142
518 27.969505
519 27.843491
520 27.732324
521 27.590449
522 27.592927
523 27.565839
524 27.516726
525 27.443708
526 27.422954
527 27.647766
528 27.855544
529 28.069022
530 27.934626
531 27.721579
532 27.445556
533 27.362984
534 27.266875
535 27.313241
536 27.270181
537 27.378652
538 27.356097
539 27.594609
540 27.751892
541 27.694251
542 27.287607
543 27.148155
544 27.010826
545 26.933380
546 26.855920
547 26.837366
548 26.936887
549 26.987726
550 27.064721
551 27.101585
552 27.221677
553 27.123109
554 27.057982
555 26.925742
556 26.859371
557 26.808233
558 26.815843
559 26.774451
560 26.919153
561 27.098356
562 27.157274
563 27.022232
564 26.781632
565 26.633157
566 26.526111
567 26.484523
568 26.523282
569 26.741796
570 26.931702
571 26.944946
572 26.757525
573 26.538391
574 26.330446
575 26.322809
576 26.207860
577 26.249875
578 26.201920
579 26.332902
580 26.339420
581 26.397263
582 26.346125
583 26.301675
584 26.157676
585 26.167219
586 26.100436
587 26.100925
588 26.200580
589 26.269117
590 26.410657
591 26.412000
592 26.304954
593 26.094567
594 26.011653
595 25.893629
596 25.904404
597 25.878837
598 25.992175
599 26.106883
600 26.205095
601 26.182070
602 26.167495
603 26.049605
604 26.040676
605 25.933974
606 25.830899
607 25.688441
608 25.689283
609 25.642309
610 25.615222
611 25.597646
612 25.628678
613 25.612725
614 25.600996
615 25.628231
616 25.611418
617 25.521944
618 25.398264
619 25.376617
620 25.279169
621 25.252259
622 25.134705
623 25.143901
624 25.182886
625 25.344168
626 25.388697
627 25.415068
628 25.293577
629 25.219227
630 25.093740
631 25.062608
632 25.042323
633 25.107990
634 25.127724
635 25.086012
636 24.974434
637 24.821680
638 24.703487
639 24.609661
640 24.671851
641 24.648971
642 24.628044
643 24.589746
644 24.628758
645 24.562016
646 24.542053
647 24.459652
648 24.486178
649 24.456468
650 24.492608
651 24.523702
652 24.649396
653 24.764500
654 24.720305
655 24.580633
656 24.440515
657 24.455716
658 24.391953
659 24.413993
660 24.458776
661 24.631653
662 24.598388
663 24.537980
664 24.367007
665 24.208287
666 24.027971
667 24.029093
668 23.981585
669 23.955689
670 24.016375
671 24.071379
672 24.121321
673 24.112138
674 24.072669
675 24.035406
676 23.946603
677 23.808205
678 23.768221
679 23.714468
680 23.760438
681 23.808782
682 23.875145
683 23.871426
684 23.905748
685 23.836104
686 23.814069
687 23.741099
688 23.661265
689 23.490208
690 23.371380
691 23.339658
692 23.378401
693 23.487720
694 23.547520
695 23.768445
696 23.840964
697 23.702048
698 23.412552
699 23.327744
700 23.318624
701 23.371545
702 23.385212
703 23.445424
704 23.470979
705 23.392493
706 23.184505
707 23.113117
708 23.064126
709 23.136727
710 23.143816
711 23.349095
712 23.558285
713 23.469371
714 23.216054
715 23.041359
716 22.933167
717 22.842733
718 22.778859
719 22.822795
720 22.895019
721 22.866698
722 22.908050
723 22.899402
724 22.842831
725 22.741265
726 22.659524
727 22.521408
728 22.472582
729 22.437131
730 22.489692
731 22.550714
732 22.563524
733 22.517398
734 22.498277
735 22.609090
736 22.701058
737 22.741240
738 22.626396
739 22.511915
740 22.414970
741 22.417224
742 22.423338
743 22.496996
744 22.442163
745 22.322132
746 22.210301
747 22.159388
748 22.061548
749 22.049307
750 21.976281
751 21.930622
752 21.853567
753 21.868092
754 21.855908
755 21.826681
756 21.818135
757 21.787315
758 21.947572
759 22.026014
760 22.160951
761 22.199668
762 22.148041
763 21.955154
764 21.858544
765 21.728911
766 21.739281
767 21.693891
768 21.685152
769 21.681435
770 21.700410
771 21.730647
772 21.768815
773 21.725158
774 21.682613
775 21.616027
776 21.530520
777 21.521708
778 21.464978
779 21.387374
780 21.240673
781 21.193236
782 21.208448
783 21.232328
784 21.220653
785 21.289037
786 21.320889
787 21.388900
788 21.351943
789 21.360950
790 21.202615
791 21.084060
792 21.014344
793 20.967942
794 20.998955
795 21.149163
796 21.243308
797 21.302909
798 21.167318
799 20.914672
800 20.770419
801 20.710776
802 20.745172
803 20.739459
804 20.839868
805 21.005637
806 21.183738
807 21.077965
808 20.918978
809 20.688597
810 20.581089
811 20.455240
812 20.418314
813 20.359182
814 20.345249
815 20.381823
816 20.362869
817 20.278135
818 20.225641
819 20.287067
820 20.310228
821 20.351920
822 20.433654
823 20.640469
824 20.794169
825 20.735335
826 20.411295
827 20.244264
828 20.134377
829 20.067821
830 20.049469
831 20.022708
832 20.034824
833 20.019323
834 20.046122
835 20.060434
836 20.066515
837 20.044604
838 20.061026
839 19.971492
840 19.867890
841 19.816903
842 19.919343
843 19.911461
844 19.962838
845 19.897079
846 19.850755
847 19.829996
848 19.821549
849 19.755815
850 19.757011
851 19.739390
852 19.649498
853 19.538143
854 19.467404
855 19.467853
856 19.468042
857 19.467796
858 19.489774
859 19.543172
860 19.488885
861 19.411284
862 19.275159
863 19.265128
864 19.261148
865 19.375593
866 19.451964
867 19.540496
868 19.504775
869 19.351564
870 19.203785
871 19.150391
872 19.087580
873 19.045409
874 18.979839
875 19.025803
876 19.010708
877 19.006926
878 19.007914
879 18.964660
880 18.931635
881 18.886782
882 18.849220
883 18.784672
884 18.824236
885 18.840553
886 18.838549
887 18.787419
888 18.755066
889 18.620442
890 18.544824
891 18.485684
892 18.484231
893 18.431011
894 18.410218
895 18.434533
896 18.414496
897 18.455684
898 18.435526
899 18.486188
900 18.565516
901 18.664798
902 18.570796
903 18.498090
904 18.367639
905 18.246152
906 18.159024
907 18.152199
908 18.178475
909 18.222748
910 18.168216
911 18.083583
912 18.013854
913 17.975756
914 17.957303
915 17.889743
916 17.879745
917 17.884499
918 17.903146
919 17.904572
920 17.905181
921 17.842197
922 17.893912
923 18.021991
924 18.182864
925 18.187057
926 17.998121
927 17.752896
928 17.668653
929 17.596475
930 17.563365
931 17.544436
932 17.620725
933 17.837615
934 18.012012
935 17.930405
936 17.732743
937 17.535737
938 17.452972
939 17.492381
940 17.539315
941 17.556827
942 17.477094
943 17.424940
944 17.325756
945 17.285012
946 17.204813
947 17.258381
948 17.274115
949 17.239529
950 17.228421
951 17.238227
952 17.169090
953 17.119706
954 17.085307
955 17.074901
956 17.070605
957 17.049680
958 17.009899
959 16.952459
960 16.925804
961 16.853260
962 16.870742
963 16.902931
964 16.999471
965 17.044970
966 17.044869
967 16.958794
968 16.890317
969 16.781975
970 16.722319
971 16.733569
972 16.798031
973 16.758315
974 16.682122
975 16.637610
976 16.599089
977 16.552215
978 16.512578
979 16.525284
980 16.494218
981 16.481891
982 16.433450
983 16.408413
984 16.368961
985 16.323261
986 16.238393
987 16.268629
988 16.337773
989 16.419502
990 16.389849
991 16.359681
992 16.265612
993 16.190196
994 16.104230
995 16.094465
996 16.125788
997 16.122210
998 16.056123
999 15.988897
1000 15.908201
1001 15.855629
1002 15.800982
1003 15.757082
1004 15.794646
1005 15.798035
1006 15.821403
1007 15.836839
1008 15.904001
1009 15.875468
1010 15.788910
1011 15.767375
1012 15.803434
1013 15.798555
1014 15.795897
1015 15.723218
1016 15.647318
1017 15.559106
1018 15.540112
1019 15.566228
1020 15.606113
1021 15.631860
1022 15.601193
1023 15.506938
1024 15.372383
1025 15.315729
1026 15.262532
1027 15.218913
1028 15.192047
1029 15.253195
1030 15.306029
1031 15.363091
1032 15.309339
1033 15.234321
1034 15.112432
1035 15.051471
1036 14.999633
1037 15.019624
1038 15.012644
1039 14.958740
1040 14.913427
1041 14.951652
1042 14.989583
1043 14.976379
1044 14.937250
1045 14.932002
1046 14.964771
1047 14.975765
1048 15.032978
1049 14.980959
1050 14.899306
1051 14.784763
1052 14.756003
1053 14.746274
1054 14.790546
1055 14.821921
1056 14.781082
1057 14.704137
1058 14.684949
1059 14.596394
1060 14.553075
1061 14.483182
1062 14.440480
1063 14.374368
1064 14.325015
1065 14.248701
1066 14.223351
1067 14.229199
1068 14.261743
1069 14.236529
1070 14.194026
1071 14.176552
1072 14.179465
1073 14.205872
1074 14.155846
1075 14.102859
1076 14.035210
1077 14.045742
1078 14.031151
1079 14.034736
1080 14.033137
1081 14.059387
1082 14.078398
1083 14.093761
1084 14.053113
1085 13.984916
1086 13.897433
1087 13.863996
1088 13.881589
1089 13.850456
1090 13.805698
1091 13.787268
1092 13.746293
1093 13.652794
1094 13.662374
1095 13.641973
1096 13.636394
1097 13.580152
1098 13.539112
1099 13.505914
1100 13.526275
1101 13.506708
1102 13.473607
1103 13.413656
1104 13.422359
1105 13.429501
1106 13.477695
1107 13.470822
1108 13.411313
1109 13.348705
1110 13.302114
1111 13.289079
1112 13.275147
1113 13.311381
1114 13.335010
1115 13.311154
1116 13.185916
1117 13.098793
1118 13.020562
1119 12.992749
1120 12.965984
1121 12.947015
1122 12.925707
1123 12.931980
1124 12.940112
1125 12.951591
1126 12.940016
1127 12.920149
1128 12.895741
1129 12.819153
1130 12.751791
1131 12.695599
1132 12.678178
1133 12.644447
1134 12.601474
1135 12.576298
1136 12.586052
1137 12.570014
1138 12.577440
1139 12.619150
1140 12.606614
1141 12.534577
1142 12.495599
1143 12.430545
1144 12.373504
1145 12.343623
1146 12.328432
1147 12.351714
1148 12.387007
1149 12.451083
1150 12.452015
1151 12.410147
1152 12.350372
1153 12.307391
1154 12.267407
1155 12.231612
1156 12.196643
1157 12.163506
1158 12.128050
1159 12.134537
1160 12.155759
1161 12.211136
1162 12.174333
1163 12.083423
1164 11.973173
1165 11.911557
1166 11.860404
1167 11.795657
1168 11.758283
1169 11.717941
1170 11.709109
1171 11.741879
1172 11.803359
1173 11.829307
1174 11.833833
1175 11.797051
1176 11.783355
1177 11.761692
1178 11.707495
1179 11.613719
1180 11.590187
1181 11.548176
1182 11.491560
1183 11.402783
1184 11.345467
1185 11.320590
1186 11.344323
1187 11.359788
1188 11.343897
1189 11.334088
1190 11.338463
1191 11.346174
1192 11.312460
1193 11.243255
1194 11.168255
1195 11.122378
1196 11.065835
1197 11.050821
1198 11.023094
1199 10.996498
1200 10.946188
1201 10.950874
1202 10.957884
1203 11.003857
1204 11.079931
1205 11.118118
1206 11.088448
1207 10.980521
1208 10.898364
1209 10.826645
1210 10.779563
1211 10.745199
1212 10.742655
1213 10.753179
1214 10.756612
1215 10.727020
1216 10.706175
1217 10.656250
1218 10.635570
1219 10.631618
1220 10.615502
1221 10.578885
1222 10.596929
1223 10.566287
1224 10.514657
1225 10.471683
1226 10.459696
1227 10.446587
1228 10.421505
1229 10.373970
1230 10.327465
1231 10.272109
1232 10.182239
1233 10.134277
1234 10.111233
1235 10.107875
1236 10.124275
1237 10.160731
1238 10.171805
1239 10.159580
1240 10.115558
1241 10.109588
1242 10.118099
1243 10.071011
1244 10.010069
1245 9.997821
1246 9.963453
1247 9.903554
1248 9.871656
1249 9.859325
1250 9.875011
1251 9.906779
1252 9.922641
1253 9.893880
1254 9.816589
1255 9.730630
1256 9.719666
1257 9.697343
1258 9.696449
1259 9.713510
1260 9.701572
1261 9.611714
1262 9.538886
1263 9.445154
1264 9.392907
1265 9.344949
1266 9.357967
1267 9.387604
1268 9.456648
1269 9.534941
1270 9.534060
1271 9.407666
1272 9.295767
1273 9.229862
1274 9.238149
1275 9.247508
1276 9.243420
1277 9.228976
1278 9.187866
1279 9.139733
1280 9.080472
1281 9.063065
1282 9.048439
1283 9.080914
1284 9.107577
1285 9.109295
1286 9.053266
1287 8.996095
1288 8.938998
1289 8.913174
1290 8.874566
1291 8.848361
1292 8.819590
1293 8.789864
1294 8.757963
1295 8.753916
1296 8.741148
1297 8.696564
1298 8.643602
1299 8.584682
1300 8.532188
1301 8.494712
1302 8.492245
1303 8.461568
1304 8.441080
1305 8.410961
1306 8.387481
1307 8.363239
1308 8.339657
1309 8.315683
1310 8.298503
1311 8.288020
1312 8.289245
1313 8.292688
1314 8.320037
1315 8.317820
1316 8.267327
1317 8.205472
1318 8.142214
1319 8.094919
1320 8.054417
1321 8.059665
1322 8.100774
1323 8.162811
1324 8.176159
1325 8.094731
1326 7.977963
1327 7.904425
1328 7.857356
1329 7.818467
1330 7.806415
1331 7.794206
1332 7.773091
1333 7.751945
1334 7.739370
1335 7.711544
1336 7.694667
1337 7.669166
1338 7.680856
1339 7.712669
1340 7.734505
1341 7.711008
1342 7.653828
1343 7.569355
1344 7.513864
1345 7.479108
1346 7.460834
1347 7.412291
1348 7.398117
1349 7.399082
1350 7.401814
1351 7.379666
1352 7.351906
1353 7.328072
1354 7.304213
1355 7.273204
1356 7.240007
1357 7.242659
1358 7.223491
1359 7.179170
1360 7.108887
1361 7.058024
1362 7.012696
1363 6.974057
1364 6.941272
1365 6.933331
1366 6.900677
1367 6.863178
1368 6.847640
1369 6.832532
1370 6.818038
1371 6.822220
1372 6.840106
1373 6.864888
1374 6.883732
1375 6.865501
1376 6.816866
1377 6.747685
1378 6.693286
1379 6.644774
1380 6.611074
1381 6.563082
1382 6.546112
1383 6.520177
1384 6.523054
1385 6.523210
1386 6.514665
1387 6.487572
1388 6.445123
1389 6.388367
1390 6.355771
1391 6.322002
1392 6.291060
1393 6.271132
1394 6.243119
1395 6.243264
1396 6.252105
1397 6.249894
1398 6.239407
1399 6.230475
1400 6.192318
1401 6.134140
1402 6.093619
1403 6.068521
1404 6.058159
1405 6.071789
1406 6.051908
1407 6.021521
1408 5.966558
1409 5.918440
1410 5.863854
1411 5.820160
1412 5.789435
1413 5.792380
1414 5.818678
1415 5.814724
1416 5.791708
1417 5.736375
1418 5.704130
1419 5.681352
1420 5.685435
1421 5.691602
1422 5.694707
1423 5.667833
1424 5.619795
1425 5.563958
1426 5.516038
1427 5.482464
1428 5.454850
1429 5.411144
1430 5.391686
1431 5.373106
1432 5.342427
1433 5.320824
1434 5.309062
1435 5.326073
1436 5.326707
1437 5.311809
1438 5.259860
1439 5.197391
1440 5.154043
1441 5.126806
1442 5.088081
1443 5.083001
1444 5.091463
1445 5.109643
1446 5.084034
1447 5.036358
1448 4.985416
1449 4.951619
1450 4.929004
1451 4.914304
1452 4.886658
1453 4.865870
1454 4.840266
1455 4.799055
1456 4.755067
1457 4.710161
1458 4.675012
1459 4.640809
1460 4.604216
1461 4.573040
1462 4.574071
1463 4.563766
1464 4.555503
1465 4.561915
1466 4.578172
1467 4.565296
1468 4.513506
1469 4.452723
1470 4.413316
1471 4.393409
1472 4.389181
1473 4.386555
1474 4.369827
1475 4.346823
1476 4.308428
1477 4.275410
1478 4.257934
1479 4.251662
1480 4.222382
1481 4.184873
1482 4.145141
1483 4.104964
1484 4.071112
1485 4.045123
1486 4.013399
1487 3.996272
1488 3.994221
1489 4.001031
1490 4.012776
1491 3.997703
1492 3.941342
1493 3.895815
1494 3.853996
1495 3.820131
1496 3.791243
1497 3.757846
1498 3.719705
1499 3.694529
1500 3.660229
1501 3.632118
1502 3.608199
1503 3.576469
1504 3.557620
1505 3.553915
1506 3.541861
1507 3.513616
1508 3.488073
1509 3.461067
1510 3.446039
1511 3.443347
1512 3.433368
1513 3.403880
1514 3.369614
1515 3.327403
1516 3.288681
1517 3.257809
1518 3.237045
1519 3.222093
1520 3.198589
1521 3.177148
1522 3.143423
1523 3.110484
1524 3.081818
1525 3.053451
1526 3.020208
1527 3.005923
1528 3.003871
1529 3.002352
1530 2.984191
1531 2.961975
1532 2.929771
1533 2.893543
1534 2.854718
1535 2.823434
1536 2.797887
1537 2.771139
1538 2.744694
1539 2.720437
1540 2.695017
1541 2.662364
1542 2.636358
1543 2.609920
1544 2.585683
1545 2.568322
1546 2.551506
1547 2.532928
1548 2.517610
1549 2.491128
1550 2.462093
1551 2.431015
1552 2.401838
1553 2.378824
1554 2.353360
1555 2.323746
1556 2.295740
1557 2.273872
1558 2.246432
1559 2.219075
1560 2.192122
1561 2.175201
1562 2.157517
1563 2.135735
1564 2.112355
1565 2.088783
1566 2.054234
1567 2.021763
1568 1.989797
1569 1.968565
1570 1.949888
1571 1.934875
1572 1.919673
1573 1.899385
1574 1.877869
1575 1.850037
1576 1.814230
1577 1.779065
1578 1.754246
1579 1.728562
1580 1.710434
1581 1.694607
1582 1.684683
1583 1.661520
1584 1.631079
1585 1.597620
1586 1.570371
1587 1.545647
1588 1.533552
1589 1.520944
1590 1.499226
1591 1.462828
1592 1.428431
1593 1.401617
1594 1.378247
1595 1.361631
1596 1.350614
1597 1.331769
1598 1.296015
1599 1.256820
1600 1.222157
1601 1.191818
1602 1.166577
1603 1.150058
1604 1.133999
1605 1.116185
1606 1.089126
1607 1.058988
1608 1.028354
1609 1.002277
1610 0.977481
1611 0.954933
1612 0.931867
1613 0.906921
1614 0.883518
1615 0.862917
1616 0.839603
1617 0.815140
1618 0.789344
1619 0.762378
1620 0.735542
1621 0.711660
1622 0.687975
1623 0.667060
1624 0.646358
1625 0.623147
1626 0.597433
1627 0.571347
1628 0.544406
1629 0.517915
1630 0.493009
1631 0.468563
1632 0.443904
1633 0.419628
1634 0.395256
1635 0.369441
1636 0.345318
1637 0.321103
1638 0.299541
1639 0.277880
1640 0.255543
1641 0.231896
1642 0.208474
1643 0.186198
1644 0.165387
1645 0.146156
1646 0.128548
1647 0.112299
1648 0.097773
1649 0.084783
1650 0.073189
1651 0.063199
1652 0.054965
1653 0.048464
1654 0.043312
1655 0.039368
1656 0.036601
1657 0.034881
1658 0.033804
1659 0.033268
1660 0.033161
1661 0.033157
1662 0.032945
1663 0.032416
1664 0.031692
1665 0.030849
1666 0.029918
1667 0.029008
1668 0.028224
1669 0.027578
1670 0.027033
1671 0.026541
1672 0.026063
1673 0.025594
1674 0.025142
1675 0.024679
1676 0.024355
1677 0.023973
1678 0.023590
1679 0.023229
1680 0.022849
1681 0.022476
1682 0.022110
1683 0.021759
1684 0.021449
1685 0.021183
1686 0.020945
1687 0.020860
1688 0.020831
1689 0.020734
1690 0.020474
1691 0.020222
1692 0.019952
1693 0.019746
1694 0.019548
1695 0.019457
1696 0.019331
1697 0.019189
1698 0.019099
1699 0.018947
1700 0.018731
1701 0.018506
1702 0.018222
1703 0.017907
1704 0.017640
1705 0.017422
1706 0.017200
1707 0.016989
1708 0.016832
1709 0.016727
1710 0.016679
1711 0.016526
1712 0.016264
1713 0.015952
1714 0.015709
1715 0.015474
1716 0.015319
1717 0.015198
1718 0.015072
1719 0.014866
1720 0.014688
1721 0.014459
1722 0.014274
1723 0.014146
1724 0.014041
1725 0.013931
1726 0.013822
1727 0.013694
1728 0.013572
1729 0.013490
1730 0.013374
1731 0.013264
1732 0.013174
1733 0.013045
1734 0.012914
1735 0.012831
1736 0.012732
1737 0.012652
1738 0.012590
1739 0.012581
1740 0.012532
1741 0.012445
1742 0.012324
1743 0.012219
1744 0.012094
1745 0.011971
1746 0.011863
1747 0.011691
1748 0.011578
1749 0.011524
1750 0.011494
1751 0.011443
1752 0.011454
1753 0.011444
1754 0.011318
1755 0.011099
1756 0.010893
1757 0.010694
1758 0.010581
1759 0.010489
1760 0.010388
1761 0.010282
1762 0.010160
1763 0.010035
1764 0.009932
1765 0.009876
1766 0.009841
1767 0.009810
1768 0.009716
1769 0.009566
1770 0.009397
1771 0.009276
1772 0.009197
1773 0.009134
1774 0.009056
1775 0.009009
1776 0.008957
1777 0.008907
1778 0.008844
1779 0.008782
1780 0.008769
1781 0.008775
1782 0.008744
1783 0.008666
1784 0.008573
1785 0.008485
1786 0.008397
1787 0.008326
1788 0.008261
1789 0.008189
1790 0.008138
1791 0.008112
1792 0.008107
1793 0.008076
1794 0.008003
1795 0.007925
1796 0.007854
1797 0.007787
1798 0.007750
1799 0.007731
1800 0.007745
1801 0.007732
1802 0.007690
1803 0.007609
1804 0.007527
1805 0.007470
1806 0.007456
1807 0.007462
1808 0.007439
1809 0.007388
1810 0.007309
1811 0.007225
1812 0.007162
1813 0.007123
1814 0.007078
1815 0.007040
1816 0.007005
1817 0.006989
1818 0.006986
1819 0.006975
1820 0.006934
1821 0.006893
1822 0.006838
1823 0.006780
1824 0.006736
1825 0.006682
1826 0.006627
1827 0.006611
1828 0.006608
1829 0.006607
1830 0.006575
1831 0.006520
1832 0.006478
1833 0.006450
1834 0.006437
1835 0.006417
1836 0.006407
1837 0.006390
1838 0.006354
1839 0.006297
1840 0.006255
1841 0.006212
1842 0.006179
1843 0.006154
1844 0.006124
1845 0.006104
1846 0.006086
1847 0.006082
1848 0.006098
1849 0.006103
1850 0.006094
1851 0.006075
1852 0.006055
1853 0.006022
1854 0.005981
1855 0.005946
1856 0.005919
1857 0.005902
1858 0.005877
1859 0.005875
1860 0.005882
1861 0.005864
1862 0.005815
1863 0.005779
1864 0.005771
1865 0.005768
1866 0.005766
1867 0.005765
1868 0.005759
1869 0.005735
1870 0.005710
1871 0.005697
1872 0.005694
1873 0.005686
1874 0.005680
1875 0.005661
1876 0.005623
1877 0.005570
1878 0.005526
1879 0.005501
1880 0.005488
1881 0.005487
1882 0.005494
1883 0.005483
1884 0.005455
1885 0.005395
1886 0.005335
1887 0.005283
1888 0.005230
1889 0.005173
1890 0.005136
1891 0.005096
1892 0.005048
1893 0.005017
1894 0.004987
1895 0.004961
1896 0.004945
1897 0.004940
1898 0.004930
1899 0.004914
1900 0.004882
1901 0.004835
1902 0.004775
1903 0.004730
1904 0.004697
1905 0.004660
1906 0.004628
1907 0.004606
1908 0.004571
1909 0.004531
1910 0.004499
1911 0.004482
1912 0.004469
1913 0.004448
1914 0.004416
1915 0.004382
1916 0.004350
1917 0.004326
1918 0.004315
1919 0.004313
1920 0.004295
1921 0.004245
1922 0.004205
1923 0.004160
1924 0.004124
1925 0.004097
1926 0.004083
1927 0.004068
1928 0.004065
1929 0.004057
1930 0.004033
1931 0.003993
1932 0.003954
1933 0.003942
1934 0.003937
1935 0.003946
1936 0.003955
1937 0.003912
1938 0.003844
1939 0.003791
1940 0.003759
1941 0.003730
1942 0.003701
1943 0.003689
1944 0.003683
1945 0.003675
1946 0.003651
1947 0.003617
1948 0.003582
1949 0.003562
1950 0.003550
1951 0.003541
1952 0.003534
1953 0.003533
1954 0.003506
1955 0.003462
1956 0.003411
1957 0.003362
1958 0.003324
1959 0.003297
1960 0.003267
1961 0.003243
1962 0.003225
1963 0.003200
1964 0.003178
1965 0.003153
1966 0.003139
1967 0.003123
1968 0.003106
1969 0.003085
1970 0.003067
1971 0.003046
1972 0.003024
1973 0.002994
1974 0.002973
1975 0.002954
1976 0.002940
1977 0.002933
1978 0.002927
1979 0.002920
1980 0.002914
1981 0.002907
1982 0.002909
1983 0.002924
1984 0.002940
1985 0.002953
1986 0.002955
1987 0.002946
1988 0.002918
1989 0.002892
1990 0.002866
1991 0.002847
1992 0.002832
1993 0.002827
1994 0.002832
1995 0.002847
1996 0.002866
1997 0.002869
1998 0.002867
1999 0.002856
2000 0.002854
2001 0.002855
2002 0.002861
2003 0.002857
2004 0.002846
2005 0.002837
2006 0.002827
2007 0.002822
2008 0.002826
2009 0.002812
2010 0.002809
2011 0.002810
2012 0.002812
2013 0.002818
2014 0.002819
2015 0.002825
2016 0.002838
2017 0.002849
2018 0.002852
2019 0.002855
2020 0.002851
2021 0.002855
2022 0.002849
2023 0.002844
2024 0.002834
2025 0.002841
2026 0.002841
2027 0.002847
2028 0.002861
2029 0.002881
2030 0.002898
2031 0.002885
2032 0.002860
2033 0.002852
2034 0.002851
2035 0.002853
2036 0.002864
2037 0.002873
2038 0.002876
2039 0.002872
2040 0.002874
2041 0.002887
2042 0.002913
2043 0.002935
2044 0.002925
2045 0.002900
2046 0.002871
2047 0.002846
2048 0.002840
2049 0.002835
2050 0.002832
2051 0.002832
2052 0.002832
2053 0.002832
2054 0.002830
2055 0.002823
2056 0.002820
2057 0.002827
2058 0.002828
2059 0.002833
2060 0.002841
2061 0.002844
2062 0.002835
2063 0.002813
2064 0.002791
2065 0.002779
2066 0.002774
2067 0.002787
2068 0.002794
2069 0.002790
2070 0.002766
2071 0.002749
2072 0.002737
2073 0.002730
2074 0.002726
2075 0.002727
2076 0.002726
2077 0.002724
2078 0.002727
2079 0.002733
2080 0.002733
2081 0.002734
2082 0.002745
2083 0.002756
2084 0.002759
2085 0.002748
2086 0.002739
2087 0.002731
2088 0.002723
2089 0.002714
2090 0.002714
2091 0.002721
2092 0.002737
2093 0.002752
2094 0.002748
2095 0.002731
2096 0.002707
2097 0.002687
2098 0.002677
2099 0.002668
2100 0.002661
2101 0.002659
2102 0.002657
2103 0.002667
2104 0.002675
2105 0.002672
2106 0.002670
2107 0.002674
2108 0.002678
2109 0.002683
2110 0.002679
2111 0.002673
2112 0.002663
2113 0.002651
2114 0.002643
2115 0.002647
2116 0.002647
2117 0.002665
2118 0.002679
2119 0.002687
2120 0.002678
2121 0.002661
2122 0.002641
2123 0.002629
2124 0.002630
2125 0.002634
2126 0.002643
2127 0.002660
2128 0.002678
2129 0.002686
2130 0.002683
2131 0.002675
2132 0.002672
2133 0.002659
2134 0.002657
2135 0.002648
2136 0.002646
2137 0.002650
2138 0.002645
2139 0.002638
2140 0.002631
2141 0.002629
2142 0.002620
2143 0.002607
2144 0.002597
2145 0.002598
2146 0.002601
2147 0.002614
2148 0.002618
2149 0.002612
2150 0.002588
2151 0.002560
2152 0.002541
2153 0.002528
2154 0.002508
2155 0.002486
2156 0.002468
2157 0.002455
2158 0.002443
2159 0.002438
2160 0.002435
2161 0.002435
2162 0.002442
2163 0.002450
2164 0.002454
2165 0.002453
2166 0.002444
2167 0.002427
2168 0.002416
2169 0.002414
2170 0.002411
2171 0.002413
2172 0.002420
2173 0.002415
2174 0.002404
2175 0.002390
2176 0.002380
2177 0.002376
2178 0.002381
2179 0.002383
2180 0.002398
2181 0.002420
2182 0.002416
2183 0.002399
2184 0.002377
2185 0.002359
2186 0.002348
2187 0.002346
2188 0.002346
2189 0.002345
2190 0.002344
2191 0.002351
2192 0.002361
2193 0.002377
2194 0.002389
2195 0.002401
2196 0.002407
2197 0.002409
2198 0.002408
2199 0.002403
2200 0.002406
2201 0.002412
2202 0.002413
2203 0.002414
2204 0.002414
2205 0.002410
2206 0.002407
2207 0.002398
2208 0.002403
2209 0.002407
2210 0.002411
2211 0.002418
2212 0.002417
2213 0.002404
2214 0.002393
2215 0.002384
2216 0.002374
2217 0.002363
2218 0.002360
2219 0.002361
2220 0.002357
2221 0.002360
2222 0.002371
2223 0.002384
2224 0.002375
2225 0.002354
2226 0.002340
2227 0.002331
2228 0.002331
2229 0.002337
2230 0.002331
2231 0.002317
2232 0.002296
2233 0.002281
2234 0.002270
2235 0.002260
2236 0.002249
2237 0.002240
2238 0.002228
2239 0.002226
2240 0.002224
2241 0.002220
2242 0.002220
2243 0.002215
2244 0.002205
2245 0.002191
2246 0.002181
2247 0.002175
2248 0.002172
2249 0.002165
2250 0.002166
2251 0.002170
2252 0.002181
2253 0.002190
2254 0.002202
2255 0.002204
2256 0.002208
2257 0.002205
2258 0.002201
2259 0.002195
2260 0.002182
2261 0.002173
2262 0.002159
2263 0.002145
2264 0.002137
2265 0.002123
2266 0.002101
2267 0.002083
2268 0.002067
2269 0.002053
2270 0.002047
2271 0.002049
2272 0.002049
2273 0.002043
2274 0.002029
2275 0.002017
2276 0.002002
2277 0.001993
2278 0.001986
2279 0.001972
2280 0.001945
2281 0.001916
2282 0.001890
2283 0.001864
2284 0.001843
2285 0.001818
2286 0.001796
2287 0.001776
2288 0.001757
2289 0.001742
2290 0.001726
2291 0.001704
2292 0.001682
2293 0.001660
2294 0.001640
2295 0.001618
2296 0.001602
2297 0.001586
2298 0.001573
2299 0.001559
2300 0.001548
2301 0.001530
2302 0.001511
2303 0.001499
2304 0.001492
2305 0.001490
2306 0.001493
2307 0.001503
2308 0.001518
2309 0.001535
2310 0.001552
2311 0.001567
2312 0.001585
2313 0.001604
2314 0.001622
2315 0.001639
2316 0.001655
2317 0.001668
2318 0.001670
2319 0.001671
2320 0.001675
2321 0.001676
2322 0.001681
2323 0.001693
2324 0.001704
2325 0.001714
2326 0.001732
2327 0.001745
2328 0.001756
2329 0.001759
2330 0.001763
2331 0.001764
2332 0.001765
2333 0.001762
2334 0.001767
2335 0.001778
2336 0.001794
2337 0.001803
2338 0.001807
2339 0.001802
2340 0.001800
2341 0.001797
2342 0.001798
2343 0.001803
2344 0.001813
2345 0.001818
2346 0.001816
2347 0.001817
2348 0.001811
2349 0.001807
2350 0.001803
2351 0.001807
2352 0.001814
2353 0.001821
2354 0.001826
2355 0.001831
2356 0.001834
2357 0.001838
2358 0.001842
2359 0.001852
2360 0.001868
2361 0.001877
2362 0.001865
2363 0.001845
2364 0.001836
2365 0.001835
2366 0.001848
2367 0.001860
2368 0.001865
2369 0.001856
2370 0.001843
2371 0.001834
2372 0.001829
2373 0.001827
2374 0.001832
2375 0.001837
2376 0.001843
2377 0.001847
2378 0.001848
2379 0.001848
2380 0.001854
2381 0.001855
2382 0.001852
2383 0.001842
2384 0.001834
2385 0.001830
2386 0.001831
2387 0.001822
2388 0.001819
2389 0.001820
2390 0.001817
2391 0.001817
2392 0.001816
2393 0.001819
2394 0.001826
2395 0.001833
2396 0.001841
2397 0.001847
2398 0.001849
2399 0.001849
2400 0.001839
2401 0.001832
2402 0.001834
2403 0.001837
2404 0.001837
2405 0.001833
2406 0.001829
2407 0.001828
2408 0.001831
2409 0.001835
2410 0.001836
2411 0.001841
2412 0.001848
2413 0.001854
2414 0.001855
2415 0.001849
2416 0.001845
2417 0.001842
2418 0.001843
2419 0.001848
2420 0.001854
2421 0.001863
2422 0.001875
2423 0.001878
2424 0.001879
2425 0.001872
2426 0.001868
2427 0.001860
2428 0.001857
2429 0.001860
2430 0.001867
2431 0.001879
2432 0.001885
2433 0.001892
2434 0.001899
2435 0.001913
2436 0.001926
2437 0.001936
2438 0.001943
2439 0.001957
2440 0.001964
2441 0.001958
2442 0.001958
2443 0.001957
2444 0.001958
2445 0.001962
2446 0.001967
2447 0.001973
2448 0.001969
2449 0.001967
2450 0.001962
2451 0.001959
2452 0.001957
2453 0.001954
2454 0.001949
2455 0.001946
2456 0.001946
2457 0.001941
2458 0.001942
2459 0.001944
2460 0.001949
2461 0.001952
2462 0.001952
2463 0.001952
2464 0.001949
2465 0.001944
2466 0.001944
2467 0.001940
2468 0.001927
2469 0.001915
2470 0.001910
2471 0.001909
2472 0.001914
2473 0.001923
2474 0.001925
2475 0.001920
2476 0.001911
2477 0.001904
2478 0.001903
2479 0.001901
2480 0.001904
2481 0.001905
2482 0.001899
2483 0.001893
2484 0.001891
2485 0.001891
2486 0.001896
2487 0.001900
2488 0.001900
2489 0.001896
2490 0.001883
2491 0.001867
2492 0.001856
2493 0.001850
2494 0.001844
2495 0.001848
2496 0.001852
2497 0.001848
2498 0.001834
2499 0.001818
2500 0.001802
2501 0.001793
2502 0.001785
2503 0.001779
2504 0.001776
2505 0.001773
2506 0.001774
2507 0.001778
2508 0.001785
2509 0.001782
2510 0.001768
2511 0.001759
2512 0.001751
2513 0.001739
2514 0.001727
2515 0.001717
2516 0.001714
2517 0.001712
2518 0.001707
2519 0.001703
2520 0.001703
2521 0.001712
2522 0.001723
2523 0.001722
2524 0.001704
2525 0.001687
2526 0.001679
2527 0.001679
2528 0.001685
2529 0.001692
2530 0.001695
2531 0.001693
2532 0.001694
2533 0.001695
2534 0.001702
2535 0.001704
2536 0.001698
2537 0.001688
2538 0.001679
2539 0.001675
2540 0.001675
2541 0.001679
2542 0.001684
2543 0.001688
2544 0.001693
2545 0.001699
2546 0.001708
2547 0.001716
2548 0.001728
2549 0.001739
2550 0.001749
2551 0.001754
2552 0.001745
2553 0.001728
2554 0.001717
2555 0.001713
2556 0.001712
2557 0.001717
2558 0.001725
2559 0.001730
2560 0.001737
2561 0.001744
2562 0.001739
2563 0.001728
2564 0.001720
2565 0.001713
2566 0.001714
2567 0.001717
2568 0.001720
2569 0.001726
2570 0.001735
2571 0.001738
2572 0.001737
2573 0.001733
2574 0.001721
2575 0.001713
2576 0.001710
2577 0.001716
2578 0.001724
2579 0.001724
2580 0.001719
2581 0.001714
2582 0.001712
2583 0.001714
2584 0.001725
2585 0.001743
2586 0.001761
2587 0.001762
2588 0.001752
2589 0.001738
2590 0.001731
2591 0.001726
2592 0.001722
2593 0.001719
2594 0.001719
2595 0.001720
2596 0.001722
2597 0.001728
2598 0.001736
2599 0.001741
2600 0.001734
2601 0.001723
2602 0.001713
2603 0.001707
2604 0.001703
2605 0.001699
2606 0.001693
2607 0.001685
2608 0.001679
2609 0.001679
2610 0.001679
2611 0.001683
2612 0.001687
2613 0.001686
2614 0.001674
2615 0.001665
2616 0.001656
2617 0.001652
2618 0.001652
2619 0.001659
2620 0.001662
2621 0.001654
2622 0.001638
2623 0.001615
2624 0.001595
2625 0.001580
2626 0.001570
2627 0.001559
2628 0.001547
2629 0.001534
2630 0.001526
2631 0.001516
2632 0.001505
2633 0.001493
2634 0.001482
2635 0.001472
2636 0.001462
2637 0.001455
2638 0.001457
2639 0.001461
2640 0.001465
2641 0.001466
2642 0.001465
2643 0.001463
2644 0.001461
2645 0.001459
2646 0.001461
2647 0.001464
2648 0.001466
2649 0.001467
2650 0.001463
2651 0.001460
2652 0.001459
2653 0.001455
2654 0.001448
2655 0.001443
2656 0.001440
2657 0.001440
2658 0.001442
2659 0.001450
2660 0.001459
2661 0.001462
2662 0.001451
2663 0.001436
2664 0.001425
2665 0.001419
2666 0.001416
2667 0.001413
2668 0.001415
2669 0.001416
2670 0.001419
2671 0.001419
2672 0.001419
2673 0.001414
2674 0.001406
2675 0.001398
2676 0.001393
2677 0.001388
2678 0.001385
2679 0.001384
2680 0.001389
2681 0.001399
2682 0.001409
2683 0.001409
2684 0.001398
2685 0.001387
2686 0.001382
2687 0.001384
2688 0.001384
2689 0.001380
2690 0.001368
2691 0.001364
2692 0.001365
2693 0.001372
2694 0.001380
2695 0.001381
2696 0.001370
2697 0.001360
2698 0.001355
2699 0.001362
2700 0.001370
2701 0.001376
2702 0.001377
2703 0.001376
2704 0.001373
2705 0.001365
2706 0.001362
2707 0.001360
2708 0.001359
2709 0.001358
2710 0.001358
2711 0.001355
2712 0.001356
2713 0.001356
2714 0.001356
2715 0.001360
2716 0.001365
2717 0.001373
2718 0.001375
2719 0.001372
2720 0.001363
2721 0.001355
2722 0.001350
2723 0.001345
2724 0.001338
2725 0.001331
2726 0.001322
2727 0.001316
2728 0.001313
2729 0.001313
2730 0.001313
2731 0.001320
2732 0.001328
2733 0.001337
2734 0.001339
2735 0.001335
2736 0.001329
2737 0.001325
2738 0.001320
2739 0.001315
2740 0.001308
2741 0.001302
2742 0.001302
2743 0.001302
2744 0.001304
2745 0.001304
2746 0.001300
2747 0.001294
2748 0.001292
2749 0.001288
2750 0.001285
2751 0.001281
2752 0.001285
2753 0.001288
2754 0.001291
2755 0.001290
2756 0.001285
2757 0.001282
2758 0.001277
2759 0.001272
2760 0.001270
2761 0.001273
2762 0.001274
2763 0.001265
2764 0.001253
2765 0.001243
2766 0.001234
2767 0.001230
2768 0.001225
2769 0.001224
2770 0.001227
2771 0.001232
2772 0.001235
2773 0.001239
2774 0.001240
2775 0.001234
2776 0.001230
2777 0.001228
2778 0.001229
2779 0.001237
2780 0.001244
2781 0.001243
2782 0.001238
2783 0.001230
2784 0.001222
2785 0.001221
2786 0.001224
2787 0.001223
2788 0.001219
2789 0.001213
2790 0.001208
2791 0.001205
2792 0.001208
2793 0.001212
2794 0.001216
2795 0.001216
2796 0.001210
2797 0.001201
2798 0.001193
2799 0.001191
2800 0.001192
2801 0.001192
2802 0.001197
2803 0.001204
2804 0.001210
2805 0.001215
2806 0.001220
2807 0.001222
2808 0.001219
2809 0.001216
2810 0.001212
2811 0.001208
2812 0.001207
2813 0.001207
2814 0.001205
2815 0.001206
2816 0.001209
2817 0.001213
2818 0.001217
2819 0.001217
2820 0.001210
2821 0.001207
2822 0.001208
2823 0.001212
2824 0.001215
2825 0.001226
2826 0.001242
2827 0.001258
2828 0.001267
2829 0.001264
2830 0.001258
2831 0.001252
2832 0.001253
2833 0.001257
2834 0.001259
2835 0.001260
2836 0.001265
2837 0.001272
2838 0.001284
2839 0.001291
2840 0.001296
2841 0.001293
2842 0.001289
2843 0.001287
2844 0.001287
2845 0.001288
2846 0.001290
2847 0.001292
2848 0.001294
2849 0.001292
2850 0.001290
2851 0.001286
2852 0.001281
2853 0.001281
2854 0.001284
2855 0.001292
2856 0.001295
2857 0.001292
2858 0.001285
2859 0.001280
2860 0.001276
2861 0.001274
2862 0.001272
2863 0.001272
2864 0.001270
2865 0.001270
2866 0.001272
2867 0.001277
2868 0.001284
2869 0.001291
2870 0.001294
2871 0.001286
2872 0.001272
2873 0.001261
2874 0.001259
2875 0.001257
2876 0.001256
2877 0.001254
2878 0.001253
2879 0.001253
2880 0.001253
2881 0.001252
2882 0.001254
2883 0.001255
2884 0.001259
2885 0.001261
2886 0.001262
2887 0.001263
2888 0.001261
2889 0.001262
2890 0.001266
2891 0.001273
2892 0.001286
2893 0.001299
2894 0.001300
2895 0.001291
2896 0.001275
2897 0.001264
2898 0.001256
2899 0.001254
2900 0.001255
2901 0.001259
2902 0.001263
2903 0.001264
2904 0.001263
2905 0.001260
2906 0.001260
2907 0.001259
2908 0.001258
2909 0.001256
2910 0.001248
2911 0.001236
2912 0.001227
2913 0.001218
2914 0.001213
2915 0.001208
2916 0.001204
2917 0.001200
2918 0.001197
2919 0.001190
2920 0.001184
2921 0.001180
2922 0.001180
2923 0.001178
2924 0.001174
2925 0.001174
2926 0.001172
2927 0.001167
2928 0.001162
2929 0.001157
2930 0.001153
2931 0.001153
2932 0.001152
2933 0.001149
2934 0.001147
2935 0.001144
2936 0.001135
2937 0.001128
2938 0.001122
2939 0.001117
2940 0.001111
2941 0.001104
2942 0.001098
2943 0.001093
2944 0.001087
2945 0.001078
2946 0.001071
2947 0.001064
2948 0.001052
2949 0.001044
2950 0.001036
2951 0.001028
2952 0.001017
2953 0.001005
2954 0.000994
2955 0.000981
2956 0.000967
2957 0.000953
2958 0.000943
2959 0.000935
2960 0.000930
2961 0.000927
2962 0.000922
2963 0.000913
2964 0.000903
2965 0.000895
2966 0.000890
2967 0.000887
2968 0.000888
2969 0.000891
2970 0.000895
2971 0.000895
2972 0.000892
2973 0.000887
2974 0.000883
2975 0.000882
2976 0.000879
2977 0.000876
2978 0.000874
2979 0.000871
2980 0.000866
2981 0.000860
2982 0.000854
2983 0.000850
2984 0.000849
2985 0.000850
2986 0.000853
2987 0.000854
2988 0.000851
2989 0.000842
2990 0.000832
2991 0.000826
2992 0.000820
2993 0.000815
2994 0.000816
2995 0.000818
2996 0.000822
2997 0.000822
2998 0.000816
2999 0.000812
3000 0.000809
3001 0.000808
3002 0.000804
3003 0.000798
3004 0.000792
3005 0.000787
3006 0.000781
3007 0.000778
3008 0.000775
3009 0.000772
3010 0.000769
3011 0.000768
3012 0.000769
3013 0.000772
3014 0.000773
3015 0.000773
3016 0.000770
3017 0.000770
3018 0.000770
3019 0.000769
3020 0.000763
3021 0.000760
3022 0.000756
3023 0.000753
3024 0.000752
3025 0.000750
3026 0.000750
3027 0.000750
3028 0.000751
3029 0.000751
3030 0.000750
3031 0.000750
3032 0.000750
3033 0.000749
3034 0.000749
3035 0.000752
3036 0.000755
3037 0.000757
3038 0.000758
3039 0.000760
3040 0.000765
3041 0.000773
3042 0.000777
3043 0.000775
3044 0.000770
3045 0.000767
3046 0.000767
3047 0.000770
3048 0.000775
3049 0.000781
3050 0.000786
3051 0.000789
3052 0.000790
3053 0.000792
3054 0.000791
3055 0.000792
3056 0.000794
3057 0.000799
3058 0.000806
3059 0.000814
3060 0.000819
3061 0.000824
3062 0.000828
3063 0.000831
3064 0.000832
3065 0.000835
3066 0.000837
3067 0.000837
3068 0.000833
3069 0.000827
3070 0.000825
3071 0.000823
3072 0.000823
3073 0.000823
3074 0.000828
3075 0.000831
3076 0.000829
3077 0.000820
3078 0.000812
3079 0.000809
3080 0.000810
3081 0.000812
3082 0.000816
3083 0.000816
3084 0.000815
3085 0.000814
3086 0.000812
3087 0.000810
3088 0.000811
3089 0.000813
3090 0.000813
3091 0.000812
3092 0.000811
3093 0.000810
3094 0.000809
3095 0.000808
3096 0.000810
3097 0.000813
3098 0.000818
3099 0.000821
3100 0.000821
3101 0.000818
3102 0.000815
3103 0.000816
3104 0.000819
3105 0.000822
3106 0.000820
3107 0.000816
3108 0.000810
3109 0.000806
3110 0.000804
3111 0.000804
3112 0.000805
3113 0.000807
3114 0.000809
3115 0.000810
3116 0.000808
3117 0.000806
3118 0.000803
3119 0.000799
3120 0.000797
3121 0.000797
3122 0.000801
3123 0.000801
3124 0.000792
3125 0.000784
3126 0.000779
3127 0.000775
3128 0.000773
3129 0.000770
3130 0.000767
3131 0.000766
3132 0.000768
3133 0.000774
3134 0.000773
3135 0.000763
3136 0.000754
3137 0.000747
3138 0.000745
3139 0.000745
3140 0.000745
3141 0.000742
3142 0.000736
3143 0.000731
3144 0.000727
3145 0.000726
3146 0.000722
3147 0.000720
3148 0.000721
3149 0.000720
3150 0.000718
3151 0.000717
3152 0.000714
3153 0.000712
3154 0.000709
3155 0.000708
3156 0.000705
3157 0.000702
3158 0.000700
3159 0.000697
3160 0.000694
3161 0.000692
3162 0.000690
3163 0.000690
3164 0.000690
3165 0.000687
3166 0.000681
3167 0.000678
3168 0.000675
3169 0.000671
3170 0.000668
3171 0.000666
3172 0.000663
3173 0.000661
3174 0.000660
3175 0.000657
3176 0.000653
3177 0.000648
3178 0.000644
3179 0.000641
3180 0.000638
3181 0.000639
3182 0.000639
3183 0.000638
3184 0.000635
3185 0.000632
3186 0.000629
3187 0.000627
3188 0.000622
3189 0.000619
3190 0.000617
3191 0.000614
3192 0.000611
3193 0.000608
3194 0.000605
3195 0.000606
3196 0.000604
3197 0.000604
3198 0.000605
3199 0.000605
3200 0.000607
3201 0.000607
3202 0.000606
3203 0.000603
3204 0.000600
3205 0.000598
3206 0.000596
3207 0.000593
3208 0.000591
3209 0.000590
3210 0.000591
3211 0.000593
3212 0.000597
3213 0.000602
3214 0.000602
3215 0.000597
3216 0.000590
3217 0.000584
3218 0.000581
3219 0.000580
3220 0.000579
3221 0.000580
3222 0.000584
3223 0.000587
3224 0.000584
3225 0.000580
3226 0.000578
3227 0.000577
3228 0.000577
3229 0.000577
3230 0.000576
3231 0.000575
3232 0.000573
3233 0.000570
3234 0.000568
3235 0.000570
3236 0.000574
3237 0.000574
3238 0.000567
3239 0.000559
3240 0.000555
3241 0.000551
3242 0.000548
3243 0.000547
3244 0.000546
3245 0.000546
3246 0.000546
3247 0.000541
3248 0.000532
3249 0.000524
3250 0.000517
3251 0.000511
3252 0.000505
3253 0.000501
3254 0.000499
3255 0.000497
3256 0.000496
3257 0.000492
3258 0.000487
3259 0.000482
3260 0.000478
3261 0.000474
3262 0.000470
3263 0.000466
3264 0.000462
3265 0.000459
3266 0.000455
3267 0.000451
3268 0.000448
3269 0.000443
3270 0.000438
3271 0.000433
3272 0.000430
3273 0.000429
3274 0.000427
3275 0.000425
3276 0.000424
3277 0.000423
3278 0.000422
3279 0.000420
3280 0.000415
3281 0.000410
3282 0.000405
3283 0.000400
3284 0.000398
3285 0.000396
3286 0.000396
3287 0.000395
3288 0.000393
3289 0.000388
3290 0.000383
3291 0.000379
3292 0.000376
3293 0.000373
3294 0.000370
3295 0.000367
3296 0.000364
3297 0.000360
3298 0.000357
3299 0.000355
3300 0.000353
3301 0.000352
3302 0.000350
3303 0.000347
3304 0.000345
3305 0.000343
3306 0.000341
3307 0.000340
3308 0.000340
3309 0.000339
3310 0.000339
3311 0.000338
3312 0.000337
3313 0.000336
3314 0.000334
3315 0.000335
3316 0.000335
3317 0.000334
3318 0.000333
3319 0.000330
3320 0.000327
3321 0.000325
3322 0.000322
3323 0.000319
3324 0.000316
3325 0.000313
3326 0.000311
3327 0.000310
3328 0.000309
3329 0.000310
3330 0.000309
3331 0.000307
3332 0.000305
3333 0.000303
3334 0.000301
3335 0.000300
3336 0.000300
3337 0.000300
3338 0.000301
3339 0.000299
3340 0.000296
3341 0.000293
3342 0.000291
3343 0.000289
3344 0.000286
3345 0.000284
3346 0.000281
3347 0.000280
3348 0.000279
3349 0.000279
3350 0.000280
3351 0.000279
3352 0.000276
3353 0.000273
3354 0.000271
3355 0.000271
3356 0.000270
3357 0.000269
3358 0.000268
3359 0.000266
3360 0.000265
3361 0.000264
3362 0.000264
3363 0.000263
3364 0.000263
3365 0.000261
3366 0.000260
3367 0.000258
3368 0.000257
3369 0.000256
3370 0.000256
3371 0.000257
3372 0.000257
3373 0.000257
3374 0.000256
3375 0.000256
3376 0.000255
3377 0.000255
3378 0.000254
3379 0.000254
3380 0.000254
3381 0.000254
3382 0.000254
3383 0.000255
3384 0.000256
3385 0.000257
3386 0.000255
3387 0.000252
3388 0.000250
3389 0.000248
3390 0.000247
3391 0.000247
3392 0.000248
3393 0.000248
3394 0.000247
3395 0.000245
3396 0.000242
3397 0.000240
3398 0.000237
3399 0.000236
3400 0.000234
3401 0.000234
3402 0.000234
3403 0.000233
3404 0.000234
3405 0.000234
3406 0.000234
3407 0.000233
3408 0.000234
3409 0.000234
3410 0.000235
3411 0.000235
3412 0.000233
3413 0.000230
3414 0.000227
3415 0.000225
3416 0.000224
3417 0.000223
3418 0.000223
3419 0.000222
3420 0.000222
3421 0.000223
3422 0.000224
3423 0.000224
3424 0.000223
3425 0.000220
3426 0.000217
3427 0.000214
3428 0.000211
3429 0.000210
3430 0.000208
3431 0.000208
3432 0.000207
3433 0.000206
3434 0.000205
3435 0.000204
3436 0.000203
3437 0.000203
3438 0.000202
3439 0.000201
3440 0.000199
3441 0.000198
3442 0.000196
3443 0.000195
3444 0.000195
3445 0.000195
3446 0.000195
3447 0.000194
3448 0.000192
3449 0.000191
3450 0.000191
3451 0.000190
3452 0.000189
3453 0.000190
3454 0.000189
3455 0.000187
3456 0.000185
3457 0.000184
3458 0.000182
3459 0.000180
3460 0.000179
3461 0.000178
3462 0.000176
3463 0.000175
3464 0.000174
3465 0.000173
3466 0.000173
3467 0.000173
3468 0.000172
3469 0.000171
3470 0.000169
3471 0.000167
3472 0.000165
3473 0.000163
3474 0.000162
3475 0.000161
3476 0.000160
3477 0.000160
3478 0.000159
3479 0.000158
3480 0.000157
3481 0.000156
3482 0.000155
3483 0.000154
3484 0.000153
3485 0.000153
3486 0.000152
3487 0.000152
3488 0.000151
3489 0.000151
3490 0.000150
3491 0.000148
3492 0.000147
3493 0.000146
3494 0.000145
3495 0.000144
3496 0.000143
3497 0.000142
3498 0.000141
3499 0.000141
3500 0.000141
3501 0.000140
3502 0.000139
3503 0.000137
3504 0.000136
3505 0.000136
3506 0.000135
3507 0.000134
3508 0.000133
3509 0.000132
3510 0.000132
3511 0.000131
3512 0.000131
3513 0.000131
3514 0.000131
3515 0.000131
3516 0.000131
3517 0.000132
3518 0.000132
3519 0.000132
3520 0.000133
3521 0.000133
3522 0.000133
3523 0.000133
3524 0.000133
3525 0.000132
3526 0.000132
3527 0.000132
3528 0.000132
3529 0.000132
3530 0.000132
3531 0.000132
3532 0.000132
3533 0.000132
3534 0.000132
3535 0.000132
3536 0.000133
3537 0.000132
3538 0.000131
3539 0.000130
3540 0.000129
3541 0.000128
3542 0.000128
3543 0.000127
3544 0.000127
3545 0.000127
3546 0.000127
3547 0.000127
3548 0.000127
3549 0.000127
3550 0.000127
3551 0.000127
3552 0.000127
3553 0.000126
3554 0.000125
3555 0.000124
3556 0.000124
3557 0.000123
3558 0.000123
3559 0.000123
3560 0.000123
3561 0.000123
3562 0.000123
3563 0.000122
3564 0.000122
3565 0.000121
3566 0.000121
3567 0.000120
3568 0.000121
3569 0.000121
3570 0.000122
3571 0.000121
3572 0.000120
3573 0.000119
3574 0.000118
3575 0.000117
3576 0.000117
3577 0.000116
3578 0.000116
3579 0.000116
3580 0.000117
3581 0.000117
3582 0.000116
3583 0.000115
3584 0.000114
3585 0.000114
3586 0.000114
3587 0.000114
3588 0.000115
3589 0.000114
3590 0.000114
3591 0.000113
3592 0.000112
3593 0.000112
3594 0.000112
3595 0.000112
3596 0.000113
3597 0.000113
3598 0.000113
3599 0.000113
3600 0.000113
3601 0.000112
3602 0.000112
3603 0.000111
3604 0.000111
3605 0.000110
3606 0.000110
3607 0.000111
3608 0.000111
3609 0.000111
3610 0.000110
3611 0.000109
3612 0.000108
3613 0.000108
3614 0.000107
3615 0.000107
3616 0.000107
3617 0.000106
3618 0.000107
3619 0.000107
3620 0.000106
3621 0.000106
3622 0.000105
3623 0.000104
3624 0.000104
3625 0.000104
3626 0.000103
3627 0.000102
3628 0.000101
3629 0.000100
3630 0.000100
3631 0.000099
3632 0.000099
3633 0.000098
3634 0.000098
3635 0.000098
3636 0.000098
3637 0.000098
3638 0.000097
3639 0.000097
3640 0.000097
3641 0.000096
3642 0.000095
3643 0.000094
3644 0.000093
3645 0.000093
3646 0.000092
3647 0.000092
3648 0.000092
3649 0.000092
3650 0.000091
3651 0.000091
3652 0.000091
3653 0.000090
3654 0.000089
3655 0.000088
3656 0.000088
3657 0.000087
3658 0.000087
3659 0.000087
3660 0.000087
3661 0.000087
3662 0.000086
3663 0.000085
3664 0.000084
3665 0.000084
3666 0.000083
3667 0.000083
3668 0.000082
3669 0.000082
3670 0.000082
3671 0.000082
3672 0.000082
3673 0.000082
3674 0.000082
3675 0.000081
3676 0.000080
3677 0.000079
3678 0.000078
3679 0.000078
3680 0.000077
3681 0.000077
3682 0.000077
3683 0.000077
3684 0.000077
3685 0.000077
3686 0.000077
3687 0.000076
3688 0.000075
3689 0.000074
3690 0.000074
3691 0.000073
3692 0.000073
3693 0.000073
3694 0.000074
3695 0.000074
3696 0.000073
3697 0.000072
3698 0.000071
3699 0.000071
3700 0.000070
3701 0.000070
3702 0.000070
3703 0.000070
3704 0.000070
3705 0.000069
3706 0.000069
3707 0.000069
3708 0.000069
3709 0.000069
3710 0.000068
3711 0.000068
3712 0.000068
3713 0.000068
3714 0.000067
3715 0.000067
3716 0.000066
3717 0.000066
3718 0.000065
3719 0.000065
3720 0.000065
3721 0.000065
3722 0.000064
3723 0.000064
3724 0.000063
3725 0.000063
3726 0.000062
3727 0.000062
3728 0.000062
3729 0.000062
3730 0.000062
3731 0.000061
3732 0.000060
3733 0.000060
3734 0.000060
3735 0.000059
3736 0.000059
3737 0.000059
3738 0.000058
3739 0.000058
3740 0.000058
3741 0.000057
3742 0.000057
3743 0.000057
3744 0.000056
3745 0.000056
3746 0.000056
3747 0.000056
3748 0.000056
3749 0.000056
3750 0.000056
3751 0.000056
3752 0.000056
3753 0.000055
3754 0.000055
3755 0.000054
3756 0.000054
3757 0.000054
3758 0.000054
3759 0.000054
3760 0.000054
3761 0.000055
3762 0.000055
3763 0.000054
3764 0.000054
3765 0.000053
3766 0.000052
3767 0.000052
3768 0.000051
3769 0.000051
3770 0.000051
3771 0.000050
3772 0.000050
3773 0.000050
3774 0.000050
3775 0.000050
3776 0.000050
3777 0.000049
3778 0.000049
3779 0.000049
3780 0.000048
3781 0.000048
3782 0.000048
3783 0.000048
3784 0.000047
3785 0.000047
3786 0.000047
3787 0.000047
3788 0.000047
3789 0.000046
3790 0.000046
3791 0.000045
3792 0.000045
3793 0.000045
3794 0.000045
3795 0.000045
3796 0.000045
3797 0.000045
3798 0.000045
3799 0.000045
3800 0.000044
3801 0.000044
3802 0.000044
3803 0.000043
3804 0.000043
3805 0.000043
3806 0.000043
3807 0.000043
3808 0.000043
3809 0.000043
3810 0.000043
3811 0.000042
3812 0.000041
3813 0.000041
3814 0.000040
3815 0.000040
3816 0.000039
3817 0.000039
3818 0.000039
3819 0.000039
3820 0.000038
3821 0.000038
3822 0.000038
3823 0.000038
3824 0.000038
3825 0.000038
3826 0.000038
3827 0.000038
3828 0.000037
3829 0.000037
3830 0.000037
3831 0.000037
3832 0.000037
3833 0.000037
3834 0.000037
3835 0.000037
3836 0.000037
3837 0.000036
3838 0.000036
3839 0.000036
3840 0.000035
3841 0.000035
3842 0.000035
3843 0.000035
3844 0.000035
3845 0.000034
3846 0.000034
3847 0.000034
3848 0.000033
3849 0.000033
3850 0.000033
3851 0.000033
3852 0.000033
3853 0.000032
3854 0.000032
3855 0.000032
3856 0.000032
3857 0.000032
3858 0.000031
3859 0.000031
3860 0.000031
3861 0.000031
3862 0.000031
3863 0.000031
3864 0.000031
3865 0.000030
3866 0.000030
3867 0.000030
3868 0.000030
3869 0.000030
3870 0.000030
3871 0.000030
3872 0.000029
3873 0.000029
3874 0.000029
3875 0.000029
3876 0.000029
3877 0.000029
3878 0.000029
3879 0.000029
3880 0.000029
3881 0.000029
3882 0.000029
3883 0.000028
3884 0.000028
3885 0.000028
3886 0.000028
3887 0.000028
3888 0.000028
3889 0.000028
3890 0.000028
3891 0.000028
3892 0.000027
3893 0.000027
3894 0.000027
3895 0.000027
3896 0.000027
3897 0.000027
3898 0.000028
3899 0.000028
3900 0.000028
3901 0.000027
3902 0.000027
3903 0.000027
3904 0.000027
3905 0.000027
3906 0.000027
3907 0.000027
3908 0.000027
3909 0.000027
3910 0.000027
3911 0.000027
3912 0.000027
3913 0.000027
3914 0.000027
3915 0.000027
3916 0.000027
3917 0.000027
3918 0.000027
3919 0.000027
3920 0.000027
3921 0.000027
3922 0.000027
3923 0.000027
3924 0.000027
3925 0.000027
3926 0.000027
3927 0.000027
3928 0.000026
3929 0.000026
3930 0.000026
3931 0.000026
3932 0.000026
3933 0.000026
3934 0.000026
3935 0.000026
3936 0.000026
3937 0.000026
3938 0.000026
3939 0.000026
3940 0.000026
3941 0.000026
3942 0.000026
3943 0.000026
3944 0.000026
3945 0.000025
3946 0.000025
3947 0.000025
3948 0.000025
3949 0.000025
3950 0.000025
3951 0.000025
3952 0.000025
3953 0.000025
3954 0.000025
3955 0.000024
3956 0.000024
3957 0.000024
3958 0.000024
3959 0.000024
3960 0.000024
3961 0.000024
3962 0.000024
3963 0.000024
3964 0.000024
3965 0.000024
3966 0.000024
3967 0.000024
3968 0.000024
3969 0.000024
3970 0.000023
3971 0.000023
3972 0.000023
3973 0.000023
3974 0.000023
3975 0.000023
3976 0.000023
3977 0.000023
3978 0.000023
3979 0.000023
3980 0.000023
3981 0.000023
3982 0.000023
3983 0.000023
3984 0.000023
3985 0.000023
3986 0.000023
3987 0.000023
3988 0.000022
3989 0.000022
3990 0.000022
3991 0.000022
3992 0.000022
3993 0.000022
3994 0.000022
3995 0.000022
3996 0.000022
3997 0.000022
3998 0.000022
3999 0.000021
4000 0.000021
4001 0.000021
4002 0.000021
4003 0.000021
4004 0.000021
4005 0.000021
4006 0.000021
4007 0.000021
4008 0.000021
4009 0.000020
4010 0.000020
4011 0.000020
4012 0.000020
4013 0.000020
4014 0.000020
4015 0.000020
4016 0.000020
4017 0.000020
4018 0.000020
4019 0.000020
4020 0.000020
4021 0.000020
4022 0.000020
4023 0.000020
4024 0.000020
4025 0.000020
4026 0.000020
4027 0.000020
4028 0.000020
4029 0.000020
4030 0.000020
4031 0.000020
4032 0.000020
4033 0.000020
4034 0.000019
4035 0.000019
4036 0.000019
4037 0.000019
4038 0.000019
4039 0.000019
4040 0.000019
4041 0.000019
4042 0.000019
4043 0.000018
4044 0.000018
4045 0.000018
4046 0.000018
4047 0.000018
4048 0.000018
4049 0.000017
4050 0.000017
4051 0.000017
4052 0.000017
4053 0.000017
4054 0.000017
4055 0.000017
4056 0.000016
4057 0.000016
4058 0.000016
4059 0.000016
4060 0.000016
4061 0.000015
4062 0.000015
4063 0.000015
4064 0.000015
4065 0.000015
4066 0.000015
4067 0.000015
4068 0.000015
4069 0.000014
4070 0.000014
4071 0.000014
4072 0.000014
4073 0.000014
4074 0.000014
4075 0.000014
4076 0.000014
4077 0.000014
4078 0.000014
4079 0.000014
4080 0.000014
4081 0.000013
4082 0.000013
4083 0.000013
4084 0.000013
4085 0.000013
4086 0.000013
4087 0.000013
4088 0.000013
4089 0.000013
4090 0.000013
4091 0.000013
4092 0.000013
4093 0.000012
4094 0.000012
4095 0.000012
4096 0.000012
4097 0.000012
4098 0.000012
4099 0.000012
4100 0.000012
4101 0.000012
4102 0.000012
4103 0.000012
4104 0.000012
4105 0.000011
4106 0.000011
4107 0.000011
4108 0.000011
4109 0.000011
4110 0.000011
4111 0.000011
4112 0.000011
4113 0.000011
4114 0.000011
4115 0.000011
4116 0.000011
4117 0.000011
4118 0.000011
4119 0.000011
4120 0.000010
4121 0.000010
4122 0.000010
4123 0.000010
4124 0.000010
4125 0.000010
4126 0.000010
4127 0.000010
4128 0.000010
4129 0.000010
4130 0.000010
4131 0.000010
4132 0.000009
4133 0.000009
4134 0.000009
4135 0.000009
4136 0.000009
4137 0.000009
4138 0.000009
4139 0.000009
4140 0.000009
4141 0.000009
4142 0.000009
4143 0.000009
4144 0.000009
4145 0.000009
4146 0.000009
4147 0.000009
4148 0.000009
4149 0.000008
4150 0.000008
4151 0.000008
4152 0.000008
4153 0.000008
4154 0.000008
4155 0.000008
4156 0.000008
4157 0.000008
4158 0.000008
4159 0.000008
4160 0.000008
4161 0.000008
4162 0.000007
4163 0.000007
4164 0.000007
4165 0.000007
4166 0.000007
4167 0.000007
4168 0.000007
4169 0.000007
4170 0.000007
4171 0.000007
4172 0.000007
4173 0.000006
4174 0.000006
4175 0.000006
4176 0.000006
4177 0.000006
4178 0.000006
4179 0.000006
4180 0.000006
4181 0.000006
4182 0.000006
4183 0.000006
4184 0.000006
4185 0.000006
4186 0.000006
4187 0.000006
4188 0.000006
4189 0.000006
4190 0.000006
4191 0.000006
4192 0.000006
4193 0.000006
4194 0.000006
4195 0.000006
4196 0.000005
4197 0.000005
4198 0.000005
4199 0.000005
4200 0.000005
4201 0.000005
4202 0.000005
4203 0.000005
4204 0.000005
4205 0.000005
4206 0.000005
4207 0.000005
4208 0.000005
4209 0.000005
4210 0.000005
4211 0.000005
4212 0.000005
4213 0.000005
4214 0.000005
4215 0.000005
4216 0.000005
4217 0.000005
4218 0.000005
4219 0.000005
4220 0.000005
4221 0.000005
4222 0.000005
4223 0.000005
4224 0.000005
4225 0.000005
4226 0.000005
4227 0.000005
4228 0.000005
4229 0.000005
4230 0.000005
4231 0.000005
4232 0.000004
4233 0.000004
4234 0.000004
4235 0.000004
4236 0.000004
4237 0.000004
4238 0.000004
4239 0.000004
4240 0.000004
4241 0.000004
4242 0.000004
4243 0.000004
4244 0.000004
4245 0.000004
4246 0.000004
4247 0.000004
4248 0.000004
4249 0.000004
4250 0.000004
4251 0.000004
4252 0.000004
4253 0.000004
4254 0.000004
4255 0.000004
4256 0.000004
4257 0.000004
4258 0.000004
4259 0.000004
4260 0.000004
4261 0.000004
4262 0.000004
4263 0.000004
4264 0.000004
4265 0.000004
4266 0.000004
4267 0.000004
4268 0.000004
4269 0.000004
4270 0.000004
4271 0.000004
4272 0.000004
4273 0.000004
4274 0.000004
4275 0.000004
4276 0.000004
4277 0.000004
4278 0.000004
4279 0.000004
4280 0.000004
4281 0.000003
4282 0.000003
4283 0.000003
4284 0.000003
4285 0.000003
4286 0.000003
4287 0.000003
4288 0.000003
4289 0.000003
4290 0.000003
4291 0.000003
4292 0.000003
4293 0.000003
4294 0.000003
4295 0.000003
4296 0.000003
4297 0.000003
4298 0.000003
4299 0.000003
4300 0.000003
4301 0.000003
4302 0.000003
4303 0.000003
4304 0.000003
4305 0.000003
4306 0.000003
4307 0.000003
4308 0.000003
4309 0.000003
4310 0.000003
4311 0.000003
4312 0.000003
4313 0.000003
4314 0.000003
4315 0.000003
4316 0.000003
4317 0.000003
4318 0.000003
4319 0.000003
4320 0.000003
4321 0.000003
4322 0.000003
4323 0.000003
4324 0.000003
4325 0.000003
4326 0.000003
4327 0.000003
4328 0.000003
4329 0.000002
4330 0.000002
4331 0.000002
4332 0.000002
4333 0.000002
4334 0.000002
4335 0.000002
4336 0.000002
4337 0.000002
4338 0.000002
4339 0.000002
4340 0.000002
4341 0.000002
4342 0.000002
4343 0.000002
4344 0.000002
4345 0.000002
4346 0.000002
4347 0.000002
4348 0.000002
4349 0.000002
4350 0.000002
4351 0.000002
4352 0.000002
4353 0.000002
4354 0.000002
4355 0.000002
4356 0.000002
4357 0.000002
4358 0.000002
4359 0.000002
4360 0.000002
4361 0.000002
4362 0.000002
4363 0.000002
4364 0.000002
4365 0.000002
4366 0.000002
4367 0.000002
4368 0.000002
4369 0.000002
4370 0.000002
4371 0.000002
4372 0.000002
4373 0.000002
4374 0.000002
4375 0.000002
4376 0.000002
4377 0.000002
4378 0.000002
4379 0.000002
4380 0.000002
4381 0.000002
4382 0.000002
4383 0.000002
4384 0.000001
4385 0.000001
4386 0.000001
4387 0.000001
4388 0.000001
4389 0.000001
4390 0.000001
4391 0.000001
4392 0.000001
4393 0.000001
4394 0.000001
4395 0.000001
4396 0.000001
4397 0.000001
4398 0.000001
4399 0.000001
4400 0.000001
4401 0.000001
4402 0.000001
4403 0.000001
4404 0.000001
4405 0.000001
4406 0.000001
4407 0.000001
4408 0.000001
4409 0.000001
4410 0.000001
4411 0.000001
4412 0.000001
4413 0.000001
4414 0.000001
4415 0.000001
4416 0.000001
4417 0.000001
4418 0.000001
4419 0.000001
4420 0.000001
4421 0.000001
4422 0.000001
4423 0.000001
4424 0.000001
4425 0.000001
4426 0.000001
4427 0.000001
4428 0.000001
4429 0.000001
4430 0.000001
4431 0.000001
4432 0.000001
4433 0.000001
4434 0.000001
4435 0.000001
4436 0.000001
4437 0.000001
4438 0.000001
4439 0.000001
4440 0.000001
