#ite residual of mtx/thermal2.mtx
1 40.530345
2 28.943486
3 28.773216
4 28.982550
5 28.918563
6 29.262021
7 29.007512
8 29.270630
9 29.140738
10 25.928114
11 16.330128
12 17.472715
13 16.790448
14 16.922868
15 16.908465
16 17.059268
17 17.017694
18 16.937792
19 16.042118
20 13.198579
21 11.072229
22 12.856871
23 11.627185
24 11.890178
25 12.003228
26 12.087221
27 12.180002
28 11.645332
29 10.488334
30 9.022694
31 9.228033
32 9.573452
33 9.165863
34 9.272760
35 9.386969
36 9.407016
37 9.305099
38 8.473419
39 7.623112
40 7.412690
41 7.858221
42 7.417479
43 7.664736
44 7.519305
45 7.702828
46 7.617942
47 7.257122
48 6.568240
49 6.211254
50 6.559402
51 6.522276
52 6.231507
53 6.604584
54 6.415074
55 6.510808
56 6.278506
57 5.790480
58 5.482654
59 5.489675
60 5.706764
61 5.454874
62 5.549268
63 5.609829
64 5.576182
65 5.458318
66 5.169755
67 4.876661
68 4.918671
69 5.001916
70 4.903802
71 4.878718
72 5.030177
73 4.884797
74 4.921576
75 4.613699
76 4.417915
77 4.356756
78 4.464102
79 4.426980
80 4.281584
81 4.462646
82 4.429407
83 4.305165
84 4.265776
85 4.008629
86 3.955804
87 4.001166
88 4.000915
89 3.925693
90 3.910579
91 4.043035
92 3.945230
93 3.883667
94 3.674243
95 3.586685
96 3.617704
97 3.657760
98 3.572259
99 3.572862
100 3.667339
101 3.588046
102 3.545767
103 3.442492
104 3.273110
105 3.329712
106 3.338915
107 3.329983
108 3.312058
109 3.367732
110 3.383254
111 3.241899
112 3.211461
113 3.080726
114 3.070291
115 3.105788
116 3.073218
117 3.060773
118 3.101499
119 3.126176
120 3.057470
121 2.972871
122 2.867603
123 2.843798
124 2.905859
125 2.867084
126 2.842704
127 2.850643
128 2.909913
129 2.854038
130 2.775514
131 2.737385
132 2.640816
133 2.688599
134 2.687157
135 2.646129
136 2.680347
137 2.709694
138 2.693692
139 2.612406
140 2.559772
141 2.517416
142 2.526650
143 2.560440
144 2.526682
145 2.533553
146 2.560112
147 2.547825
148 2.479526
149 2.430880
150 2.385532
151 2.360300
152 2.412164
153 2.370207
154 2.360935
155 2.410294
156 2.403606
157 2.354840
158 2.279693
159 2.274980
160 2.245999
161 2.244527
162 2.248408
163 2.201450
164 2.244062
165 2.266784
166 2.223857
167 2.176383
168 2.147059
169 2.125508
170 2.129187
171 2.141091
172 2.104767
173 2.138012
174 2.160497
175 2.124066
176 2.077409
177 2.035162
178 2.039267
179 2.010675
180 2.030733
181 2.013344
182 2.014618
183 2.056689
184 2.027446
185 1.987444
186 1.958084
187 1.940136
188 1.943072
189 1.950872
190 1.937413
191 1.934764
192 1.985432
193 1.969928
194 1.919196
195 1.886032
196 1.853585
197 1.845263
198 1.839576
199 1.856641
200 1.832798
201 1.863585
202 1.870132
203 1.816602
204 1.791843
205 1.777838
206 1.777299
207 1.784528
208 1.770546
209 1.768391
210 1.786235
211 1.799677
212 1.752114
213 1.719392
214 1.721950
215 1.712198
216 1.708664
217 1.701547
218 1.712487
219 1.707533
220 1.750750
221 1.719653
222 1.679753
223 1.664709
224 1.643632
225 1.636805
226 1.630853
227 1.632306
228 1.647078
229 1.647154
230 1.642359
231 1.600831
232 1.589399
233 1.584359
234 1.574378
235 1.582291
236 1.579307
237 1.584134
238 1.591339
239 1.599526
240 1.549452
241 1.547019
242 1.551104
243 1.548674
244 1.545931
245 1.543681
246 1.541850
247 1.544815
248 1.536128
249 1.515798
250 1.478083
251 1.496366
252 1.494453
253 1.503990
254 1.502650
255 1.484761
256 1.476538
257 1.467283
258 1.442474
259 1.418891
260 1.413706
261 1.419748
262 1.402576
263 1.396250
264 1.383569
265 1.371431
266 1.377123
267 1.364946
268 1.336173
269 1.313924
270 1.320415
271 1.295711
272 1.295706
273 1.294668
274 1.291084
275 1.287530
276 1.272015
277 1.251720
278 1.236812
279 1.240121
280 1.236104
281 1.223047
282 1.229792
283 1.226979
284 1.228101
285 1.221006
286 1.190332
287 1.170133
288 1.160201
289 1.159956
290 1.141580
291 1.150101
292 1.147445
293 1.149981
294 1.143295
295 1.123372
296 1.104824
297 1.097743
298 1.099468
299 1.085292
300 1.081830
301 1.085833
302 1.083321
303 1.083160
304 1.068256
305 1.047785
306 1.048871
307 1.050335
308 1.047550
309 1.044315
310 1.050756
311 1.036078
312 1.032603
313 1.014577
314 0.995376
315 0.991950
316 0.990036
317 0.984375
318 0.969936
319 0.978425
320 0.979753
321 0.979903
322 0.967222
323 0.945608
324 0.934197
325 0.936777
326 0.929953
327 0.928063
328 0.935664
329 0.944119
330 0.940205
331 0.936940
332 0.915947
333 0.905641
334 0.900552
335 0.896061
336 0.890874
337 0.884239
338 0.893278
339 0.888243
340 0.890222
341 0.882002
342 0.868794
343 0.862963
344 0.855536
345 0.840689
346 0.841152
347 0.841477
348 0.843901
349 0.833298
350 0.828019
351 0.815218
352 0.814969
353 0.814453
354 0.809431
355 0.806637
356 0.810019
357 0.813996
358 0.802714
359 0.796018
360 0.781192
361 0.778271
362 0.781544
363 0.778025
364 0.780592
365 0.784569
366 0.777667
367 0.771402
368 0.756150
369 0.749936
370 0.736805
371 0.742204
372 0.735895
373 0.728023
374 0.728370
375 0.730497
376 0.728493
377 0.720045
378 0.711631
379 0.699976
380 0.703854
381 0.702585
382 0.698696
383 0.702734
384 0.706971
385 0.702930
386 0.696663
387 0.683579
388 0.677351
389 0.668854
390 0.672399
391 0.663326
392 0.666671
393 0.674465
394 0.674381
395 0.665037
396 0.652391
397 0.642571
398 0.638420
399 0.636291
400 0.629623
401 0.629149
402 0.634324
403 0.637569
404 0.633207
405 0.625800
406 0.616844
407 0.611842
408 0.606083
409 0.605821
410 0.596424
411 0.604553
412 0.603584
413 0.598332
414 0.591181
415 0.584965
416 0.580918
417 0.580119
418 0.578934
419 0.577212
420 0.579559
421 0.581982
422 0.575698
423 0.564898
424 0.557329
425 0.550855
426 0.549475
427 0.547020
428 0.544677
429 0.539851
430 0.547273
431 0.542306
432 0.541012
433 0.535339
434 0.529850
435 0.524660
436 0.521438
437 0.518024
438 0.516604
439 0.520212
440 0.523545
441 0.512560
442 0.506887
443 0.500061
444 0.494819
445 0.493200
446 0.487584
447 0.485413
448 0.484614
449 0.485783
450 0.476625
451 0.473803
452 0.467587
453 0.466819
454 0.467347
455 0.465657
456 0.461821
457 0.459911
458 0.458408
459 0.453454
460 0.446436
461 0.444209
462 0.438250
463 0.434800
464 0.432572
465 0.428360
466 0.429443
467 0.431030
468 0.430399
469 0.425896
470 0.424975
471 0.418243
472 0.415472
473 0.409157
474 0.406194
475 0.407906
476 0.413115
477 0.410034
478 0.401454
479 0.392839
480 0.388354
481 0.381416
482 0.381228
483 0.377393
484 0.375536
485 0.375885
486 0.373189
487 0.369027
488 0.362716
489 0.360635
490 0.356261
491 0.354526
492 0.351926
493 0.351783
494 0.351273
495 0.351897
496 0.346373
497 0.341122
498 0.338354
499 0.335495
500 0.330548
501 0.328802
502 0.323631
503 0.322170
504 0.319151
505 0.317791
506 0.312966
507 0.312849
508 0.310203
509 0.307788
510 0.305273
511 0.304356
512 0.302650
513 0.303917
514 0.302392
515 0.298258
516 0.297145
517 0.294437
518 0.294027
519 0.292567
520 0.294480
521 0.291822
522 0.294086
523 0.289461
524 0.286494
525 0.282762
526 0.282666
527 0.279958
528 0.277496
529 0.276923
530 0.276484
531 0.279413
532 0.279277
533 0.276002
534 0.273850
535 0.272897
536 0.268682
537 0.265169
538 0.262700
539 0.262636
540 0.262083
541 0.262534
542 0.258235
543 0.257899
544 0.256923
545 0.256315
546 0.254398
547 0.253038
548 0.253959
549 0.252181
550 0.251539
551 0.247253
552 0.244977
553 0.243074
554 0.241785
555 0.238966
556 0.239624
557 0.240338
558 0.240949
559 0.240556
560 0.237666
561 0.232980
562 0.231689
563 0.230282
564 0.228899
565 0.227935
566 0.229211
567 0.228493
568 0.225896
569 0.224214
570 0.220605
571 0.220190
572 0.219585
573 0.217760
574 0.215443
575 0.213951
576 0.213659
577 0.212918
578 0.211162
579 0.209425
580 0.207367
581 0.208341
582 0.207924
583 0.206915
584 0.204769
585 0.203358
586 0.201396
587 0.200005
588 0.197958
589 0.195106
590 0.195632
591 0.194503
592 0.192881
593 0.191560
594 0.190966
595 0.190883
596 0.190778
597 0.189886
598 0.187483
599 0.184045
600 0.182751
601 0.179063
602 0.178333
603 0.178431
604 0.178318
605 0.177337
606 0.175351
607 0.172972
608 0.170855
609 0.170431
610 0.169080
611 0.168819
612 0.169585
613 0.169706
614 0.167702
615 0.165094
616 0.162518
617 0.160303
618 0.159149
619 0.158396
620 0.156408
621 0.156985
622 0.156430
623 0.155961
624 0.154355
625 0.152421
626 0.150768
627 0.149535
628 0.148642
629 0.146880
630 0.146411
631 0.146460
632 0.145273
633 0.143427
634 0.141859
635 0.139768
636 0.138524
637 0.137332
638 0.135803
639 0.134606
640 0.135247
641 0.134388
642 0.134214
643 0.133326
644 0.133081
645 0.132129
646 0.130133
647 0.128020
648 0.126594
649 0.126684
650 0.126165
651 0.124747
652 0.123612
653 0.121370
654 0.119542
655 0.118624
656 0.117129
657 0.115733
658 0.115326
659 0.115353
660 0.113792
661 0.113495
662 0.112578
663 0.112240
664 0.111263
665 0.109947
666 0.108478
667 0.107524
668 0.107238
669 0.106292
670 0.105200
671 0.104187
672 0.102763
673 0.101903
674 0.100483
675 0.098993
676 0.098227
677 0.098023
678 0.097796
679 0.096731
680 0.096107
681 0.094582
682 0.093691
683 0.092484
684 0.091714
685 0.090287
686 0.089686
687 0.089125
688 0.087858
689 0.086827
690 0.085819
691 0.085099
692 0.084711
693 0.084005
694 0.083876
695 0.084555
696 0.083918
697 0.081873
698 0.079990
699 0.079158
700 0.078177
701 0.077700
702 0.077026
703 0.076669
704 0.076144
705 0.075753
706 0.074682
707 0.073512
708 0.072617
709 0.071493
710 0.070966
711 0.070593
712 0.069711
713 0.069369
714 0.069112
715 0.068376
716 0.067310
717 0.066337
718 0.065383
719 0.064194
720 0.063708
721 0.062949
722 0.062869
723 0.062747
724 0.062268
725 0.061393
726 0.061029
727 0.060646
728 0.059797
729 0.059144
730 0.058255
731 0.057656
732 0.057266
733 0.056564
734 0.055811
735 0.055246
736 0.054738
737 0.054504
738 0.054270
739 0.054298
740 0.053757
741 0.053505
742 0.052751
743 0.051819
744 0.051082
745 0.050769
746 0.050148
747 0.049597
748 0.049187
749 0.048909
750 0.048983
751 0.048763
752 0.048251
753 0.047683
754 0.047352
755 0.047148
756 0.046849
757 0.046631
758 0.046378
759 0.045817
760 0.045704
761 0.044782
762 0.044293
763 0.043880
764 0.043643
765 0.043352
766 0.043050
767 0.042570
768 0.041920
769 0.041493
770 0.040942
771 0.040171
772 0.039549
773 0.039286
774 0.038797
775 0.038353
776 0.037994
777 0.037843
778 0.037726
779 0.037730
780 0.037309
781 0.037093
782 0.036434
783 0.035765
784 0.035004
785 0.034529
786 0.034304
787 0.034060
788 0.033968
789 0.033610
790 0.033297
791 0.033102
792 0.032641
793 0.031992
794 0.031474
795 0.031168
796 0.030953
797 0.030908
798 0.030741
799 0.030324
800 0.029967
801 0.029390
802 0.028854
803 0.028389
804 0.028172
805 0.028089
806 0.028074
807 0.027954
808 0.027342
809 0.026733
810 0.026426
811 0.026017
812 0.025816
813 0.025737
814 0.025824
815 0.025689
816 0.025235
817 0.024562
818 0.023976
819 0.023681
820 0.023302
821 0.022918
822 0.022704
823 0.022537
824 0.022437
825 0.022283
826 0.022057
827 0.021714
828 0.021432
829 0.021114
830 0.020678
831 0.020432
832 0.020148
833 0.020087
834 0.019925
835 0.019717
836 0.019417
837 0.019189
838 0.018994
839 0.018745
840 0.018515
841 0.018273
842 0.018126
843 0.017881
844 0.017572
845 0.017216
846 0.017012
847 0.016854
848 0.016584
849 0.016461
850 0.016495
851 0.016317
852 0.016106
853 0.015758
854 0.015480
855 0.015223
856 0.015087
857 0.014853
858 0.014597
859 0.014459
860 0.014276
861 0.014199
862 0.014055
863 0.013886
864 0.013676
865 0.013518
866 0.013330
867 0.013112
868 0.012990
869 0.012875
870 0.012691
871 0.012564
872 0.012350
873 0.012173
874 0.011955
875 0.011768
876 0.011574
877 0.011460
878 0.011403
879 0.011344
880 0.011254
881 0.011046
882 0.010840
883 0.010637
884 0.010445
885 0.010223
886 0.010108
887 0.010019
888 0.009896
889 0.009757
890 0.009591
891 0.009422
892 0.009320
893 0.009168
894 0.009041
895 0.008948
896 0.008859
897 0.008784
898 0.008701
899 0.008640
900 0.008496
901 0.008354
902 0.008147
903 0.007978
904 0.007825
905 0.007769
906 0.007656
907 0.007532
908 0.007451
909 0.007351
910 0.007283
911 0.007237
912 0.007171
913 0.007074
914 0.006934
915 0.006816
916 0.006669
917 0.006534
918 0.006433
919 0.006331
920 0.006282
921 0.006200
922 0.006139
923 0.006057
924 0.005968
925 0.005864
926 0.005780
927 0.005699
928 0.005599
929 0.005515
930 0.005448
931 0.005344
932 0.005269
933 0.005194
934 0.005130
935 0.005028
936 0.004965
937 0.004873
938 0.004795
939 0.004741
940 0.004638
941 0.004577
942 0.004551
943 0.004538
944 0.004490
945 0.004423
946 0.004338
947 0.004245
948 0.004161
949 0.004094
950 0.004019
951 0.003995
952 0.003959
953 0.003912
954 0.003849
955 0.003804
956 0.003738
957 0.003695
958 0.003657
959 0.003616
960 0.003573
961 0.003514
962 0.003446
963 0.003385
964 0.003339
965 0.003280
966 0.003229
967 0.003194
968 0.003159
969 0.003126
970 0.003115
971 0.003078
972 0.003036
973 0.002989
974 0.002951
975 0.002913
976 0.002874
977 0.002822
978 0.002779
979 0.002763
980 0.002739
981 0.002704
982 0.002670
983 0.002645
984 0.002611
985 0.002572
986 0.002539
987 0.002508
988 0.002488
989 0.002467
990 0.002424
991 0.002394
992 0.002357
993 0.002326
994 0.002281
995 0.002249
996 0.002216
997 0.002188
998 0.002165
999 0.002138
1000 0.002114
1001 0.002089
1002 0.002063
1003 0.002037
1004 0.002007
1005 0.001971
1006 0.001933
1007 0.001907
1008 0.001872
1009 0.001836
1010 0.001814
1011 0.001785
1012 0.001752
1013 0.001708
1014 0.001672
1015 0.001632
1016 0.001599
1017 0.001589
1018 0.001540
1019 0.001532
1020 0.001499
1021 0.001486
1022 0.001462
1023 0.001449
1024 0.001426
1025 0.001409
1026 0.001390
1027 0.001365
1028 0.001352
1029 0.001333
1030 0.001306
1031 0.001270
1032 0.001254
1033 0.001236
1034 0.001232
1035 0.001218
1036 0.001219
1037 0.001202
1038 0.001193
1039 0.001157
1040 0.001137
1041 0.001107
1042 0.001090
1043 0.001071
1044 0.001067
1045 0.001056
1046 0.001051
1047 0.001039
1048 0.001023
1049 0.001001
1050 0.000982
1051 0.000966
1052 0.000956
1053 0.000949
1054 0.000939
1055 0.000924
1056 0.000904
1057 0.000891
1058 0.000872
1059 0.000865
1060 0.000851
1061 0.000842
1062 0.000830
1063 0.000822
1064 0.000811
1065 0.000802
1066 0.000792
1067 0.000780
1068 0.000769
1069 0.000762
1070 0.000755
1071 0.000749
1072 0.000742
1073 0.000733
1074 0.000722
1075 0.000713
1076 0.000700
1077 0.000685
1078 0.000675
1079 0.000666
1080 0.000660
1081 0.000651
1082 0.000644
1083 0.000634
1084 0.000625
1085 0.000617
1086 0.000608
1087 0.000599
1088 0.000592
1089 0.000582
1090 0.000577
1091 0.000572
1092 0.000569
1093 0.000564
1094 0.000556
1095 0.000543
1096 0.000531
1097 0.000521
1098 0.000513
1099 0.000507
1100 0.000499
1101 0.000491
1102 0.000483
1103 0.000477
1104 0.000468
1105 0.000460
1106 0.000452
1107 0.000445
1108 0.000437
1109 0.000433
1110 0.000425
1111 0.000420
1112 0.000412
1113 0.000405
1114 0.000394
1115 0.000388
1116 0.000381
1117 0.000374
1118 0.000369
1119 0.000363
1120 0.000359
1121 0.000354
1122 0.000348
1123 0.000338
1124 0.000330
1125 0.000322
1126 0.000316
1127 0.000309
1128 0.000304
1129 0.000296
1130 0.000293
1131 0.000287
1132 0.000282
1133 0.000279
1134 0.000278
1135 0.000274
1136 0.000268
1137 0.000261
1138 0.000256
1139 0.000252
1140 0.000250
1141 0.000247
1142 0.000244
1143 0.000242
1144 0.000239
1145 0.000234
1146 0.000230
1147 0.000226
1148 0.000223
1149 0.000220
1150 0.000215
1151 0.000212
1152 0.000208
1153 0.000206
1154 0.000202
1155 0.000200
1156 0.000195
1157 0.000192
1158 0.000187
1159 0.000184
1160 0.000179
1161 0.000176
1162 0.000173
1163 0.000172
1164 0.000168
1165 0.000166
1166 0.000161
1167 0.000158
1168 0.000156
1169 0.000153
1170 0.000150
1171 0.000148
1172 0.000146
1173 0.000143
1174 0.000140
1175 0.000136
1176 0.000134
1177 0.000131
1178 0.000129
1179 0.000126
1180 0.000124
1181 0.000122
1182 0.000119
1183 0.000117
1184 0.000114
1185 0.000112
1186 0.000109
1187 0.000107
1188 0.000104
1189 0.000103
1190 0.000101
1191 0.000099
1192 0.000097
1193 0.000096
1194 0.000094
1195 0.000092
1196 0.000089
1197 0.000087
1198 0.000085
1199 0.000083
1200 0.000082
1201 0.000080
1202 0.000079
1203 0.000077
1204 0.000075
1205 0.000072
1206 0.000070
1207 0.000069
1208 0.000067
1209 0.000066
1210 0.000065
1211 0.000063
1212 0.000062
1213 0.000061
1214 0.000060
1215 0.000057
1216 0.000056
1217 0.000054
1218 0.000053
1219 0.000052
1220 0.000051
1221 0.000049
1222 0.000048
1223 0.000047
1224 0.000046
1225 0.000045
1226 0.000043
1227 0.000042
1228 0.000041
1229 0.000040
1230 0.000039
1231 0.000038
1232 0.000037
1233 0.000036
1234 0.000035
1235 0.000034
1236 0.000033
1237 0.000032
1238 0.000031
1239 0.000030
1240 0.000029
1241 0.000029
1242 0.000028
1243 0.000027
1244 0.000027
1245 0.000026
1246 0.000026
1247 0.000025
1248 0.000025
1249 0.000024
1250 0.000023
1251 0.000023
1252 0.000022
1253 0.000022
1254 0.000021
1255 0.000021
1256 0.000020
1257 0.000020
1258 0.000020
1259 0.000020
1260 0.000019
1261 0.000019
1262 0.000018
1263 0.000018
1264 0.000018
1265 0.000017
1266 0.000017
1267 0.000017
1268 0.000016
1269 0.000016
1270 0.000015
1271 0.000015
1272 0.000014
1273 0.000014
1274 0.000014
1275 0.000014
1276 0.000013
1277 0.000013
1278 0.000013
1279 0.000012
1280 0.000012
1281 0.000012
1282 0.000012
1283 0.000011
1284 0.000011
1285 0.000011
1286 0.000011
1287 0.000011
1288 0.000010
1289 0.000010
1290 0.000010
1291 0.000010
1292 0.000009
1293 0.000009
1294 0.000009
1295 0.000009
1296 0.000009
1297 0.000009
1298 0.000008
1299 0.000008
1300 0.000008
1301 0.000008
1302 0.000008
1303 0.000008
1304 0.000008
1305 0.000007
1306 0.000007
1307 0.000007
1308 0.000007
1309 0.000007
1310 0.000007
1311 0.000007
1312 0.000007
1313 0.000007
1314 0.000007
1315 0.000006
1316 0.000006
1317 0.000006
1318 0.000006
1319 0.000006
1320 0.000006
1321 0.000006
1322 0.000006
1323 0.000006
1324 0.000006
1325 0.000006
1326 0.000006
1327 0.000006
1328 0.000005
1329 0.000005
1330 0.000005
1331 0.000005
1332 0.000005
1333 0.000005
1334 0.000005
1335 0.000005
1336 0.000005
1337 0.000005
1338 0.000005
1339 0.000005
1340 0.000005
1341 0.000005
1342 0.000005
1343 0.000005
1344 0.000005
1345 0.000005
1346 0.000005
1347 0.000005
1348 0.000005
1349 0.000005
1350 0.000005
1351 0.000005
1352 0.000005
1353 0.000005
1354 0.000006
1355 0.000006
1356 0.000006
1357 0.000006
1358 0.000006
1359 0.000006
1360 0.000006
1361 0.000006
1362 0.000006
1363 0.000006
1364 0.000006
1365 0.000006
1366 0.000007
1367 0.000007
1368 0.000007
1369 0.000007
1370 0.000007
1371 0.000007
1372 0.000007
1373 0.000007
1374 0.000007
1375 0.000008
1376 0.000008
1377 0.000008
1378 0.000008
1379 0.000008
1380 0.000008
1381 0.000008
1382 0.000008
1383 0.000008
1384 0.000009
1385 0.000009
1386 0.000009
1387 0.000009
1388 0.000009
1389 0.000009
1390 0.000009
1391 0.000009
1392 0.000009
1393 0.000009
1394 0.000009
1395 0.000009
1396 0.000009
1397 0.000009
1398 0.000009
1399 0.000009
1400 0.000009
1401 0.000009
1402 0.000009
1403 0.000009
1404 0.000009
1405 0.000009
1406 0.000009
1407 0.000009
1408 0.000009
1409 0.000009
1410 0.000009
1411 0.000009
1412 0.000009
1413 0.000009
1414 0.000008
1415 0.000008
1416 0.000008
1417 0.000008
1418 0.000008
1419 0.000008
1420 0.000008
1421 0.000008
1422 0.000007
1423 0.000007
1424 0.000007
1425 0.000007
1426 0.000007
1427 0.000007
1428 0.000007
1429 0.000006
1430 0.000006
1431 0.000006
1432 0.000006
1433 0.000006
1434 0.000006
1435 0.000006
1436 0.000005
1437 0.000005
1438 0.000005
1439 0.000005
1440 0.000005
1441 0.000005
1442 0.000004
1443 0.000004
1444 0.000004
1445 0.000004
1446 0.000004
1447 0.000004
1448 0.000004
1449 0.000004
1450 0.000004
1451 0.000003
1452 0.000003
1453 0.000003
1454 0.000003
1455 0.000003
1456 0.000003
1457 0.000003
1458 0.000003
1459 0.000003
1460 0.000003
1461 0.000003
1462 0.000002
1463 0.000002
1464 0.000002
1465 0.000002
1466 0.000002
1467 0.000002
1468 0.000002
1469 0.000002
1470 0.000002
1471 0.000002
1472 0.000002
1473 0.000002
1474 0.000002
1475 0.000002
1476 0.000002
1477 0.000002
1478 0.000002
1479 0.000002
1480 0.000002
1481 0.000002
1482 0.000002
1483 0.000002
1484 0.000002
1485 0.000002
1486 0.000002
1487 0.000002
1488 0.000002
1489 0.000002
1490 0.000002
1491 0.000002
1492 0.000002
1493 0.000002
1494 0.000002
1495 0.000002
1496 0.000002
1497 0.000002
1498 0.000002
1499 0.000002
1500 0.000002
1501 0.000002
1502 0.000002
1503 0.000002
1504 0.000002
1505 0.000002
1506 0.000002
1507 0.000002
1508 0.000002
1509 0.000002
1510 0.000002
1511 0.000002
1512 0.000002
1513 0.000002
1514 0.000002
1515 0.000002
1516 0.000002
1517 0.000002
1518 0.000002
1519 0.000003
1520 0.000003
1521 0.000003
1522 0.000003
1523 0.000003
1524 0.000003
1525 0.000003
1526 0.000003
1527 0.000003
1528 0.000003
1529 0.000003
1530 0.000003
1531 0.000003
1532 0.000003
1533 0.000003
1534 0.000003
1535 0.000003
1536 0.000003
1537 0.000003
1538 0.000003
1539 0.000003
1540 0.000003
1541 0.000003
1542 0.000003
1543 0.000003
1544 0.000003
1545 0.000003
1546 0.000002
1547 0.000002
1548 0.000002
1549 0.000002
1550 0.000002
1551 0.000002
1552 0.000002
1553 0.000002
1554 0.000002
1555 0.000002
1556 0.000002
1557 0.000002
1558 0.000002
1559 0.000002
1560 0.000002
1561 0.000002
1562 0.000002
1563 0.000001
1564 0.000001
1565 0.000001
1566 0.000001
1567 0.000001
1568 0.000001
1569 0.000001
1570 0.000001
1571 0.000001
1572 0.000001
1573 0.000001
1574 0.000001
1575 0.000001
1576 0.000001
1577 0.000001
1578 0.000001
1579 0.000001
1580 0.000001
1581 0.000001
1582 0.000001
1583 0.000001
1584 0.000001
1585 0.000001
1586 0.000002
1587 0.000002
1588 0.000002
1589 0.000002
1590 0.000002
1591 0.000002
1592 0.000002
1593 0.000002
1594 0.000002
1595 0.000002
1596 0.000002
1597 0.000003
1598 0.000003
1599 0.000003
1600 0.000003
1601 0.000003
1602 0.000003
1603 0.000003
1604 0.000003
1605 0.000003
1606 0.000003
1607 0.000003
1608 0.000003
1609 0.000003
1610 0.000003
1611 0.000003
1612 0.000003
1613 0.000003
1614 0.000002
1615 0.000002
1616 0.000002
1617 0.000002
1618 0.000002
1619 0.000002
1620 0.000002
1621 0.000001
1622 0.000001
1623 0.000001
1624 0.000001
1625 0.000001
1626 0.000001
