#ite residual of mtx/G3_circuit.mtx
1 10.445805
2 6.745768
3 6.222215
4 6.043429
5 5.831050
6 5.162668
7 5.175113
8 4.483190
9 3.858796
10 3.466646
11 2.588873
12 1.722310
13 1.582343
14 1.497744
15 1.422989
16 2.414878
17 2.151889
18 1.904315
19 1.800392
20 1.848654
21 1.281926
22 1.215139
23 0.984386
24 1.017780
25 1.123377
26 1.350668
27 1.354716
28 1.328165
29 1.380953
30 1.234197
31 1.230790
32 1.247022
33 1.160769
34 1.214233
35 1.336431
36 1.465975
37 1.631124
38 1.290600
39 1.099845
40 0.980165
41 0.816895
42 0.739721
43 0.667842
44 0.602861
45 0.526916
46 0.555196
47 0.613511
48 0.588730
49 0.565444
50 0.448803
51 0.461923
52 0.443133
53 0.452556
54 0.439169
55 0.425445
56 0.421222
57 0.428838
58 0.495369
59 0.443234
60 0.380142
61 0.341734
62 0.308780
63 0.346248
64 0.358708
65 0.355996
66 0.357887
67 0.356104
68 0.361847
69 0.320285
70 0.303372
71 0.262630
72 0.254443
73 0.262026
74 0.248980
75 0.223487
76 0.196157
77 0.176973
78 0.177874
79 0.156245
80 0.151049
81 0.153596
82 0.147375
83 0.145029
84 0.138120
85 0.149905
86 0.154264
87 0.162333
88 0.162785
89 0.145838
90 0.138252
91 0.134357
92 0.117900
93 0.110966
94 0.100650
95 0.096484
96 0.096467
97 0.089683
98 0.089790
99 0.087298
100 0.081775
101 0.087564
102 0.092698
103 0.100270
104 0.107185
105 0.100872
106 0.106618
107 0.102118
108 0.112992
109 0.110895
110 0.112649
111 0.117652
112 0.121813
113 0.119612
114 0.123829
115 0.119553
116 0.123858
117 0.128115
118 0.134404
119 0.127240
120 0.116126
121 0.115545
122 0.121847
123 0.116745
124 0.118733
125 0.116392
126 0.112197
127 0.118933
128 0.120389
129 0.112555
130 0.113543
131 0.117584
132 0.119169
133 0.119336
134 0.119160
135 0.117429
136 0.105777
137 0.101350
138 0.095793
139 0.087743
140 0.083368
141 0.080761
142 0.076911
143 0.077159
144 0.078200
145 0.081048
146 0.078985
147 0.075006
148 0.079807
149 0.081426
150 0.079189
151 0.083221
152 0.080699
153 0.076825
154 0.074508
155 0.073406
156 0.072890
157 0.070795
158 0.071155
159 0.071038
160 0.071056
161 0.070619
162 0.071370
163 0.074945
164 0.079804
165 0.076835
166 0.072833
167 0.071391
168 0.070207
169 0.071652
170 0.075112
171 0.078783
172 0.083859
173 0.080836
174 0.086337
175 0.089783
176 0.088988
177 0.088011
178 0.094136
179 0.089473
180 0.089700
181 0.086964
182 0.089495
183 0.084150
184 0.082626
185 0.083857
186 0.084247
187 0.085652
188 0.079367
189 0.077756
190 0.079977
191 0.080905
192 0.083466
193 0.085190
194 0.077500
195 0.075739
196 0.068315
197 0.067053
198 0.066548
199 0.063295
200 0.066219
201 0.067791
202 0.068917
203 0.066234
204 0.061456
205 0.062189
206 0.059822
207 0.057769
208 0.057777
209 0.055483
210 0.052004
211 0.054356
212 0.054319
213 0.053453
214 0.052111
215 0.053444
216 0.053323
217 0.053169
218 0.051023
219 0.051610
220 0.049916
221 0.050783
222 0.050841
223 0.050098
224 0.049178
225 0.046101
226 0.046146
227 0.045730
228 0.045618
229 0.045761
230 0.046433
231 0.045700
232 0.045141
233 0.045943
234 0.046458
235 0.046234
236 0.043870
237 0.043470
238 0.044772
239 0.043971
240 0.043295
241 0.043328
242 0.043721
243 0.043741
244 0.042412
245 0.040929
246 0.040502
247 0.038857
248 0.039928
249 0.042839
250 0.042902
251 0.044353
252 0.045167
253 0.044547
254 0.043408
255 0.042317
256 0.040667
257 0.040171
258 0.038339
259 0.040307
260 0.039356
261 0.040014
262 0.038033
263 0.037525
264 0.036228
265 0.036248
266 0.035700
267 0.035908
268 0.033736
269 0.034726
270 0.034046
271 0.035126
272 0.033549
273 0.032788
274 0.031167
275 0.031416
276 0.030152
277 0.028817
278 0.028209
279 0.027968
280 0.028002
281 0.028119
282 0.027743
283 0.025993
284 0.024680
285 0.023692
286 0.023716
287 0.022371
288 0.021279
289 0.020937
290 0.020988
291 0.020592
292 0.021243
293 0.019986
294 0.019356
295 0.019997
296 0.020197
297 0.019872
298 0.019257
299 0.018377
300 0.018478
301 0.017584
302 0.016645
303 0.016039
304 0.015317
305 0.014649
306 0.015408
307 0.014714
308 0.014959
309 0.015137
310 0.014970
311 0.014820
312 0.014563
313 0.014500
314 0.013897
315 0.013554
316 0.013878
317 0.013747
318 0.013515
319 0.013703
320 0.013717
321 0.013324
322 0.012772
323 0.012471
324 0.012414
325 0.012098
326 0.011876
327 0.011838
328 0.011835
329 0.011630
330 0.011507
331 0.010783
332 0.010758
333 0.010616
334 0.010770
335 0.010552
336 0.010298
337 0.010428
338 0.010114
339 0.010258
340 0.010170
341 0.009936
342 0.009784
343 0.009505
344 0.009378
345 0.009150
346 0.008692
347 0.008336
348 0.007989
349 0.007944
350 0.007951
351 0.007813
352 0.007644
353 0.007524
354 0.007611
355 0.007446
356 0.007312
357 0.006982
358 0.007054
359 0.007015
360 0.007089
361 0.006729
362 0.006609
363 0.006358
364 0.006233
365 0.006116
366 0.006100
367 0.006056
368 0.005899
369 0.005734
370 0.005649
371 0.005390
372 0.005229
373 0.005011
374 0.004952
375 0.004982
376 0.004947
377 0.004961
378 0.004900
379 0.004642
380 0.004576
381 0.004413
382 0.004195
383 0.004135
384 0.004166
385 0.004169
386 0.004245
387 0.004249
388 0.004207
389 0.004183
390 0.004039
391 0.004047
392 0.003966
393 0.003986
394 0.003903
395 0.003881
396 0.003878
397 0.003809
398 0.003752
399 0.003777
400 0.003710
401 0.003830
402 0.003774
403 0.003712
404 0.003547
405 0.003371
406 0.003364
407 0.003362
408 0.003230
409 0.003192
410 0.003155
411 0.003177
412 0.003219
413 0.003117
414 0.003100
415 0.003008
416 0.002963
417 0.002963
418 0.002896
419 0.002971
420 0.002858
421 0.002850
422 0.002936
423 0.002851
424 0.002732
425 0.002638
426 0.002613
427 0.002644
428 0.002529
429 0.002448
430 0.002311
431 0.002348
432 0.002312
433 0.002299
434 0.002401
435 0.002432
436 0.002463
437 0.002452
438 0.002355
439 0.002268
440 0.002183
441 0.002120
442 0.002094
443 0.002090
444 0.002087
445 0.002043
446 0.001954
447 0.001934
448 0.001931
449 0.001915
450 0.001912
451 0.001885
452 0.001802
453 0.001735
454 0.001700
455 0.001640
456 0.001592
457 0.001531
458 0.001535
459 0.001539
460 0.001525
461 0.001516
462 0.001455
463 0.001441
464 0.001470
465 0.001429
466 0.001447
467 0.001407
468 0.001324
469 0.001295
470 0.001234
471 0.001209
472 0.001162
473 0.001174
474 0.001167
475 0.001164
476 0.001121
477 0.001049
478 0.001045
479 0.001012
480 0.000983
481 0.001003
482 0.000981
483 0.000954
484 0.000918
485 0.000855
486 0.000852
487 0.000801
488 0.000752
489 0.000734
490 0.000709
491 0.000699
492 0.000685
493 0.000660
494 0.000658
495 0.000631
496 0.000608
497 0.000593
498 0.000563
499 0.000526
500 0.000497
501 0.000460
502 0.000456
503 0.000430
504 0.000410
505 0.000407
506 0.000393
507 0.000408
508 0.000402
509 0.000403
510 0.000394
511 0.000386
512 0.000380
513 0.000368
514 0.000342
515 0.000324
516 0.000314
517 0.000314
518 0.000308
519 0.000299
520 0.000286
521 0.000284
522 0.000285
523 0.000280
524 0.000272
525 0.000260
526 0.000249
527 0.000238
528 0.000230
529 0.000219
530 0.000217
531 0.000208
532 0.000208
533 0.000204
534 0.000198
535 0.000194
536 0.000184
537 0.000180
538 0.000179
539 0.000178
540 0.000175
541 0.000171
542 0.000166
543 0.000163
544 0.000162
545 0.000161
546 0.000152
547 0.000152
548 0.000147
549 0.000143
550 0.000143
551 0.000143
552 0.000141
553 0.000143
554 0.000138
555 0.000133
556 0.000132
557 0.000124
558 0.000123
559 0.000127
560 0.000129
561 0.000130
562 0.000129
563 0.000127
564 0.000126
565 0.000126
566 0.000122
567 0.000125
568 0.000119
569 0.000114
570 0.000113
571 0.000111
572 0.000107
573 0.000105
574 0.000104
575 0.000101
576 0.000099
577 0.000096
578 0.000092
579 0.000092
580 0.000090
581 0.000090
582 0.000089
583 0.000087
584 0.000084
585 0.000085
586 0.000083
587 0.000084
588 0.000083
589 0.000083
590 0.000081
591 0.000081
592 0.000079
593 0.000078
594 0.000077
595 0.000077
596 0.000076
597 0.000077
598 0.000076
599 0.000074
600 0.000073
601 0.000074
602 0.000075
603 0.000074
604 0.000073
605 0.000074
606 0.000072
607 0.000074
608 0.000072
609 0.000071
610 0.000070
611 0.000071
612 0.000071
613 0.000069
614 0.000068
615 0.000068
616 0.000067
617 0.000067
618 0.000067
619 0.000067
620 0.000067
621 0.000067
622 0.000066
623 0.000066
624 0.000065
625 0.000064
626 0.000063
627 0.000062
628 0.000060
629 0.000060
630 0.000057
631 0.000057
632 0.000056
633 0.000055
634 0.000055
635 0.000054
636 0.000053
637 0.000052
638 0.000051
639 0.000052
640 0.000050
641 0.000051
642 0.000051
643 0.000051
644 0.000051
645 0.000049
646 0.000047
647 0.000047
648 0.000045
649 0.000044
650 0.000042
651 0.000041
652 0.000040
653 0.000040
654 0.000038
655 0.000038
656 0.000037
657 0.000036
658 0.000035
659 0.000035
660 0.000032
661 0.000032
662 0.000031
663 0.000029
664 0.000030
665 0.000029
666 0.000029
667 0.000029
668 0.000028
669 0.000029
670 0.000029
671 0.000028
672 0.000027
673 0.000027
674 0.000026
675 0.000025
676 0.000025
677 0.000025
678 0.000025
679 0.000024
680 0.000024
681 0.000025
682 0.000025
683 0.000026
684 0.000025
685 0.000025
686 0.000025
687 0.000025
688 0.000024
689 0.000024
690 0.000025
691 0.000024
692 0.000024
693 0.000023
694 0.000024
695 0.000023
696 0.000023
697 0.000023
698 0.000022
699 0.000022
700 0.000022
701 0.000022
702 0.000022
703 0.000022
704 0.000022
705 0.000022
706 0.000022
707 0.000022
708 0.000022
709 0.000022
710 0.000022
711 0.000021
712 0.000022
713 0.000022
714 0.000022
715 0.000022
716 0.000022
717 0.000022
718 0.000022
719 0.000021
720 0.000020
721 0.000020
722 0.000019
723 0.000020
724 0.000019
725 0.000019
726 0.000019
727 0.000019
728 0.000019
729 0.000019
730 0.000019
731 0.000019
732 0.000019
733 0.000018
734 0.000018
735 0.000018
736 0.000017
737 0.000017
738 0.000017
739 0.000017
740 0.000017
741 0.000016
742 0.000016
743 0.000016
744 0.000016
745 0.000015
746 0.000015
747 0.000015
748 0.000015
749 0.000014
750 0.000014
751 0.000014
752 0.000013
753 0.000013
754 0.000013
755 0.000012
756 0.000012
757 0.000012
758 0.000011
759 0.000011
760 0.000011
761 0.000010
762 0.000010
763 0.000010
764 0.000010
765 0.000010
766 0.000010
767 0.000009
768 0.000009
769 0.000009
770 0.000009
771 0.000009
772 0.000008
773 0.000008
774 0.000008
775 0.000008
776 0.000008
777 0.000008
778 0.000008
779 0.000008
780 0.000008
781 0.000007
782 0.000007
783 0.000007
784 0.000007
785 0.000006
786 0.000006
787 0.000006
788 0.000006
789 0.000006
790 0.000006
791 0.000006
792 0.000005
793 0.000005
794 0.000005
795 0.000005
796 0.000005
797 0.000005
798 0.000005
799 0.000005
800 0.000004
801 0.000004
802 0.000004
803 0.000004
804 0.000004
805 0.000004
806 0.000004
807 0.000004
808 0.000004
809 0.000004
810 0.000004
811 0.000004
812 0.000004
813 0.000004
814 0.000004
815 0.000004
816 0.000004
817 0.000004
818 0.000004
819 0.000004
820 0.000004
821 0.000004
822 0.000003
823 0.000003
824 0.000003
825 0.000003
826 0.000003
827 0.000003
828 0.000003
829 0.000003
830 0.000003
831 0.000003
832 0.000003
833 0.000003
834 0.000003
835 0.000003
836 0.000003
837 0.000003
838 0.000003
839 0.000003
840 0.000003
841 0.000003
842 0.000003
843 0.000003
844 0.000002
845 0.000002
846 0.000002
847 0.000002
848 0.000002
849 0.000002
850 0.000002
851 0.000002
852 0.000002
853 0.000002
854 0.000002
855 0.000002
856 0.000002
857 0.000002
858 0.000002
859 0.000002
860 0.000002
861 0.000002
862 0.000002
863 0.000002
864 0.000002
865 0.000002
866 0.000002
867 0.000002
868 0.000002
869 0.000002
870 0.000002
871 0.000002
872 0.000002
873 0.000002
874 0.000002
875 0.000002
876 0.000002
877 0.000002
878 0.000002
879 0.000002
880 0.000002
881 0.000002
882 0.000002
883 0.000002
884 0.000002
885 0.000002
886 0.000002
887 0.000002
888 0.000002
889 0.000002
890 0.000002
891 0.000002
892 0.000002
893 0.000002
894 0.000002
895 0.000002
896 0.000002
897 0.000002
898 0.000002
899 0.000002
900 0.000002
901 0.000002
902 0.000002
903 0.000002
904 0.000002
905 0.000002
906 0.000002
907 0.000002
908 0.000002
909 0.000002
910 0.000002
911 0.000002
912 0.000001
913 0.000001
914 0.000001
915 0.000001
916 0.000001
917 0.000001
918 0.000001
919 0.000001
920 0.000001
921 0.000001
922 0.000001
923 0.000001
924 0.000001
925 0.000001
926 0.000001
927 0.000001
928 0.000001
929 0.000001
930 0.000001
931 0.000001
932 0.000001
933 0.000001
