#ite residual of mtx/thermal1.mtx
1 22.415288
2 14.443479
3 16.811539
4 17.067840
5 17.141000
6 17.748733
7 17.761450
8 17.576481
9 18.196894
10 12.552160
11 10.290169
12 11.466168
13 11.275842
14 10.921963
15 11.369634
16 11.263111
17 10.793004
18 10.439479
19 8.332084
20 7.914679
21 8.503245
22 8.526791
23 8.188013
24 8.158243
25 8.429210
26 7.913839
27 7.641930
28 6.356477
29 6.503964
30 7.115326
31 6.924661
32 5.680719
33 4.286800
34 4.736904
35 4.354025
36 4.417174
37 3.975296
38 3.803253
39 3.974824
40 3.770738
41 3.524519
42 3.182707
43 3.248428
44 3.168204
45 3.062187
46 2.659304
47 2.696604
48 2.677332
49 2.611377
50 2.606299
51 2.533624
52 2.497756
53 2.399425
54 2.288540
55 1.973370
56 2.050075
57 2.047718
58 1.942561
59 2.040404
60 1.905838
61 1.855225
62 1.778738
63 1.608380
64 1.481717
65 1.479396
66 1.520274
67 1.436742
68 1.472797
69 1.422271
70 1.320519
71 1.346499
72 1.287342
73 1.203901
74 1.141389
75 1.223717
76 1.239704
77 1.211710
78 1.099582
79 1.048698
80 1.078005
81 1.047861
82 1.006770
83 0.946213
84 0.991971
85 0.970863
86 0.963828
87 0.848840
88 0.849020
89 0.866131
90 0.816677
91 0.788200
92 0.762444
93 0.781692
94 0.747107
95 0.712991
96 0.638931
97 0.653364
98 0.662374
99 0.632264
100 0.603118
101 0.598927
102 0.603843
103 0.605611
104 0.572799
105 0.525279
106 0.540978
107 0.523036
108 0.491381
109 0.470150
110 0.492820
111 0.500306
112 0.495229
113 0.460996
114 0.441710
115 0.452912
116 0.440441
117 0.434464
118 0.435462
119 0.465727
120 0.480481
121 0.482841
122 0.470741
123 0.474051
124 0.495990
125 0.514383
126 0.534252
127 0.557895
128 0.567484
129 0.549739
130 0.508527
131 0.461692
132 0.428560
133 0.419503
134 0.412650
135 0.420321
136 0.443078
137 0.439117
138 0.430559
139 0.379477
140 0.341016
141 0.317618
142 0.306518
143 0.301619
144 0.297466
145 0.293381
146 0.267986
147 0.261775
148 0.224410
149 0.198609
150 0.180036
151 0.169572
152 0.153883
153 0.135851
154 0.114032
155 0.093330
156 0.081526
157 0.062443
158 0.047883
159 0.035817
160 0.028051
161 0.021893
162 0.016882
163 0.014119
164 0.012650
165 0.013398
166 0.013338
167 0.012732
168 0.012118
169 0.011921
170 0.011830
171 0.011494
172 0.010322
173 0.009283
174 0.008493
175 0.007796
176 0.007317
177 0.007253
178 0.007154
179 0.006774
180 0.006402
181 0.005867
182 0.005456
183 0.005103
184 0.004734
185 0.004313
186 0.004017
187 0.003800
188 0.003494
189 0.003082
190 0.002704
191 0.002512
192 0.002425
193 0.002338
194 0.002237
195 0.002289
196 0.002292
197 0.002291
198 0.002223
199 0.002124
200 0.002220
201 0.002443
202 0.002579
203 0.002573
204 0.002430
205 0.002321
206 0.002360
207 0.002474
208 0.002659
209 0.002806
210 0.003002
211 0.003010
212 0.003006
213 0.002895
214 0.002719
215 0.002711
216 0.002623
217 0.002508
218 0.002334
219 0.002224
220 0.002035
221 0.001909
222 0.001698
223 0.001615
224 0.001647
225 0.001602
226 0.001570
227 0.001601
228 0.001752
229 0.001837
230 0.001871
231 0.001852
232 0.001897
233 0.001946
234 0.001863
235 0.001826
236 0.001807
237 0.001849
238 0.001907
239 0.001900
240 0.001824
241 0.001840
242 0.001888
243 0.001860
244 0.001814
245 0.001766
246 0.001775
247 0.001756
248 0.001687
249 0.001651
250 0.001670
251 0.001710
252 0.001652
253 0.001594
254 0.001510
255 0.001428
256 0.001389
257 0.001321
258 0.001293
259 0.001320
260 0.001362
261 0.001342
262 0.001370
263 0.001463
264 0.001586
265 0.001627
266 0.001565
267 0.001548
268 0.001551
269 0.001505
270 0.001475
271 0.001506
272 0.001483
273 0.001462
274 0.001424
275 0.001395
276 0.001348
277 0.001348
278 0.001306
279 0.001244
280 0.001182
281 0.001119
282 0.001109
283 0.001084
284 0.001045
285 0.001037
286 0.001025
287 0.000995
288 0.000919
289 0.000840
290 0.000777
291 0.000789
292 0.000796
293 0.000788
294 0.000776
295 0.000799
296 0.000810
297 0.000786
298 0.000760
299 0.000706
300 0.000678
301 0.000631
302 0.000605
303 0.000593
304 0.000585
305 0.000571
306 0.000558
307 0.000533
308 0.000533
309 0.000569
310 0.000575
311 0.000563
312 0.000579
313 0.000573
314 0.000552
315 0.000515
316 0.000497
317 0.000486
318 0.000472
319 0.000447
320 0.000425
321 0.000411
322 0.000393
323 0.000368
324 0.000339
325 0.000329
326 0.000319
327 0.000312
328 0.000300
329 0.000296
330 0.000303
331 0.000298
332 0.000292
333 0.000284
334 0.000275
335 0.000264
336 0.000253
337 0.000243
338 0.000231
339 0.000222
340 0.000210
341 0.000199
342 0.000186
343 0.000181
344 0.000175
345 0.000171
346 0.000157
347 0.000140
348 0.000128
349 0.000120
350 0.000113
351 0.000106
352 0.000102
353 0.000098
354 0.000094
355 0.000086
356 0.000079
357 0.000072
358 0.000068
359 0.000065
360 0.000062
361 0.000060
362 0.000060
363 0.000058
364 0.000056
365 0.000054
366 0.000052
367 0.000049
368 0.000046
369 0.000042
370 0.000040
371 0.000038
372 0.000035
373 0.000032
374 0.000031
375 0.000030
376 0.000029
377 0.000027
378 0.000025
379 0.000022
380 0.000020
381 0.000018
382 0.000017
383 0.000017
384 0.000016
385 0.000016
386 0.000016
387 0.000015
388 0.000015
389 0.000015
390 0.000015
391 0.000015
392 0.000015
393 0.000014
394 0.000014
395 0.000013
396 0.000012
397 0.000011
398 0.000011
399 0.000010
400 0.000010
401 0.000009
402 0.000009
403 0.000008
404 0.000008
405 0.000008
406 0.000008
407 0.000007
408 0.000007
409 0.000007
410 0.000007
411 0.000006
412 0.000006
413 0.000006
414 0.000006
415 0.000006
416 0.000006
417 0.000006
418 0.000005
419 0.000005
420 0.000005
421 0.000005
422 0.000004
423 0.000004
424 0.000004
425 0.000004
426 0.000003
427 0.000003
428 0.000003
429 0.000003
430 0.000003
431 0.000002
432 0.000002
433 0.000002
434 0.000002
435 0.000002
436 0.000002
437 0.000002
438 0.000002
439 0.000001
440 0.000001
441 0.000001
442 0.000001
443 0.000001
444 0.000001
445 0.000001
