#ite residual of mtx/G3_circuit.mtx
1 10.828474
2 7.638649
3 9.936005
4 13.095852
5 11.127673
6 9.466878
7 12.011419
8 8.990083
9 7.358269
10 6.232829
11 3.581259
12 3.121907
13 2.290181
14 3.354119
15 2.032938
16 1.947707
17 2.252892
18 2.157315
19 1.367786
20 0.923541
21 0.837108
22 1.482207
23 1.746148
24 1.524213
25 2.123450
26 1.431444
27 1.387360
28 1.278642
29 1.284001
30 1.555264
31 1.332417
32 1.030443
33 1.075497
34 0.876193
35 0.817438
36 0.917466
37 0.805308
38 1.083030
39 1.094316
40 1.019929
41 1.103390
42 0.849365
43 0.888880
44 0.749952
45 0.854711
46 0.907173
47 0.906039
48 0.736973
49 0.771388
50 0.597269
51 0.676217
52 0.592535
53 0.640167
54 0.597520
55 0.648116
56 0.568591
57 0.518713
58 0.515343
59 0.522455
60 0.636765
61 0.589250
62 0.537886
63 0.534030
64 0.515605
65 0.455464
66 0.452277
67 0.391529
68 0.369315
69 0.321135
70 0.269174
71 0.261322
72 0.251655
73 0.252050
74 0.207041
75 0.196361
76 0.197103
77 0.192281
78 0.160953
79 0.173631
80 0.157909
81 0.176892
82 0.157443
83 0.150423
84 0.139960
85 0.126687
86 0.120687
87 0.109168
88 0.104752
89 0.098138
90 0.091544
91 0.077278
92 0.077725
93 0.071503
94 0.072233
95 0.060880
96 0.054844
97 0.058166
98 0.056958
99 0.054361
100 0.052462
101 0.049562
102 0.047773
103 0.043545
104 0.040032
105 0.038300
106 0.037079
107 0.031481
108 0.029275
109 0.025583
110 0.024268
111 0.022199
112 0.019050
113 0.017546
114 0.016472
115 0.014625
116 0.011893
117 0.009736
118 0.008431
119 0.007325
120 0.005975
121 0.005869
122 0.007090
123 0.006270
124 0.007568
125 0.008037
126 0.008522
127 0.012687
128 0.012383
129 0.014975
130 0.014559
131 0.017181
132 0.017683
133 0.021889
134 0.021214
135 0.023530
136 0.022050
137 0.024149
138 0.023190
139 0.022895
140 0.022932
141 0.023505
142 0.023343
143 0.021660
144 0.020588
145 0.019408
146 0.019002
147 0.017464
148 0.017633
149 0.016908
150 0.017384
151 0.017466
152 0.016312
153 0.015936
154 0.016683
155 0.015564
156 0.014065
157 0.012593
158 0.013501
159 0.012900
160 0.012152
161 0.010575
162 0.010202
163 0.009846
164 0.009050
165 0.007931
166 0.008355
167 0.007474
168 0.007075
169 0.005936
170 0.005541
171 0.004856
172 0.004593
173 0.003888
174 0.003757
175 0.003605
176 0.003783
177 0.003811
178 0.003560
179 0.003449
180 0.003609
181 0.003495
182 0.003740
183 0.004037
184 0.004049
185 0.004277
186 0.003832
187 0.003891
188 0.003732
189 0.003722
190 0.003394
191 0.003557
192 0.003319
193 0.003283
194 0.003048
195 0.002784
196 0.002479
197 0.002294
198 0.002184
199 0.002033
200 0.001782
201 0.001740
202 0.001650
203 0.001810
204 0.001656
205 0.001694
206 0.001768
207 0.001847
208 0.001900
209 0.002088
210 0.002121
211 0.002255
212 0.002232
213 0.002247
214 0.002310
215 0.002271
216 0.002277
217 0.002165
218 0.002087
219 0.002137
220 0.002231
221 0.002208
222 0.002289
223 0.002268
224 0.002320
225 0.002293
226 0.002247
227 0.002186
228 0.002067
229 0.001841
230 0.001632
231 0.001504
232 0.001439
233 0.001344
234 0.001182
235 0.001021
236 0.000945
237 0.000877
238 0.000799
239 0.000764
240 0.000765
241 0.000700
242 0.000715
243 0.000657
244 0.000650
245 0.000638
246 0.000648
247 0.000649
248 0.000678
249 0.000696
250 0.000737
251 0.000761
252 0.000776
253 0.000786
254 0.000815
255 0.000827
256 0.000806
257 0.000773
258 0.000760
259 0.000704
260 0.000632
261 0.000629
262 0.000557
263 0.000511
264 0.000465
265 0.000455
266 0.000446
267 0.000432
268 0.000426
269 0.000434
270 0.000430
271 0.000393
272 0.000387
273 0.000365
274 0.000355
275 0.000354
276 0.000356
277 0.000330
278 0.000324
279 0.000311
280 0.000297
281 0.000302
282 0.000296
283 0.000290
284 0.000285
285 0.000280
286 0.000281
287 0.000281
288 0.000265
289 0.000266
290 0.000258
291 0.000265
292 0.000260
293 0.000255
294 0.000252
295 0.000233
296 0.000231
297 0.000231
298 0.000223
299 0.000216
300 0.000209
301 0.000205
302 0.000201
303 0.000191
304 0.000185
305 0.000181
306 0.000184
307 0.000182
308 0.000194
309 0.000214
310 0.000216
311 0.000207
312 0.000213
313 0.000197
314 0.000190
315 0.000189
316 0.000164
317 0.000160
318 0.000157
319 0.000142
320 0.000136
321 0.000120
322 0.000115
323 0.000105
324 0.000099
325 0.000095
326 0.000095
327 0.000090
328 0.000091
329 0.000088
330 0.000092
331 0.000090
332 0.000087
333 0.000085
334 0.000084
335 0.000076
336 0.000071
337 0.000068
338 0.000066
339 0.000068
340 0.000064
341 0.000063
342 0.000065
343 0.000068
344 0.000071
345 0.000071
346 0.000069
347 0.000064
348 0.000065
349 0.000061
350 0.000059
351 0.000057
352 0.000056
353 0.000054
354 0.000051
355 0.000050
356 0.000049
357 0.000046
358 0.000045
359 0.000045
360 0.000044
361 0.000042
362 0.000040
363 0.000036
364 0.000034
365 0.000032
366 0.000030
367 0.000029
368 0.000026
369 0.000023
370 0.000022
371 0.000020
372 0.000019
373 0.000018
374 0.000017
375 0.000016
376 0.000015
377 0.000015
378 0.000014
379 0.000013
380 0.000012
381 0.000012
382 0.000012
383 0.000012
384 0.000012
385 0.000013
386 0.000012
387 0.000013
388 0.000012
389 0.000013
390 0.000013
391 0.000013
392 0.000013
393 0.000013
394 0.000012
395 0.000011
396 0.000011
397 0.000010
398 0.000009
399 0.000010
400 0.000010
401 0.000009
402 0.000010
403 0.000009
404 0.000009
405 0.000008
406 0.000008
407 0.000007
408 0.000007
409 0.000007
410 0.000007
411 0.000007
412 0.000007
413 0.000007
414 0.000007
415 0.000007
416 0.000007
417 0.000007
418 0.000007
419 0.000007
420 0.000007
421 0.000006
422 0.000006
423 0.000006
424 0.000006
425 0.000006
426 0.000006
427 0.000006
428 0.000006
429 0.000006
430 0.000006
431 0.000006
432 0.000006
433 0.000006
434 0.000007
435 0.000007
436 0.000007
437 0.000007
438 0.000007
439 0.000006
440 0.000006
441 0.000006
442 0.000006
443 0.000006
444 0.000005
445 0.000005
446 0.000005
447 0.000005
448 0.000005
449 0.000005
450 0.000005
451 0.000005
452 0.000005
453 0.000005
454 0.000005
455 0.000005
456 0.000006
457 0.000006
458 0.000006
459 0.000005
460 0.000006
461 0.000006
462 0.000006
463 0.000005
464 0.000005
465 0.000005
466 0.000005
467 0.000005
468 0.000005
469 0.000005
470 0.000005
471 0.000005
472 0.000005
473 0.000005
474 0.000005
475 0.000005
476 0.000005
477 0.000005
478 0.000005
479 0.000004
480 0.000004
481 0.000004
482 0.000004
483 0.000004
484 0.000004
485 0.000004
486 0.000004
487 0.000004
488 0.000003
489 0.000003
490 0.000003
491 0.000003
492 0.000003
493 0.000003
494 0.000003
495 0.000003
496 0.000003
497 0.000003
498 0.000003
499 0.000003
500 0.000003
501 0.000003
502 0.000003
503 0.000003
504 0.000003
505 0.000003
506 0.000003
507 0.000003
508 0.000003
509 0.000003
510 0.000003
511 0.000003
512 0.000003
513 0.000003
514 0.000003
515 0.000003
516 0.000003
517 0.000003
518 0.000003
519 0.000003
520 0.000003
521 0.000003
522 0.000003
523 0.000003
524 0.000003
525 0.000002
526 0.000003
527 0.000003
528 0.000003
529 0.000003
530 0.000002
531 0.000002
532 0.000002
533 0.000002
534 0.000002
535 0.000002
536 0.000002
537 0.000002
538 0.000002
539 0.000002
540 0.000001
541 0.000001
542 0.000001
543 0.000001
544 0.000001
545 0.000001
546 0.000001
547 0.000001
548 0.000001
549 0.000001
550 0.000001
551 0.000001
552 0.000001
