#ite residual of mtx/G3_circuit.mtx
1 3.602039
2 5.441065
3 9.452298
4 16.455378
5 8.641784
6 10.159650
7 12.355805
8 10.050900
9 9.509607
10 10.855677
11 12.912369
12 17.818958
13 21.619789
14 24.251598
15 23.492692
16 19.372551
17 19.707062
18 19.993339
19 17.566364
20 18.546608
21 19.309117
22 16.142107
23 16.537667
24 9.982046
25 7.890058
26 8.940679
27 10.704726
28 10.388117
29 6.505459
30 7.500842
31 9.236116
32 10.507942
33 10.904350
34 10.950059
35 10.566403
36 10.600317
37 8.996144
38 9.150659
39 10.345073
40 8.419098
41 7.917500
42 8.193572
43 6.965054
44 7.799473
45 7.415495
46 8.447902
47 8.145356
48 9.581995
49 8.696707
50 10.051105
51 7.887883
52 8.795510
53 8.260029
54 8.528513
55 8.217571
56 7.691332
57 7.434940
58 7.286185
59 6.256686
60 6.763895
61 6.108753
62 6.110167
63 5.453156
64 5.088317
65 5.548186
66 4.759154
67 5.157140
68 4.932160
69 5.745848
70 5.163633
71 4.782723
72 4.826053
73 4.666458
74 4.493021
75 4.204881
76 3.682214
77 3.250859
78 2.921455
79 2.641029
80 2.371308
81 2.373574
82 2.085567
83 1.989847
84 1.756172
85 1.672291
86 1.639699
87 1.516947
88 1.574521
89 1.422573
90 1.483623
91 1.325795
92 1.258797
93 1.121200
94 1.069615
95 1.012734
96 0.977406
97 0.855119
98 0.775978
99 0.695969
100 0.673566
101 0.656080
102 0.618873
103 0.581239
104 0.509520
105 0.473449
106 0.484034
107 0.462730
108 0.482703
109 0.473416
110 0.466285
111 0.423637
112 0.414287
113 0.391807
114 0.393147
115 0.348864
116 0.321966
117 0.302182
118 0.295992
119 0.271116
120 0.244210
121 0.230517
122 0.214035
123 0.204991
124 0.176342
125 0.154292
126 0.142727
127 0.137533
128 0.121683
129 0.114634
130 0.105209
131 0.104471
132 0.090908
133 0.077005
134 0.077439
135 0.073633
136 0.066109
137 0.056391
138 0.052740
139 0.048823
140 0.044976
141 0.041352
142 0.038666
143 0.037315
144 0.034682
145 0.032709
146 0.033406
147 0.032977
148 0.036436
149 0.035050
150 0.035682
151 0.034823
152 0.036572
153 0.036787
154 0.038570
155 0.041679
156 0.042367
157 0.044832
158 0.043767
159 0.043511
160 0.045513
161 0.045635
162 0.045413
163 0.047352
164 0.043676
165 0.042370
166 0.042226
167 0.044083
168 0.046131
169 0.045734
170 0.048497
171 0.050915
172 0.051811
173 0.049868
174 0.052061
175 0.053749
176 0.052562
177 0.051973
178 0.054514
179 0.058769
180 0.057519
181 0.058112
182 0.055371
183 0.057052
184 0.056437
185 0.056975
186 0.053289
187 0.049125
188 0.047693
189 0.043860
190 0.040268
191 0.039633
192 0.036841
193 0.036076
194 0.034733
195 0.036557
196 0.038935
197 0.040237
198 0.038177
199 0.040419
200 0.042121
201 0.042544
202 0.043587
203 0.044588
204 0.047245
205 0.045248
206 0.046213
207 0.043878
208 0.044254
209 0.040169
210 0.042846
211 0.041796
212 0.040556
213 0.034975
214 0.031846
215 0.029438
216 0.025508
217 0.024324
218 0.022972
219 0.021457
220 0.021095
221 0.020571
222 0.020978
223 0.020124
224 0.020548
225 0.021253
226 0.021356
227 0.022345
228 0.023599
229 0.024714
230 0.023798
231 0.022995
232 0.022496
233 0.021836
234 0.020292
235 0.020366
236 0.020672
237 0.019901
238 0.019964
239 0.020934
240 0.022342
241 0.021616
242 0.020666
243 0.019748
244 0.018624
245 0.018065
246 0.017158
247 0.015981
248 0.014590
249 0.012797
250 0.011611
251 0.010416
252 0.008903
253 0.008161
254 0.007894
255 0.007007
256 0.006539
257 0.006147
258 0.005679
259 0.005246
260 0.004918
261 0.004835
262 0.004716
263 0.004718
264 0.004845
265 0.004750
266 0.004936
267 0.005161
268 0.005356
269 0.005974
270 0.006115
271 0.006547
272 0.006853
273 0.007209
274 0.007424
275 0.007173
276 0.007041
277 0.006755
278 0.006495
279 0.005973
280 0.005659
281 0.005351
282 0.005331
283 0.005134
284 0.005084
285 0.004870
286 0.004624
287 0.004719
288 0.004462
289 0.004429
290 0.004312
291 0.003993
292 0.003703
293 0.003722
294 0.003586
295 0.003567
296 0.003324
297 0.003238
298 0.003090
299 0.002981
300 0.002859
301 0.002768
302 0.002762
303 0.002653
304 0.002624
305 0.002647
306 0.002601
307 0.002474
308 0.002376
309 0.002343
310 0.002270
311 0.002273
312 0.002191
313 0.002125
314 0.002080
315 0.001980
316 0.001847
317 0.001769
318 0.001637
319 0.001448
320 0.001363
321 0.001288
322 0.001180
323 0.001248
324 0.001175
325 0.001164
326 0.001241
327 0.001270
328 0.001271
329 0.001301
330 0.001294
331 0.001307
332 0.001225
333 0.001202
334 0.001153
335 0.001086
336 0.001026
337 0.000984
338 0.000938
339 0.000873
340 0.000789
341 0.000745
342 0.000693
343 0.000654
344 0.000628
345 0.000664
346 0.000677
347 0.000728
348 0.000722
349 0.000689
350 0.000682
351 0.000692
352 0.000701
353 0.000675
354 0.000661
355 0.000637
356 0.000673
357 0.000673
358 0.000696
359 0.000711
360 0.000750
361 0.000755
362 0.000805
363 0.000858
364 0.000860
365 0.000885
366 0.000874
367 0.000900
368 0.000869
369 0.000876
370 0.000887
371 0.000926
372 0.000926
373 0.000998
374 0.001021
375 0.001053
376 0.001020
377 0.001058
378 0.001092
379 0.001122
380 0.001132
381 0.001111
382 0.001067
383 0.001020
384 0.000994
385 0.000951
386 0.000903
387 0.000890
388 0.000878
389 0.000811
390 0.000777
391 0.000737
392 0.000679
393 0.000645
394 0.000625
395 0.000620
396 0.000591
397 0.000578
398 0.000548
399 0.000536
400 0.000521
401 0.000500
402 0.000506
403 0.000508
404 0.000494
405 0.000498
406 0.000480
407 0.000480
408 0.000475
409 0.000450
410 0.000431
411 0.000398
412 0.000378
413 0.000350
414 0.000327
415 0.000314
416 0.000310
417 0.000310
418 0.000324
419 0.000327
420 0.000317
421 0.000300
422 0.000274
423 0.000261
424 0.000252
425 0.000247
426 0.000247
427 0.000257
428 0.000264
429 0.000262
430 0.000271
431 0.000272
432 0.000276
433 0.000277
434 0.000265
435 0.000255
436 0.000238
437 0.000226
438 0.000216
439 0.000210
440 0.000201
441 0.000193
442 0.000189
443 0.000182
444 0.000180
445 0.000173
446 0.000177
447 0.000177
448 0.000180
449 0.000174
450 0.000174
451 0.000177
452 0.000187
453 0.000184
454 0.000183
455 0.000179
456 0.000169
457 0.000158
458 0.000147
459 0.000137
460 0.000132
461 0.000128
462 0.000124
463 0.000114
464 0.000102
465 0.000096
466 0.000089
467 0.000085
468 0.000087
469 0.000087
470 0.000090
471 0.000086
472 0.000087
473 0.000085
474 0.000085
475 0.000090
476 0.000086
477 0.000087
478 0.000083
479 0.000080
480 0.000078
481 0.000074
482 0.000070
483 0.000066
484 0.000062
485 0.000060
486 0.000056
487 0.000054
488 0.000054
489 0.000050
490 0.000049
491 0.000046
492 0.000047
493 0.000044
494 0.000042
495 0.000040
496 0.000038
497 0.000037
498 0.000037
499 0.000036
500 0.000035
501 0.000034
502 0.000031
503 0.000028
504 0.000027
505 0.000026
506 0.000025
507 0.000024
508 0.000024
509 0.000025
510 0.000025
511 0.000024
512 0.000023
513 0.000021
514 0.000019
515 0.000018
516 0.000017
517 0.000016
518 0.000016
519 0.000016
520 0.000016
521 0.000015
522 0.000015
523 0.000015
524 0.000014
525 0.000012
526 0.000011
527 0.000010
528 0.000010
529 0.000010
530 0.000009
531 0.000009
532 0.000009
533 0.000008
534 0.000008
535 0.000008
536 0.000007
537 0.000006
538 0.000006
539 0.000005
540 0.000005
541 0.000005
542 0.000005
543 0.000005
544 0.000005
545 0.000005
546 0.000004
547 0.000004
548 0.000004
549 0.000004
550 0.000004
551 0.000004
552 0.000003
553 0.000004
554 0.000004
555 0.000004
556 0.000004
557 0.000004
558 0.000003
559 0.000003
560 0.000003
561 0.000003
562 0.000003
563 0.000003
564 0.000004
565 0.000003
566 0.000003
567 0.000003
568 0.000003
569 0.000003
570 0.000003
571 0.000003
572 0.000003
573 0.000003
574 0.000003
575 0.000003
576 0.000003
577 0.000003
578 0.000003
579 0.000003
580 0.000003
581 0.000003
582 0.000003
583 0.000002
584 0.000002
585 0.000002
586 0.000002
587 0.000002
588 0.000002
589 0.000002
590 0.000002
591 0.000002
592 0.000002
593 0.000002
594 0.000002
595 0.000002
596 0.000002
597 0.000002
598 0.000002
599 0.000002
600 0.000002
601 0.000002
602 0.000002
603 0.000002
604 0.000002
605 0.000002
606 0.000002
607 0.000002
608 0.000002
609 0.000002
610 0.000001
611 0.000002
612 0.000001
613 0.000002
614 0.000002
615 0.000002
616 0.000001
617 0.000001
618 0.000001
619 0.000001
620 0.000001
621 0.000001
622 0.000001
623 0.000001
624 0.000001
625 0.000001
626 0.000001
627 0.000001
628 0.000001
629 0.000001
630 0.000001
631 0.000002
632 0.000002
633 0.000002
634 0.000002
635 0.000002
636 0.000002
637 0.000002
638 0.000002
639 0.000002
640 0.000002
641 0.000002
642 0.000001
643 0.000001
644 0.000001
645 0.000002
646 0.000002
647 0.000002
648 0.000002
649 0.000002
650 0.000002
651 0.000002
652 0.000002
653 0.000001
654 0.000001
655 0.000001
656 0.000001
657 0.000001
658 0.000001
659 0.000001
660 0.000001
661 0.000001
662 0.000001
663 0.000001
664 0.000001
665 0.000001
666 0.000001
667 0.000001
668 0.000001
