#ite residual of mtx/thermal2.mtx
1 42.772546
2 27.515884
3 31.830401
4 30.171752
5 31.136835
6 30.706041
7 31.184409
8 29.587120
9 28.218091
10 19.556019
11 15.402536
12 20.071034
13 17.691827
14 18.361837
15 18.196053
16 17.453358
17 16.462086
18 14.522462
19 12.370192
20 11.811107
21 14.504791
22 12.652832
23 12.972744
24 12.556926
25 11.820372
26 10.989866
27 9.719572
28 9.245311
29 10.166296
30 10.670605
31 9.668987
32 9.850367
33 9.368025
34 8.712302
35 8.133360
36 7.854758
37 7.850191
38 8.710960
39 8.275940
40 7.713723
41 7.821274
42 7.236854
43 6.914864
44 6.569136
45 6.688392
46 6.909648
47 7.277239
48 6.556916
49 6.375228
50 6.477113
51 5.858568
52 5.871997
53 5.786710
54 6.108456
55 6.123160
56 6.021933
57 5.492015
58 5.514283
59 5.388838
60 4.984164
61 5.181847
62 5.081354
63 5.305185
64 5.072786
65 4.847975
66 4.617109
67 4.735500
68 4.546252
69 4.429299
70 4.676911
71 4.594061
72 4.607845
73 4.328626
74 4.156343
75 4.120954
76 4.200429
77 3.995925
78 4.194722
79 4.269063
80 4.137595
81 4.009015
82 3.771018
83 3.821577
84 3.822883
85 3.789016
86 3.714366
87 3.909182
88 3.784978
89 3.680994
90 3.620603
91 3.496970
92 3.553490
93 3.544342
94 3.477358
95 3.475745
96 3.567468
97 3.361763
98 3.246354
99 3.192445
100 3.203908
101 3.268712
102 3.228119
103 3.209683
104 3.234547
105 3.199941
106 2.951351
107 2.998421
108 2.946061
109 3.024853
110 3.043070
111 2.995577
112 3.003169
113 2.952367
114 2.841805
115 2.711584
116 2.818260
117 2.763523
118 2.804033
119 2.789559
120 2.741203
121 2.777338
122 2.704186
123 2.628375
124 2.609568
125 2.720469
126 2.663949
127 2.665014
128 2.594004
129 2.552636
130 2.527864
131 2.467723
132 2.467993
133 2.586701
134 2.584858
135 2.499862
136 2.485839
137 2.412298
138 2.442108
139 2.384209
140 2.354434
141 2.389752
142 2.467453
143 2.434147
144 2.404306
145 2.420772
146 2.335672
147 2.331478
148 2.265237
149 2.266369
150 2.318340
151 2.312440
152 2.237964
153 2.213810
154 2.189662
155 2.138431
156 2.145357
157 2.127200
158 2.161739
159 2.165204
160 2.126609
161 2.063881
162 2.068918
163 2.008339
164 1.970236
165 1.964743
166 1.947150
167 1.975112
168 1.922716
169 1.890057
170 1.862706
171 1.887147
172 1.839132
173 1.825978
174 1.833785
175 1.805921
176 1.817089
177 1.736220
178 1.702673
179 1.677984
180 1.686292
181 1.647904
182 1.653900
183 1.666132
184 1.620978
185 1.619058
186 1.558319
187 1.566047
188 1.561152
189 1.543019
190 1.535952
191 1.542130
192 1.516781
193 1.489571
194 1.448971
195 1.430455
196 1.435281
197 1.423451
198 1.405082
199 1.400804
200 1.414591
201 1.366416
202 1.361243
203 1.329879
204 1.327650
205 1.331662
206 1.301409
207 1.298374
208 1.289744
209 1.268237
210 1.215519
211 1.213902
212 1.196031
213 1.207667
214 1.195196
215 1.171677
216 1.168849
217 1.151142
218 1.123331
219 1.101517
220 1.107715
221 1.097558
222 1.097617
223 1.077759
224 1.058925
225 1.051866
226 1.028356
227 1.002077
228 0.998511
229 1.001656
230 0.996344
231 0.992995
232 0.959469
233 0.954646
234 0.942522
235 0.919600
236 0.911942
237 0.917025
238 0.908995
239 0.885772
240 0.881999
241 0.850939
242 0.851198
243 0.829633
244 0.814034
245 0.820130
246 0.825004
247 0.817870
248 0.802604
249 0.795417
250 0.763446
251 0.754693
252 0.738186
253 0.728429
254 0.733134
255 0.717189
256 0.703340
257 0.689724
258 0.680877
259 0.671744
260 0.661311
261 0.647489
262 0.647813
263 0.640114
264 0.620970
265 0.603140
266 0.606500
267 0.602293
268 0.606318
269 0.603235
270 0.581683
271 0.573569
272 0.551623
273 0.538175
274 0.527428
275 0.518760
276 0.507858
277 0.504440
278 0.499372
279 0.489393
280 0.487356
281 0.465314
282 0.457848
283 0.451910
284 0.445290
285 0.438654
286 0.436483
287 0.431315
288 0.427098
289 0.414945
290 0.396339
291 0.391308
292 0.385896
293 0.379523
294 0.371821
295 0.364570
296 0.352832
297 0.345729
298 0.333023
299 0.323917
300 0.323870
301 0.314410
302 0.309465
303 0.301683
304 0.294942
305 0.284621
306 0.275168
307 0.265638
308 0.261989
309 0.255963
310 0.245654
311 0.240379
312 0.233209
313 0.226565
314 0.219196
315 0.211879
316 0.209478
317 0.205209
318 0.207024
319 0.195980
320 0.197815
321 0.191063
322 0.184314
323 0.181043
324 0.174388
325 0.174694
326 0.171449
327 0.167503
328 0.165473
329 0.163065
330 0.157378
331 0.150320
332 0.146853
333 0.142673
334 0.140816
335 0.137301
336 0.130273
337 0.128392
338 0.124280
339 0.119187
340 0.116122
341 0.113486
342 0.111362
343 0.108013
344 0.105332
345 0.100225
346 0.098838
347 0.093987
348 0.091440
349 0.088753
350 0.086059
351 0.083217
352 0.079935
353 0.076984
354 0.073773
355 0.071955
356 0.068857
357 0.068772
358 0.066584
359 0.064130
360 0.061253
361 0.058557
362 0.056363
363 0.054229
364 0.052467
365 0.050087
366 0.049900
367 0.047459
368 0.045860
369 0.044163
370 0.042637
371 0.041339
372 0.040376
373 0.039650
374 0.038508
375 0.038112
376 0.036028
377 0.034697
378 0.033346
379 0.032572
380 0.031698
381 0.030789
382 0.029311
383 0.028243
384 0.027017
385 0.025600
386 0.024657
387 0.023653
388 0.022706
389 0.021754
390 0.021125
391 0.020149
392 0.019674
393 0.018490
394 0.017573
395 0.016873
396 0.016029
397 0.015556
398 0.014677
399 0.014280
400 0.013663
401 0.013327
402 0.012720
403 0.012118
404 0.011742
405 0.011099
406 0.010747
407 0.010173
408 0.009816
409 0.009415
410 0.009068
411 0.008596
412 0.008257
413 0.007945
414 0.007561
415 0.007346
416 0.006973
417 0.006799
418 0.006454
419 0.006170
420 0.005908
421 0.005800
422 0.005687
423 0.005489
424 0.005403
425 0.005149
426 0.005043
427 0.004876
428 0.004755
429 0.004717
430 0.004644
431 0.004529
432 0.004442
433 0.004348
434 0.004253
435 0.004154
436 0.004040
437 0.004000
438 0.003881
439 0.003735
440 0.003531
441 0.003545
442 0.003343
443 0.003343
444 0.003264
445 0.003179
446 0.003212
447 0.003086
448 0.003106
449 0.003007
450 0.002980
451 0.002890
452 0.002823
453 0.002807
454 0.002757
455 0.002713
456 0.002613
457 0.002530
458 0.002491
459 0.002416
460 0.002345
461 0.002295
462 0.002203
463 0.002147
464 0.002056
465 0.001975
466 0.001908
467 0.001851
468 0.001802
469 0.001765
470 0.001762
471 0.001748
472 0.001722
473 0.001665
474 0.001642
475 0.001631
476 0.001581
477 0.001548
478 0.001507
479 0.001487
480 0.001436
481 0.001421
482 0.001389
483 0.001386
484 0.001367
485 0.001360
486 0.001356
487 0.001369
488 0.001357
489 0.001346
490 0.001365
491 0.001373
492 0.001432
493 0.001452
494 0.001500
495 0.001508
496 0.001524
497 0.001513
498 0.001533
499 0.001580
500 0.001601
501 0.001656
502 0.001650
503 0.001653
504 0.001619
505 0.001648
506 0.001615
507 0.001678
508 0.001648
509 0.001722
510 0.001688
511 0.001770
512 0.001778
513 0.001790
514 0.001797
515 0.001760
516 0.001842
517 0.001816
518 0.001852
519 0.001838
520 0.001827
521 0.001838
522 0.001791
523 0.001798
524 0.001783
525 0.001804
526 0.001781
527 0.001757
528 0.001731
529 0.001695
530 0.001670
531 0.001614
532 0.001589
533 0.001568
534 0.001538
535 0.001501
536 0.001474
537 0.001439
538 0.001394
539 0.001355
540 0.001309
541 0.001281
542 0.001252
543 0.001210
544 0.001173
545 0.001145
546 0.001093
547 0.001061
548 0.001010
549 0.000988
550 0.000959
551 0.000916
552 0.000885
553 0.000844
554 0.000822
555 0.000778
556 0.000759
557 0.000728
558 0.000711
559 0.000689
560 0.000642
561 0.000613
562 0.000579
563 0.000554
564 0.000523
565 0.000502
566 0.000479
567 0.000462
568 0.000449
569 0.000432
570 0.000421
571 0.000415
572 0.000403
573 0.000401
574 0.000401
575 0.000399
576 0.000403
577 0.000397
578 0.000403
579 0.000410
580 0.000419
581 0.000433
582 0.000448
583 0.000463
584 0.000474
585 0.000487
586 0.000501
587 0.000521
588 0.000537
589 0.000551
590 0.000566
591 0.000583
592 0.000587
593 0.000597
594 0.000601
595 0.000602
596 0.000612
597 0.000605
598 0.000604
599 0.000597
600 0.000595
601 0.000578
602 0.000564
603 0.000541
604 0.000516
605 0.000490
606 0.000459
607 0.000433
608 0.000404
609 0.000375
610 0.000349
611 0.000323
612 0.000301
613 0.000278
614 0.000258
615 0.000234
616 0.000215
617 0.000195
618 0.000176
619 0.000162
620 0.000151
621 0.000142
622 0.000136
623 0.000130
624 0.000129
625 0.000131
626 0.000137
627 0.000146
628 0.000160
629 0.000175
630 0.000187
631 0.000195
632 0.000183
633 0.000203
634 0.000199
635 0.000207
636 0.000195
637 0.000210
638 0.000186
639 0.000193
640 0.000174
641 0.000163
642 0.000149
643 0.000130
644 0.000118
645 0.000101
646 0.000092
647 0.000079
648 0.000072
649 0.000065
650 0.000061
651 0.000059
652 0.000059
653 0.000062
654 0.000066
655 0.000072
656 0.000076
657 0.000082
658 0.000083
659 0.000083
660 0.000079
661 0.000073
662 0.000067
663 0.000061
664 0.000057
665 0.000055
666 0.000055
667 0.000056
668 0.000058
669 0.000059
670 0.000059
671 0.000058
672 0.000055
673 0.000052
674 0.000051
675 0.000051
676 0.000051
677 0.000053
678 0.000054
679 0.000055
680 0.000055
681 0.000053
682 0.000054
683 0.000053
684 0.000054
685 0.000054
686 0.000054
687 0.000055
688 0.000054
689 0.000054
690 0.000052
691 0.000053
692 0.000052
693 0.000051
694 0.000051
695 0.000051
696 0.000051
697 0.000051
698 0.000050
699 0.000050
700 0.000050
701 0.000049
702 0.000049
703 0.000049
704 0.000049
705 0.000048
706 0.000047
707 0.000046
708 0.000046
709 0.000046
710 0.000045
711 0.000045
712 0.000044
713 0.000044
714 0.000043
715 0.000043
716 0.000042
717 0.000043
718 0.000043
719 0.000042
720 0.000042
721 0.000041
722 0.000041
723 0.000040
724 0.000040
725 0.000039
726 0.000039
727 0.000038
728 0.000038
729 0.000038
730 0.000037
731 0.000037
732 0.000038
733 0.000038
734 0.000038
735 0.000037
736 0.000036
737 0.000037
738 0.000036
739 0.000036
740 0.000036
741 0.000036
742 0.000037
743 0.000037
744 0.000037
745 0.000036
746 0.000036
747 0.000035
748 0.000035
749 0.000034
750 0.000034
751 0.000033
752 0.000033
753 0.000032
754 0.000031
755 0.000029
756 0.000028
757 0.000027
758 0.000026
759 0.000025
760 0.000024
761 0.000023
762 0.000022
763 0.000021
764 0.000020
765 0.000019
766 0.000019
767 0.000018
768 0.000017
769 0.000017
770 0.000016
771 0.000016
772 0.000015
773 0.000015
774 0.000015
775 0.000015
776 0.000015
777 0.000015
778 0.000014
779 0.000014
780 0.000014
781 0.000014
782 0.000014
783 0.000014
784 0.000013
785 0.000013
786 0.000012
787 0.000012
788 0.000011
789 0.000011
790 0.000010
791 0.000010
792 0.000010
793 0.000009
794 0.000009
795 0.000009
796 0.000009
797 0.000009
798 0.000009
799 0.000009
800 0.000009
801 0.000009
802 0.000008
803 0.000008
804 0.000008
805 0.000008
806 0.000008
807 0.000008
808 0.000008
809 0.000007
810 0.000007
811 0.000007
812 0.000007
813 0.000007
814 0.000007
815 0.000007
816 0.000007
817 0.000007
818 0.000007
819 0.000006
820 0.000006
821 0.000006
822 0.000006
823 0.000006
824 0.000006
825 0.000006
826 0.000006
827 0.000006
828 0.000006
829 0.000006
830 0.000006
831 0.000006
832 0.000006
833 0.000006
834 0.000005
835 0.000005
836 0.000005
837 0.000005
838 0.000005
839 0.000005
840 0.000005
841 0.000005
842 0.000005
843 0.000005
844 0.000005
845 0.000005
846 0.000005
847 0.000005
848 0.000005
849 0.000004
850 0.000004
851 0.000004
852 0.000004
853 0.000004
854 0.000004
855 0.000004
856 0.000004
857 0.000004
858 0.000003
859 0.000003
860 0.000003
861 0.000003
862 0.000003
863 0.000003
864 0.000003
865 0.000003
866 0.000003
867 0.000003
868 0.000003
869 0.000003
870 0.000003
871 0.000003
872 0.000003
873 0.000003
874 0.000003
875 0.000003
876 0.000003
877 0.000002
878 0.000002
879 0.000002
880 0.000002
881 0.000002
882 0.000002
883 0.000002
884 0.000002
885 0.000002
886 0.000002
887 0.000002
888 0.000002
889 0.000002
890 0.000002
891 0.000002
892 0.000002
893 0.000002
894 0.000002
895 0.000002
896 0.000002
897 0.000002
898 0.000002
899 0.000002
900 0.000002
901 0.000002
902 0.000002
903 0.000002
904 0.000002
905 0.000002
906 0.000002
907 0.000002
908 0.000002
909 0.000002
910 0.000002
911 0.000001
912 0.000001
913 0.000001
914 0.000001
915 0.000001
916 0.000001
917 0.000001
918 0.000001
919 0.000001
920 0.000001
921 0.000001
922 0.000001
923 0.000001
924 0.000001
925 0.000001
926 0.000001
927 0.000001
928 0.000001
929 0.000001
930 0.000001
931 0.000001
932 0.000001
933 0.000001
934 0.000001
935 0.000001
936 0.000001
937 0.000001
938 0.000001
939 0.000001
940 0.000001
941 0.000001
942 0.000001
943 0.000001
944 0.000001
945 0.000001
946 0.000001
947 0.000001
948 0.000001
949 0.000001
950 0.000001
951 0.000001
952 0.000001
953 0.000001
