#ite residual of mtx/thermal2.mtx
1 9.938998
2 34.527853
3 35.296166
4 43.933806
5 42.721674
6 42.248213
7 43.414529
8 41.981454
9 43.664425
10 42.714279
11 43.465072
12 42.942207
13 42.751180
14 42.642480
15 42.268053
16 42.551280
17 42.422889
18 42.539404
19 42.291293
20 41.668735
21 41.808494
22 41.302302
23 41.769868
24 41.521132
25 41.598416
26 41.750285
27 41.542590
28 42.094028
29 42.055457
30 42.393127
31 41.775181
32 41.649903
33 41.562183
34 41.382935
35 41.403463
36 41.017240
37 41.235816
38 41.105638
39 41.270042
40 41.235965
41 41.174029
42 41.238222
43 41.020070
44 41.129140
45 40.818935
46 40.545365
47 40.428974
48 40.152150
49 40.376629
50 40.382806
51 40.648779
52 40.499880
53 40.392013
54 40.191054
55 39.973717
56 40.188177
57 39.883180
58 40.216755
59 40.057110
60 40.014649
61 39.887183
62 39.710738
63 39.812998
64 39.782508
65 39.917083
66 39.898467
67 39.660251
68 39.626117
69 39.206866
70 39.067058
71 38.701630
72 38.606466
73 38.590027
74 38.581808
75 38.710956
76 38.424958
77 38.372899
78 38.240415
79 37.856342
80 37.794116
81 37.752187
82 37.953950
83 37.620134
84 37.430110
85 37.569393
86 37.549744
87 37.539308
88 37.625438
89 37.691328
90 37.354395
91 37.278735
92 37.492280
93 37.221525
94 37.115278
95 36.853975
96 36.844955
97 36.667752
98 36.655364
99 36.904494
100 36.865804
101 37.130842
102 37.388296
103 37.411297
104 37.041426
105 36.734222
106 36.543848
107 36.134835
108 36.075404
109 36.039892
110 36.119005
111 35.874572
112 35.856696
113 35.935155
114 35.740597
115 35.512397
116 35.323712
117 35.174560
118 35.397130
119 35.502847
120 35.550166
121 35.415287
122 35.272820
123 35.065211
124 34.741563
125 34.708173
126 34.670449
127 34.716879
128 34.655874
129 34.506423
130 34.839320
131 34.791429
132 34.636312
133 34.628348
134 34.630945
135 34.548510
136 34.198742
137 33.941425
138 33.799232
139 33.819016
140 34.019045
141 34.356732
142 34.744025
143 34.321705
144 33.871423
145 33.552428
146 33.728869
147 33.982394
148 33.920884
149 33.751054
150 33.629264
151 33.784889
152 33.646637
153 33.522575
154 33.555008
155 33.542469
156 33.682902
157 33.497956
158 33.660973
159 33.747850
160 33.704411
161 33.366186
162 32.955394
163 32.798541
164 32.558600
165 32.465781
166 32.497177
167 32.396529
168 32.465447
169 32.398044
170 32.385918
171 32.144056
172 32.096698
173 32.026207
174 31.876001
175 32.021877
176 32.018186
177 32.138433
178 32.118720
179 31.942562
180 31.587473
181 31.430083
182 31.592665
183 31.647491
184 31.881193
185 32.129640
186 32.075893
187 31.792523
188 31.318661
189 31.209188
190 30.944912
191 30.838536
192 30.733843
193 30.600131
194 30.721533
195 30.794212
196 30.817937
197 30.638091
198 30.674770
199 30.585111
200 30.409694
201 30.382946
202 30.295899
203 30.241328
204 30.235356
205 29.988518
206 29.959484
207 29.759729
208 29.675631
209 29.717852
210 29.682521
211 29.636779
212 29.594349
213 29.571551
214 29.538409
215 29.607904
216 29.590958
217 29.565590
218 29.337448
219 29.039837
220 28.984347
221 28.857182
222 28.814399
223 28.722622
224 28.768119
225 28.757427
226 28.865651
227 28.854241
228 28.725511
229 28.557056
230 28.432107
231 28.203377
232 28.205082
233 28.076029
234 28.033870
235 28.066244
236 28.057644
237 28.035682
238 27.996299
239 28.078354
240 27.772881
241 27.638193
242 27.667719
243 27.606992
244 27.633491
245 27.633790
246 27.491360
247 27.292788
248 27.230254
249 27.182288
250 27.087267
251 27.041506
252 26.987600
253 26.826645
254 26.923365
255 26.932403
256 26.831053
257 26.907758
258 27.072236
259 27.059146
260 26.995239
261 26.818422
262 26.425976
263 26.236307
264 26.096732
265 26.068245
266 26.089763
267 26.166544
268 26.135769
269 25.953537
270 25.942599
271 25.955317
272 25.921790
273 25.762859
274 25.631965
275 25.660475
276 25.623154
277 25.609362
278 25.521708
279 25.125906
280 24.951227
281 24.920774
282 25.034394
283 25.011231
284 24.847223
285 24.811079
286 24.787031
287 24.589262
288 24.466236
289 24.443444
290 24.357787
291 24.293635
292 24.234703
293 24.161695
294 24.098459
295 24.026984
296 24.028104
297 23.945128
298 23.887229
299 23.747905
300 23.811669
301 23.990241
302 24.019120
303 23.861619
304 23.499729
305 23.318145
306 23.305099
307 23.192710
308 23.145087
309 23.109349
310 23.119139
311 23.013853
312 22.929452
313 22.874708
314 22.808627
315 22.767155
316 22.643467
317 22.655318
318 22.507894
319 22.423897
320 22.501690
321 22.445926
322 22.362077
323 22.353442
324 22.219332
325 22.053037
326 22.052292
327 22.047645
328 22.006721
329 22.020745
330 22.018231
331 21.901312
332 21.763561
333 21.653521
334 21.522542
335 21.473463
336 21.447762
337 21.438116
338 21.472809
339 21.529624
340 21.627406
341 21.633659
342 21.517712
343 21.325065
344 20.997481
345 20.821527
346 20.842341
347 20.743524
348 20.658719
349 20.562931
350 20.496608
351 20.516592
352 20.556850
353 20.516778
354 20.407994
355 20.384521
356 20.288226
357 20.099602
358 19.906920
359 19.797345
360 19.754605
361 19.724341
362 19.628825
363 19.434602
364 19.453233
365 19.504602
366 19.537023
367 19.442312
368 19.419249
369 19.387690
370 19.294986
371 19.228467
372 19.122473
373 18.998916
374 18.957778
375 18.934739
376 18.801614
377 18.822170
378 18.771001
379 18.637267
380 18.470024
381 18.494946
382 18.467509
383 18.338049
384 18.407906
385 18.574279
386 18.686871
387 18.617718
388 18.293330
389 18.085221
390 17.898901
391 17.800374
392 17.819150
393 17.827036
394 17.836032
395 17.765030
396 17.607983
397 17.448953
398 17.352591
399 17.330885
400 17.256379
401 17.235891
402 17.169306
403 17.005731
404 16.928419
405 16.913833
406 16.893284
407 16.830508
408 16.799643
409 16.705810
410 16.715685
411 16.623234
412 16.573288
413 16.579686
414 16.453361
415 16.333043
416 16.233231
417 16.285643
418 16.417683
419 16.485471
420 16.333395
421 16.022346
422 15.910088
423 15.813685
424 15.758283
425 15.830564
426 15.905545
427 15.808699
428 15.505136
429 15.332393
430 15.244551
431 15.275759
432 15.191569
433 15.074171
434 14.981310
435 14.940929
436 14.870520
437 14.778021
438 14.749431
439 14.680047
440 14.643103
441 14.531745
442 14.526035
443 14.446114
444 14.354446
445 14.277314
446 14.263041
447 14.136692
448 14.076542
449 13.999344
450 13.965320
451 13.934186
452 13.848821
453 13.748666
454 13.623408
455 13.617969
456 13.615826
457 13.633591
458 13.531693
459 13.377109
460 13.288137
461 13.179754
462 13.172516
463 13.170139
464 13.061362
465 12.991226
466 12.969210
467 12.959436
468 12.943235
469 12.844737
470 12.715461
471 12.628342
472 12.622057
473 12.572561
474 12.492532
475 12.474452
476 12.420415
477 12.387872
478 12.316558
479 12.195721
480 12.112553
481 12.004782
482 11.930856
483 11.844491
484 11.759433
485 11.741163
486 11.686825
487 11.682084
488 11.746492
489 11.764977
490 11.624528
491 11.451128
492 11.293107
493 11.150176
494 11.121215
495 11.085116
496 11.094710
497 11.136387
498 11.190956
499 11.173713
500 11.005878
501 10.815513
502 10.659324
503 10.560226
504 10.469893
505 10.364914
506 10.324391
507 10.281060
508 10.266904
509 10.217081
510 10.147947
511 10.024553
512 9.854871
513 9.783240
514 9.774542
515 9.745243
516 9.643060
517 9.557865
518 9.534582
519 9.541966
520 9.466773
521 9.406920
522 9.257003
523 9.113906
524 9.057663
525 9.039027
526 9.004559
527 8.988551
528 8.941318
529 8.886644
530 8.810984
531 8.734262
532 8.683125
533 8.629717
534 8.565484
535 8.441434
536 8.328805
537 8.263354
538 8.187559
539 8.135767
540 8.138728
541 8.127918
542 8.073469
543 7.989929
544 7.918735
545 7.840778
546 7.744555
547 7.663031
548 7.599558
549 7.528264
550 7.462094
551 7.417111
552 7.358563
553 7.297360
554 7.205741
555 7.089483
556 6.985924
557 6.942136
558 6.912942
559 6.842129
560 6.807413
561 6.762749
562 6.689337
563 6.634089
564 6.577540
565 6.499547
566 6.477267
567 6.435202
568 6.377658
569 6.330390
570 6.276123
571 6.185937
572 6.124986
573 6.078358
574 5.990902
575 5.918247
576 5.843359
577 5.767470
578 5.674028
579 5.611802
580 5.512375
581 5.445940
582 5.389137
583 5.339836
584 5.261696
585 5.188190
586 5.086215
587 5.019944
588 4.966816
589 4.909379
590 4.856521
591 4.779183
592 4.711586
593 4.632446
594 4.582612
595 4.533407
596 4.469834
597 4.410726
598 4.357835
599 4.307518
600 4.257726
601 4.200548
602 4.154642
603 4.075959
604 4.021422
605 3.973722
606 3.910015
607 3.854496
608 3.793039
609 3.718653
610 3.644210
611 3.570173
612 3.503045
613 3.471790
614 3.439651
615 3.369259
616 3.263642
617 3.169101
618 3.101980
619 3.016964
620 2.944448
621 2.866110
622 2.803153
623 2.741195
624 2.681171
625 2.624619
626 2.556179
627 2.483803
628 2.426164
629 2.356388
630 2.293883
631 2.213248
632 2.146461
633 2.091788
634 2.033091
635 1.968647
636 1.898585
637 1.826550
638 1.755610
639 1.694718
640 1.630022
641 1.570965
642 1.505377
643 1.441954
644 1.381557
645 1.320757
646 1.258949
647 1.205491
648 1.148111
649 1.084405
650 1.010727
651 0.937658
652 0.866335
653 0.800861
654 0.737980
655 0.673442
656 0.614132
657 0.552192
658 0.490401
659 0.432708
660 0.374234
661 0.322705
662 0.276226
663 0.234762
664 0.196226
665 0.163186
666 0.136190
667 0.113444
668 0.095515
669 0.082415
670 0.073007
671 0.067928
672 0.066497
673 0.067770
674 0.070887
675 0.074394
676 0.077239
677 0.077617
678 0.075156
679 0.071473
680 0.067384
681 0.064588
682 0.063945
683 0.064739
684 0.066468
685 0.067532
686 0.067071
687 0.065541
688 0.063025
689 0.061364
690 0.060769
691 0.060564
692 0.060673
693 0.060587
694 0.060248
695 0.059287
696 0.058547
697 0.058191
698 0.058095
699 0.057958
700 0.057293
701 0.056360
702 0.055457
703 0.054323
704 0.053565
705 0.052715
706 0.051695
707 0.050573
708 0.049604
709 0.048629
710 0.047922
711 0.047274
712 0.046704
713 0.046144
714 0.045541
715 0.045175
716 0.045089
717 0.044934
718 0.044910
719 0.044896
720 0.044979
721 0.044634
722 0.044077
723 0.043409
724 0.042926
725 0.042799
726 0.042640
727 0.042469
728 0.042463
729 0.042319
730 0.042261
731 0.042009
732 0.041307
733 0.040311
734 0.039548
735 0.039009
736 0.038690
737 0.038494
738 0.038409
739 0.038370
740 0.038178
741 0.037759
742 0.037389
743 0.036972
744 0.036663
745 0.036318
746 0.035813
747 0.035353
748 0.034857
749 0.034296
750 0.033688
751 0.033014
752 0.032358
753 0.031810
754 0.030990
755 0.030360
756 0.029825
757 0.029393
758 0.028872
759 0.028354
760 0.027706
761 0.027124
762 0.026406
763 0.025871
764 0.025437
765 0.025085
766 0.024672
767 0.024250
768 0.023852
769 0.023438
770 0.023028
771 0.022647
772 0.022233
773 0.021867
774 0.021622
775 0.021290
776 0.020827
777 0.020385
778 0.020017
779 0.019672
780 0.019322
781 0.018992
782 0.018644
783 0.018311
784 0.017966
785 0.017725
786 0.017373
787 0.016973
788 0.016652
789 0.016365
790 0.016124
791 0.015975
792 0.015873
793 0.015871
794 0.015952
795 0.016075
796 0.016299
797 0.016591
798 0.017095
799 0.017739
800 0.018366
801 0.019166
802 0.019975
803 0.020464
804 0.020616
805 0.020615
806 0.020655
807 0.020593
808 0.020534
809 0.020463
810 0.020549
811 0.020600
812 0.020678
813 0.020789
814 0.020946
815 0.021139
816 0.021258
817 0.021290
818 0.021351
819 0.021498
820 0.021676
821 0.021918
822 0.022170
823 0.022306
824 0.022447
825 0.022582
826 0.022676
827 0.022587
828 0.022400
829 0.022310
830 0.022222
831 0.022347
832 0.022385
833 0.022353
834 0.022390
835 0.022615
836 0.022893
837 0.023236
838 0.023345
839 0.023348
840 0.023360
841 0.023474
842 0.023492
843 0.023509
844 0.023570
845 0.023568
846 0.023531
847 0.023622
848 0.023704
849 0.023525
850 0.023071
851 0.022837
852 0.022652
853 0.022448
854 0.022269
855 0.022000
856 0.021715
857 0.021595
858 0.021466
859 0.021293
860 0.020987
861 0.020735
862 0.020567
863 0.020487
864 0.020343
865 0.020296
866 0.020191
867 0.020146
868 0.020134
869 0.020077
870 0.019867
871 0.019843
872 0.019902
873 0.019831
874 0.019472
875 0.018934
876 0.018638
877 0.018479
878 0.018289
879 0.018232
880 0.018149
881 0.018070
882 0.018015
883 0.017927
884 0.017877
885 0.017735
886 0.017632
887 0.017564
888 0.017565
889 0.017436
890 0.017393
891 0.017350
892 0.017319
893 0.017373
894 0.017411
895 0.017438
896 0.017414
897 0.017459
898 0.017376
899 0.017216
900 0.017114
901 0.017032
902 0.016950
903 0.016895
904 0.016638
905 0.016444
906 0.016293
907 0.016217
908 0.016223
909 0.016085
910 0.015906
911 0.015730
912 0.015681
913 0.015544
914 0.015372
915 0.015196
916 0.015100
917 0.014978
918 0.014850
919 0.014750
920 0.014609
921 0.014498
922 0.014329
923 0.014197
924 0.014191
925 0.014210
926 0.014268
927 0.014361
928 0.014552
929 0.014829
930 0.015252
931 0.015805
932 0.016425
933 0.017101
934 0.017710
935 0.018406
936 0.018820
937 0.019133
938 0.019086
939 0.019140
940 0.019094
941 0.018934
942 0.018991
943 0.019155
944 0.019428
945 0.019966
946 0.020360
947 0.020371
948 0.020216
949 0.020158
950 0.019982
951 0.019669
952 0.019517
953 0.019440
954 0.019624
955 0.019749
956 0.019678
957 0.019621
958 0.019584
959 0.019585
960 0.019799
961 0.020063
962 0.020192
963 0.020137
964 0.019811
965 0.019508
966 0.019239
967 0.018963
968 0.018702
969 0.018528
970 0.018471
971 0.018371
972 0.018215
973 0.018022
974 0.017820
975 0.017599
976 0.017415
977 0.017171
978 0.017018
979 0.016865
980 0.016791
981 0.016807
982 0.016807
983 0.016750
984 0.016705
985 0.016602
986 0.016407
987 0.016247
988 0.016102
989 0.016092
990 0.015946
991 0.015882
992 0.015876
993 0.015827
994 0.015710
995 0.015708
996 0.015675
997 0.015609
998 0.015493
999 0.015450
1000 0.015493
1001 0.015544
1002 0.015552
1003 0.015578
1004 0.015604
1005 0.015530
1006 0.015533
1007 0.015583
1008 0.015593
1009 0.015617
1010 0.015684
1011 0.015758
1012 0.015738
1013 0.015637
1014 0.015586
1015 0.015620
1016 0.015636
1017 0.015612
1018 0.015659
1019 0.015770
1020 0.015951
1021 0.016025
1022 0.015869
1023 0.015640
1024 0.015527
1025 0.015468
1026 0.015370
1027 0.015313
1028 0.015182
1029 0.015063
1030 0.014941
1031 0.014793
1032 0.014744
1033 0.014678
1034 0.014549
1035 0.014534
1036 0.014461
1037 0.014440
1038 0.014276
1039 0.014076
1040 0.013911
1041 0.013793
1042 0.013650
1043 0.013519
1044 0.013319
1045 0.013219
1046 0.013007
1047 0.012841
1048 0.012640
1049 0.012484
1050 0.012279
1051 0.012123
1052 0.011963
1053 0.011783
1054 0.011615
1055 0.011460
1056 0.011353
1057 0.011232
1058 0.011061
1059 0.010890
1060 0.010819
1061 0.010724
1062 0.010715
1063 0.010704
1064 0.010760
1065 0.010801
1066 0.010946
1067 0.011069
1068 0.011135
1069 0.011229
1070 0.011307
1071 0.011394
1072 0.011439
1073 0.011382
1074 0.011311
1075 0.011208
1076 0.011155
1077 0.011206
1078 0.011274
1079 0.011356
1080 0.011310
1081 0.011176
1082 0.011057
1083 0.010946
1084 0.010871
1085 0.010718
1086 0.010544
1087 0.010445
1088 0.010421
1089 0.010417
1090 0.010356
1091 0.010311
1092 0.010289
1093 0.010256
1094 0.010286
1095 0.010337
1096 0.010358
1097 0.010318
1098 0.010167
1099 0.009987
1100 0.009836
1101 0.009748
1102 0.009780
1103 0.009818
1104 0.009850
1105 0.009854
1106 0.009848
1107 0.009864
1108 0.009902
1109 0.009964
1110 0.009964
1111 0.009952
1112 0.009979
1113 0.009956
1114 0.009888
1115 0.009831
1116 0.009807
1117 0.009831
1118 0.009841
1119 0.009780
1120 0.009741
1121 0.009736
1122 0.009707
1123 0.009699
1124 0.009610
1125 0.009573
1126 0.009543
1127 0.009483
1128 0.009432
1129 0.009384
1130 0.009318
1131 0.009213
1132 0.009120
1133 0.009044
1134 0.008977
1135 0.008873
1136 0.008709
1137 0.008565
1138 0.008491
1139 0.008426
1140 0.008393
1141 0.008311
1142 0.008259
1143 0.008180
1144 0.008087
1145 0.008013
1146 0.007951
1147 0.007899
1148 0.007789
1149 0.007717
1150 0.007637
1151 0.007498
1152 0.007392
1153 0.007285
1154 0.007187
1155 0.007125
1156 0.007084
1157 0.007048
1158 0.006976
1159 0.006898
1160 0.006765
1161 0.006691
1162 0.006647
1163 0.006661
1164 0.006653
1165 0.006606
1166 0.006566
1167 0.006494
1168 0.006469
1169 0.006473
1170 0.006495
1171 0.006520
1172 0.006469
1173 0.006381
1174 0.006301
1175 0.006238
1176 0.006148
1177 0.006080
1178 0.006002
1179 0.005948
1180 0.005909
1181 0.005887
1182 0.005878
1183 0.005860
1184 0.005853
1185 0.005827
1186 0.005775
1187 0.005723
1188 0.005635
1189 0.005580
1190 0.005523
1191 0.005508
1192 0.005468
1193 0.005456
1194 0.005489
1195 0.005591
1196 0.005730
1197 0.005916
1198 0.006108
1199 0.006254
1200 0.006343
1201 0.006416
1202 0.006486
1203 0.006579
1204 0.006622
1205 0.006657
1206 0.006639
1207 0.006605
1208 0.006576
1209 0.006586
1210 0.006587
1211 0.006601
1212 0.006614
1213 0.006643
1214 0.006669
1215 0.006732
1216 0.006766
1217 0.006767
1218 0.006770
1219 0.006749
1220 0.006729
1221 0.006752
1222 0.006807
1223 0.006839
1224 0.006826
1225 0.006783
1226 0.006682
1227 0.006568
1228 0.006504
1229 0.006459
1230 0.006403
1231 0.006379
1232 0.006322
1233 0.006270
1234 0.006182
1235 0.006100
1236 0.005960
1237 0.005858
1238 0.005749
1239 0.005639
1240 0.005550
1241 0.005478
1242 0.005386
1243 0.005300
1244 0.005222
1245 0.005159
1246 0.005122
1247 0.005078
1248 0.004952
1249 0.004799
1250 0.004701
1251 0.004626
1252 0.004546
1253 0.004487
1254 0.004410
1255 0.004340
1256 0.004275
1257 0.004170
1258 0.004081
1259 0.004026
1260 0.003957
1261 0.003879
1262 0.003813
1263 0.003753
1264 0.003672
1265 0.003586
1266 0.003512
1267 0.003428
1268 0.003362
1269 0.003302
1270 0.003236
1271 0.003142
1272 0.003058
1273 0.002991
1274 0.002939
1275 0.002884
1276 0.002829
1277 0.002793
1278 0.002757
1279 0.002702
1280 0.002667
1281 0.002640
1282 0.002624
1283 0.002613
1284 0.002586
1285 0.002547
1286 0.002504
1287 0.002470
1288 0.002435
1289 0.002404
1290 0.002375
1291 0.002337
1292 0.002313
1293 0.002291
1294 0.002277
1295 0.002254
1296 0.002250
1297 0.002244
1298 0.002243
1299 0.002234
1300 0.002213
1301 0.002202
1302 0.002191
1303 0.002194
1304 0.002209
1305 0.002220
1306 0.002196
1307 0.002148
1308 0.002117
1309 0.002075
1310 0.002060
1311 0.002023
1312 0.001976
1313 0.001929
1314 0.001880
1315 0.001825
1316 0.001779
1317 0.001742
1318 0.001706
1319 0.001647
1320 0.001596
1321 0.001553
1322 0.001501
1323 0.001454
1324 0.001405
1325 0.001364
1326 0.001316
1327 0.001276
1328 0.001239
1329 0.001216
1330 0.001211
1331 0.001205
1332 0.001214
1333 0.001237
1334 0.001268
1335 0.001291
1336 0.001306
1337 0.001316
1338 0.001310
1339 0.001294
1340 0.001261
1341 0.001225
1342 0.001180
1343 0.001133
1344 0.001098
1345 0.001077
1346 0.001067
1347 0.001060
1348 0.001064
1349 0.001069
1350 0.001072
1351 0.001072
1352 0.001067
1353 0.001051
1354 0.001033
1355 0.001017
1356 0.001013
1357 0.001010
1358 0.001007
1359 0.001011
1360 0.001013
1361 0.001005
1362 0.000998
1363 0.000987
1364 0.000973
1365 0.000960
1366 0.000946
1367 0.000931
1368 0.000921
1369 0.000908
1370 0.000893
1371 0.000880
1372 0.000867
1373 0.000854
1374 0.000847
1375 0.000837
1376 0.000821
1377 0.000805
1378 0.000789
1379 0.000776
1380 0.000763
1381 0.000755
1382 0.000742
1383 0.000725
1384 0.000711
1385 0.000701
1386 0.000693
1387 0.000684
1388 0.000675
1389 0.000667
1390 0.000661
1391 0.000656
1392 0.000650
1393 0.000644
1394 0.000634
1395 0.000624
1396 0.000615
1397 0.000607
1398 0.000598
1399 0.000588
1400 0.000579
1401 0.000572
1402 0.000569
1403 0.000567
1404 0.000562
1405 0.000556
1406 0.000552
1407 0.000550
1408 0.000543
1409 0.000539
1410 0.000538
1411 0.000537
1412 0.000534
1413 0.000531
1414 0.000529
1415 0.000529
1416 0.000528
1417 0.000524
1418 0.000524
1419 0.000525
1420 0.000525
1421 0.000529
1422 0.000533
1423 0.000540
1424 0.000540
1425 0.000533
1426 0.000527
1427 0.000524
1428 0.000521
1429 0.000518
1430 0.000517
1431 0.000516
1432 0.000514
1433 0.000509
1434 0.000504
1435 0.000498
1436 0.000490
1437 0.000485
1438 0.000478
1439 0.000472
1440 0.000467
1441 0.000463
1442 0.000457
1443 0.000449
1444 0.000443
1445 0.000439
1446 0.000433
1447 0.000427
1448 0.000419
1449 0.000412
1450 0.000406
1451 0.000402
1452 0.000395
1453 0.000386
1454 0.000382
1455 0.000380
1456 0.000379
1457 0.000375
1458 0.000373
1459 0.000373
1460 0.000374
1461 0.000376
1462 0.000375
1463 0.000368
1464 0.000362
1465 0.000357
1466 0.000353
1467 0.000347
1468 0.000340
1469 0.000335
1470 0.000331
1471 0.000328
1472 0.000322
1473 0.000315
1474 0.000309
1475 0.000303
1476 0.000298
1477 0.000294
1478 0.000290
1479 0.000287
1480 0.000285
1481 0.000283
1482 0.000279
1483 0.000275
1484 0.000270
1485 0.000267
1486 0.000263
1487 0.000260
1488 0.000259
1489 0.000257
1490 0.000253
1491 0.000250
1492 0.000247
1493 0.000244
1494 0.000241
1495 0.000238
1496 0.000238
1497 0.000235
1498 0.000232
1499 0.000230
1500 0.000229
1501 0.000228
1502 0.000227
1503 0.000227
1504 0.000227
1505 0.000226
1506 0.000224
1507 0.000221
1508 0.000218
1509 0.000214
1510 0.000211
1511 0.000208
1512 0.000204
1513 0.000202
1514 0.000201
1515 0.000200
1516 0.000198
1517 0.000196
1518 0.000195
1519 0.000193
1520 0.000190
1521 0.000188
1522 0.000185
1523 0.000183
1524 0.000180
1525 0.000179
1526 0.000179
1527 0.000178
1528 0.000175
1529 0.000173
1530 0.000172
1531 0.000172
1532 0.000172
1533 0.000168
1534 0.000165
1535 0.000163
1536 0.000161
1537 0.000161
1538 0.000159
1539 0.000157
1540 0.000153
1541 0.000151
1542 0.000148
1543 0.000146
1544 0.000145
1545 0.000144
1546 0.000145
1547 0.000143
1548 0.000141
1549 0.000139
1550 0.000137
1551 0.000136
1552 0.000135
1553 0.000133
1554 0.000131
1555 0.000129
1556 0.000127
1557 0.000125
1558 0.000124
1559 0.000122
1560 0.000120
1561 0.000119
1562 0.000117
1563 0.000115
1564 0.000114
1565 0.000114
1566 0.000113
1567 0.000112
1568 0.000111
1569 0.000109
1570 0.000108
1571 0.000107
1572 0.000106
1573 0.000105
1574 0.000103
1575 0.000102
1576 0.000100
1577 0.000099
1578 0.000097
1579 0.000095
1580 0.000094
1581 0.000092
1582 0.000091
1583 0.000089
1584 0.000089
1585 0.000088
1586 0.000087
1587 0.000086
1588 0.000085
1589 0.000084
1590 0.000083
1591 0.000082
1592 0.000082
1593 0.000081
1594 0.000080
1595 0.000079
1596 0.000079
1597 0.000079
1598 0.000078
1599 0.000077
1600 0.000075
1601 0.000074
1602 0.000073
1603 0.000072
1604 0.000071
1605 0.000071
1606 0.000071
1607 0.000070
1608 0.000071
1609 0.000069
1610 0.000068
1611 0.000067
1612 0.000067
1613 0.000066
1614 0.000065
1615 0.000064
1616 0.000063
1617 0.000062
1618 0.000061
1619 0.000060
1620 0.000059
1621 0.000059
1622 0.000058
1623 0.000057
1624 0.000055
1625 0.000055
1626 0.000054
1627 0.000053
1628 0.000052
1629 0.000051
1630 0.000050
1631 0.000049
1632 0.000048
1633 0.000048
1634 0.000047
1635 0.000045
1636 0.000045
1637 0.000044
1638 0.000044
1639 0.000043
1640 0.000043
1641 0.000042
1642 0.000041
1643 0.000041
1644 0.000040
1645 0.000040
1646 0.000040
1647 0.000039
1648 0.000039
1649 0.000038
1650 0.000038
1651 0.000037
1652 0.000037
1653 0.000036
1654 0.000036
1655 0.000037
1656 0.000037
1657 0.000036
1658 0.000035
1659 0.000035
1660 0.000034
1661 0.000034
1662 0.000033
1663 0.000033
1664 0.000032
1665 0.000031
1666 0.000031
1667 0.000030
1668 0.000029
1669 0.000028
1670 0.000028
1671 0.000027
1672 0.000027
1673 0.000027
1674 0.000027
1675 0.000027
1676 0.000027
1677 0.000027
1678 0.000026
1679 0.000026
1680 0.000026
1681 0.000026
1682 0.000026
1683 0.000026
1684 0.000025
1685 0.000025
1686 0.000024
1687 0.000024
1688 0.000024
1689 0.000024
1690 0.000024
1691 0.000024
1692 0.000024
1693 0.000024
1694 0.000023
1695 0.000023
1696 0.000023
1697 0.000022
1698 0.000022
1699 0.000022
1700 0.000022
1701 0.000022
1702 0.000022
1703 0.000022
1704 0.000021
1705 0.000021
1706 0.000021
1707 0.000021
1708 0.000021
1709 0.000020
1710 0.000020
1711 0.000020
1712 0.000020
1713 0.000020
1714 0.000019
1715 0.000019
1716 0.000019
1717 0.000019
1718 0.000019
1719 0.000019
1720 0.000019
1721 0.000018
1722 0.000018
1723 0.000018
1724 0.000018
1725 0.000018
1726 0.000018
1727 0.000018
1728 0.000018
1729 0.000018
1730 0.000018
1731 0.000018
1732 0.000018
1733 0.000018
1734 0.000018
1735 0.000017
1736 0.000017
1737 0.000017
1738 0.000016
1739 0.000016
1740 0.000016
1741 0.000016
1742 0.000016
1743 0.000016
1744 0.000015
1745 0.000015
1746 0.000015
1747 0.000015
1748 0.000015
1749 0.000014
1750 0.000014
1751 0.000014
1752 0.000013
1753 0.000013
1754 0.000013
1755 0.000012
1756 0.000012
1757 0.000012
1758 0.000012
1759 0.000011
1760 0.000011
1761 0.000011
1762 0.000010
1763 0.000010
1764 0.000010
1765 0.000010
1766 0.000010
1767 0.000009
1768 0.000009
1769 0.000009
1770 0.000009
1771 0.000009
1772 0.000009
1773 0.000008
1774 0.000008
1775 0.000008
1776 0.000008
1777 0.000008
1778 0.000007
1779 0.000007
1780 0.000007
1781 0.000007
1782 0.000007
1783 0.000007
1784 0.000006
1785 0.000006
1786 0.000006
1787 0.000006
1788 0.000006
1789 0.000006
1790 0.000006
1791 0.000005
1792 0.000005
1793 0.000005
1794 0.000005
1795 0.000005
1796 0.000005
1797 0.000005
1798 0.000005
1799 0.000005
1800 0.000004
1801 0.000004
1802 0.000004
1803 0.000004
1804 0.000004
1805 0.000004
1806 0.000004
1807 0.000004
1808 0.000004
1809 0.000004
1810 0.000004
1811 0.000004
1812 0.000004
1813 0.000004
1814 0.000004
1815 0.000004
1816 0.000004
1817 0.000004
1818 0.000003
1819 0.000003
1820 0.000003
1821 0.000003
1822 0.000003
1823 0.000003
1824 0.000003
1825 0.000003
1826 0.000003
1827 0.000003
1828 0.000003
1829 0.000003
1830 0.000003
1831 0.000003
1832 0.000003
1833 0.000003
1834 0.000003
1835 0.000003
1836 0.000003
1837 0.000003
1838 0.000003
1839 0.000003
1840 0.000003
1841 0.000003
1842 0.000003
1843 0.000003
1844 0.000003
1845 0.000003
1846 0.000003
1847 0.000003
1848 0.000003
1849 0.000002
1850 0.000002
1851 0.000002
1852 0.000002
1853 0.000002
1854 0.000002
1855 0.000002
1856 0.000002
1857 0.000002
1858 0.000002
1859 0.000002
1860 0.000002
1861 0.000002
1862 0.000002
1863 0.000002
1864 0.000002
1865 0.000002
1866 0.000002
1867 0.000002
1868 0.000002
1869 0.000002
1870 0.000002
1871 0.000002
1872 0.000002
1873 0.000002
1874 0.000002
1875 0.000002
1876 0.000002
1877 0.000002
1878 0.000002
1879 0.000002
1880 0.000002
1881 0.000002
1882 0.000002
1883 0.000002
1884 0.000002
1885 0.000002
1886 0.000002
1887 0.000002
1888 0.000002
1889 0.000001
1890 0.000001
1891 0.000001
1892 0.000001
1893 0.000001
1894 0.000001
1895 0.000001
1896 0.000001
1897 0.000001
1898 0.000001
1899 0.000001
1900 0.000001
1901 0.000001
1902 0.000001
1903 0.000001
1904 0.000001
1905 0.000001
1906 0.000001
1907 0.000001
1908 0.000001
1909 0.000001
1910 0.000001
1911 0.000001
1912 0.000001
1913 0.000001
1914 0.000001
1915 0.000001
1916 0.000001
1917 0.000001
1918 0.000001
1919 0.000001
1920 0.000001
1921 0.000001
1922 0.000001
1923 0.000001
1924 0.000001
1925 0.000001
1926 0.000001
1927 0.000001
1928 0.000001
1929 0.000001
1930 0.000001
1931 0.000001
1932 0.000001
1933 0.000001
1934 0.000001
1935 0.000001
1936 0.000001
1937 0.000001
1938 0.000001
1939 0.000001
