#ite residual of mtx/thermal2.mtx
1 42.782557
2 27.509855
3 31.923631
4 30.274677
5 31.154737
6 30.738646
7 31.100561
8 29.492216
9 27.959411
10 19.520802
11 15.396948
12 20.121012
13 17.792149
14 18.404671
15 18.301754
16 17.410243
17 16.310643
18 14.381029
19 11.860903
20 12.340858
21 13.933172
22 12.831814
23 12.882312
24 12.591018
25 11.901889
26 10.730460
27 9.811445
28 9.125480
29 10.642851
30 10.311562
31 9.758374
32 9.866899
33 9.260001
34 8.785064
35 8.050556
36 7.964835
37 7.808889
38 8.787496
39 8.005748
40 7.624318
41 7.756189
42 6.991917
43 6.927811
44 6.436708
45 6.824647
46 6.985437
47 7.184462
48 6.418548
49 6.443453
50 6.351389
51 5.820669
52 5.878679
53 5.832376
54 6.181307
55 6.163291
56 5.967812
57 5.447302
58 5.558101
59 5.321351
60 5.004741
61 5.205181
62 5.132842
63 5.345101
64 5.081186
65 4.868015
66 4.643420
67 4.780476
68 4.544012
69 4.465860
70 4.694588
71 4.602707
72 4.623096
73 4.323204
74 4.165488
75 4.140942
76 4.203782
77 4.008563
78 4.214683
79 4.278925
80 4.145725
81 4.004578
82 3.785012
83 3.826808
84 3.841839
85 3.801280
86 3.759407
87 3.963876
88 3.866537
89 3.671235
90 3.593964
91 3.448537
92 3.522715
93 3.538221
94 3.463403
95 3.484398
96 3.564967
97 3.347794
98 3.254951
99 3.180596
100 3.221909
101 3.262399
102 3.230780
103 3.217268
104 3.232711
105 3.201173
106 2.942754
107 3.011350
108 2.950779
109 3.041018
110 3.055429
111 3.002829
112 3.021844
113 2.968841
114 2.844135
115 2.739508
116 2.845166
117 2.805381
118 2.855851
119 2.803561
120 2.760962
121 2.778035
122 2.696053
123 2.600965
124 2.660780
125 2.699967
126 2.669326
127 2.654830
128 2.568143
129 2.559985
130 2.495528
131 2.466278
132 2.469712
133 2.608992
134 2.536150
135 2.485773
136 2.457326
137 2.405211
138 2.433771
139 2.352055
140 2.347640
141 2.386920
142 2.427034
143 2.343620
144 2.338720
145 2.319214
146 2.278052
147 2.287056
148 2.230147
149 2.280874
150 2.310696
151 2.301952
152 2.206683
153 2.225265
154 2.167818
155 2.149115
156 2.169525
157 2.158205
158 2.227876
159 2.183584
160 2.131445
161 2.041558
162 2.050575
163 1.989218
164 1.984752
165 2.002963
166 1.998351
167 2.031492
168 1.942547
169 1.896681
170 1.850724
171 1.848106
172 1.791681
173 1.804630
174 1.821822
175 1.801011
176 1.809990
177 1.717496
178 1.698678
179 1.693053
180 1.691746
181 1.671413
182 1.685494
183 1.677938
184 1.632711
185 1.614900
186 1.561884
187 1.566104
188 1.563363
189 1.540312
190 1.534587
191 1.543725
192 1.502980
193 1.491594
194 1.439114
195 1.436390
196 1.436521
197 1.420243
198 1.406525
199 1.395550
200 1.404558
201 1.346757
202 1.340123
203 1.310240
204 1.318969
205 1.323964
206 1.296255
207 1.302049
208 1.297376
209 1.263622
210 1.220828
211 1.213994
212 1.198424
213 1.210911
214 1.191598
215 1.176819
216 1.171409
217 1.161373
218 1.125020
219 1.110978
220 1.110360
221 1.095863
222 1.099266
223 1.062189
224 1.059341
225 1.039871
226 1.014537
227 0.996532
228 0.999979
229 1.002826
230 0.997587
231 0.988700
232 0.960020
233 0.967586
234 0.948715
235 0.930276
236 0.929202
237 0.928171
238 0.918245
239 0.898118
240 0.890526
241 0.858934
242 0.855301
243 0.830644
244 0.814080
245 0.819889
246 0.818952
247 0.800270
248 0.784641
249 0.769713
250 0.752726
251 0.745897
252 0.730014
253 0.730131
254 0.723659
255 0.714248
256 0.689590
257 0.689710
258 0.672515
259 0.669545
260 0.656187
261 0.642335
262 0.653341
263 0.628633
264 0.614607
265 0.598162
266 0.597316
267 0.588094
268 0.585167
269 0.577322
270 0.566955
271 0.565257
272 0.549692
273 0.545462
274 0.536518
275 0.522257
276 0.511731
277 0.506420
278 0.495871
279 0.491294
280 0.480227
281 0.462186
282 0.456399
283 0.450810
284 0.442339
285 0.437935
286 0.434930
287 0.429178
288 0.424681
289 0.407710
290 0.394550
291 0.390496
292 0.384754
293 0.376711
294 0.369763
295 0.360231
296 0.348830
297 0.341596
298 0.326006
299 0.324004
300 0.319584
301 0.313270
302 0.306769
303 0.300607
304 0.292875
305 0.282254
306 0.274487
307 0.264398
308 0.265150
309 0.256318
310 0.248013
311 0.242499
312 0.235221
313 0.229696
314 0.223630
315 0.217899
316 0.214485
317 0.208596
318 0.207760
319 0.197866
320 0.198772
321 0.191469
322 0.185513
323 0.181968
324 0.175691
325 0.174929
326 0.170726
327 0.164798
328 0.162568
329 0.157016
330 0.153461
331 0.147606
332 0.144681
333 0.142229
334 0.138715
335 0.135362
336 0.128407
337 0.127514
338 0.121890
339 0.117655
340 0.115405
341 0.112200
342 0.110210
343 0.107239
344 0.102877
345 0.100009
346 0.096726
347 0.092834
348 0.090426
349 0.087212
350 0.085245
351 0.081442
352 0.078922
353 0.075359
354 0.072697
355 0.070051
356 0.067689
357 0.067130
358 0.064471
359 0.062299
360 0.059951
361 0.057512
362 0.055667
363 0.053564
364 0.051349
365 0.050067
366 0.048837
367 0.046773
368 0.044909
369 0.043507
370 0.041811
371 0.040527
372 0.039676
373 0.038434
374 0.038103
375 0.036985
376 0.035432
377 0.034612
378 0.033205
379 0.032081
380 0.030551
381 0.029441
382 0.028307
383 0.027662
384 0.026460
385 0.025390
386 0.024658
387 0.023481
388 0.022656
389 0.021614
390 0.020876
391 0.020146
392 0.019335
393 0.018295
394 0.017465
395 0.016827
396 0.016196
397 0.015614
398 0.015066
399 0.014527
400 0.013978
401 0.013310
402 0.012563
403 0.012188
404 0.011758
405 0.011325
406 0.010844
407 0.010381
408 0.009979
409 0.009577
410 0.009139
411 0.008799
412 0.008605
413 0.008305
414 0.008038
415 0.007741
416 0.007471
417 0.007235
418 0.006953
419 0.006660
420 0.006531
421 0.006427
422 0.006264
423 0.006155
424 0.005971
425 0.005833
426 0.005702
427 0.005598
428 0.005529
429 0.005530
430 0.005445
431 0.005346
432 0.005306
433 0.005201
434 0.005143
435 0.005014
436 0.004968
437 0.004899
438 0.004782
439 0.004537
440 0.004389
441 0.004379
442 0.004254
443 0.004161
444 0.004203
445 0.004052
446 0.004122
447 0.003962
448 0.003931
449 0.003875
450 0.003726
451 0.003676
452 0.003543
453 0.003516
454 0.003454
455 0.003331
456 0.003248
457 0.003140
458 0.003118
459 0.002976
460 0.002851
461 0.002744
462 0.002609
463 0.002522
464 0.002394
465 0.002272
466 0.002192
467 0.002093
468 0.002021
469 0.001976
470 0.001920
471 0.001920
472 0.001808
473 0.001761
474 0.001665
475 0.001625
476 0.001555
477 0.001494
478 0.001462
479 0.001380
480 0.001330
481 0.001273
482 0.001218
483 0.001186
484 0.001129
485 0.001092
486 0.001065
487 0.001021
488 0.000982
489 0.000943
490 0.000910
491 0.000898
492 0.000868
493 0.000855
494 0.000830
495 0.000818
496 0.000788
497 0.000764
498 0.000757
499 0.000738
500 0.000733
501 0.000708
502 0.000686
503 0.000640
504 0.000633
505 0.000599
506 0.000609
507 0.000577
508 0.000583
509 0.000569
510 0.000565
511 0.000556
512 0.000543
513 0.000535
514 0.000511
515 0.000521
516 0.000510
517 0.000514
518 0.000511
519 0.000506
520 0.000511
521 0.000501
522 0.000508
523 0.000509
524 0.000530
525 0.000541
526 0.000545
527 0.000547
528 0.000542
529 0.000554
530 0.000549
531 0.000565
532 0.000580
533 0.000600
534 0.000613
535 0.000618
536 0.000637
537 0.000638
538 0.000659
539 0.000666
540 0.000688
541 0.000712
542 0.000730
543 0.000748
544 0.000770
545 0.000789
546 0.000802
547 0.000815
548 0.000828
549 0.000853
550 0.000867
551 0.000874
552 0.000884
553 0.000896
554 0.000902
555 0.000911
556 0.000918
557 0.000923
558 0.000933
559 0.000924
560 0.000916
561 0.000916
562 0.000910
563 0.000896
564 0.000891
565 0.000874
566 0.000865
567 0.000851
568 0.000831
569 0.000808
570 0.000791
571 0.000768
572 0.000742
573 0.000729
574 0.000705
575 0.000683
576 0.000653
577 0.000619
578 0.000595
579 0.000568
580 0.000543
581 0.000517
582 0.000493
583 0.000460
584 0.000430
585 0.000399
586 0.000375
587 0.000352
588 0.000325
589 0.000304
590 0.000284
591 0.000264
592 0.000245
593 0.000229
594 0.000213
595 0.000202
596 0.000192
597 0.000183
598 0.000176
599 0.000169
600 0.000160
601 0.000152
602 0.000146
603 0.000140
604 0.000136
605 0.000133
606 0.000131
607 0.000131
608 0.000130
609 0.000131
610 0.000134
611 0.000137
612 0.000142
613 0.000147
614 0.000152
615 0.000160
616 0.000166
617 0.000174
618 0.000181
619 0.000192
620 0.000202
621 0.000212
622 0.000221
623 0.000228
624 0.000239
625 0.000246
626 0.000254
627 0.000263
628 0.000268
629 0.000270
630 0.000270
631 0.000264
632 0.000259
633 0.000247
634 0.000232
635 0.000216
636 0.000199
637 0.000182
638 0.000164
639 0.000149
640 0.000134
641 0.000122
642 0.000111
643 0.000101
644 0.000095
645 0.000090
646 0.000088
647 0.000088
648 0.000091
649 0.000096
650 0.000103
651 0.000112
652 0.000123
653 0.000137
654 0.000150
655 0.000158
656 0.000161
657 0.000157
658 0.000147
659 0.000135
660 0.000120
661 0.000108
662 0.000098
663 0.000092
664 0.000090
665 0.000090
666 0.000093
667 0.000096
668 0.000099
669 0.000098
670 0.000095
671 0.000088
672 0.000082
673 0.000079
674 0.000078
675 0.000079
676 0.000081
677 0.000081
678 0.000080
679 0.000078
680 0.000074
681 0.000072
682 0.000070
683 0.000069
684 0.000068
685 0.000067
686 0.000066
687 0.000063
688 0.000062
689 0.000060
690 0.000059
691 0.000058
692 0.000057
693 0.000056
694 0.000056
695 0.000055
696 0.000055
697 0.000055
698 0.000053
699 0.000053
700 0.000052
701 0.000051
702 0.000051
703 0.000051
704 0.000051
705 0.000050
706 0.000049
707 0.000049
708 0.000049
709 0.000049
710 0.000049
711 0.000049
712 0.000048
713 0.000048
714 0.000048
715 0.000047
716 0.000047
717 0.000048
718 0.000047
719 0.000048
720 0.000047
721 0.000047
722 0.000046
723 0.000046
724 0.000045
725 0.000045
726 0.000044
727 0.000044
728 0.000044
729 0.000043
730 0.000043
731 0.000042
732 0.000042
733 0.000042
734 0.000042
735 0.000041
736 0.000041
737 0.000041
738 0.000040
739 0.000039
740 0.000039
741 0.000039
742 0.000039
743 0.000038
744 0.000037
745 0.000036
746 0.000035
747 0.000034
748 0.000033
749 0.000033
750 0.000032
751 0.000031
752 0.000031
753 0.000030
754 0.000029
755 0.000028
756 0.000028
757 0.000027
758 0.000027
759 0.000027
760 0.000026
761 0.000026
762 0.000026
763 0.000026
764 0.000026
765 0.000026
766 0.000026
767 0.000026
768 0.000026
769 0.000026
770 0.000026
771 0.000026
772 0.000026
773 0.000026
774 0.000026
775 0.000026
776 0.000026
777 0.000026
778 0.000025
779 0.000025
780 0.000024
781 0.000023
782 0.000023
783 0.000022
784 0.000021
785 0.000020
786 0.000019
787 0.000018
788 0.000017
789 0.000016
790 0.000016
791 0.000015
792 0.000015
793 0.000014
794 0.000014
795 0.000014
796 0.000014
797 0.000013
798 0.000013
799 0.000013
800 0.000012
801 0.000012
802 0.000012
803 0.000011
804 0.000011
805 0.000011
806 0.000011
807 0.000010
808 0.000010
809 0.000010
810 0.000010
811 0.000009
812 0.000009
813 0.000009
814 0.000009
815 0.000009
816 0.000009
817 0.000009
818 0.000009
819 0.000009
820 0.000009
821 0.000009
822 0.000009
823 0.000009
824 0.000009
825 0.000009
826 0.000009
827 0.000009
828 0.000009
829 0.000009
830 0.000008
831 0.000008
832 0.000008
833 0.000008
834 0.000008
835 0.000008
836 0.000008
837 0.000008
838 0.000008
839 0.000008
840 0.000008
841 0.000008
842 0.000008
843 0.000008
844 0.000008
845 0.000008
846 0.000008
847 0.000008
848 0.000008
849 0.000008
850 0.000008
851 0.000008
852 0.000008
853 0.000008
854 0.000008
855 0.000008
856 0.000008
857 0.000008
858 0.000008
859 0.000008
860 0.000008
861 0.000008
862 0.000008
863 0.000008
864 0.000008
865 0.000008
866 0.000008
867 0.000008
868 0.000008
869 0.000008
870 0.000008
871 0.000008
872 0.000008
873 0.000008
874 0.000007
875 0.000007
876 0.000007
877 0.000007
878 0.000007
879 0.000007
880 0.000007
881 0.000006
882 0.000006
883 0.000006
884 0.000006
885 0.000006
886 0.000005
887 0.000005
888 0.000005
889 0.000005
890 0.000005
891 0.000005
892 0.000005
893 0.000004
894 0.000004
895 0.000004
896 0.000004
897 0.000004
898 0.000004
899 0.000004
900 0.000004
901 0.000004
902 0.000004
903 0.000004
904 0.000004
905 0.000003
906 0.000003
907 0.000003
908 0.000003
909 0.000003
910 0.000003
911 0.000003
912 0.000003
913 0.000003
914 0.000003
915 0.000003
916 0.000003
917 0.000003
918 0.000003
919 0.000003
920 0.000003
921 0.000003
922 0.000003
923 0.000003
924 0.000003
925 0.000003
926 0.000003
927 0.000003
928 0.000003
929 0.000003
930 0.000003
931 0.000003
932 0.000002
933 0.000002
934 0.000002
935 0.000002
936 0.000002
937 0.000002
938 0.000002
939 0.000002
940 0.000002
941 0.000002
942 0.000002
943 0.000002
944 0.000002
945 0.000002
946 0.000002
947 0.000002
948 0.000002
949 0.000002
950 0.000002
951 0.000002
952 0.000002
953 0.000002
954 0.000002
955 0.000002
956 0.000002
957 0.000002
958 0.000002
959 0.000002
960 0.000002
961 0.000002
962 0.000002
963 0.000002
964 0.000002
965 0.000002
966 0.000002
967 0.000002
968 0.000002
969 0.000002
970 0.000002
971 0.000002
972 0.000002
973 0.000002
974 0.000002
975 0.000002
976 0.000002
977 0.000002
978 0.000002
979 0.000002
980 0.000002
981 0.000001
982 0.000001
983 0.000001
984 0.000001
985 0.000001
986 0.000001
987 0.000001
988 0.000001
989 0.000001
990 0.000001
991 0.000001
992 0.000001
993 0.000001
994 0.000001
995 0.000001
996 0.000001
997 0.000001
998 0.000001
999 0.000001
1000 0.000001
1001 0.000001
1002 0.000001
1003 0.000001
1004 0.000001
1005 0.000001
