#ite residual of mtx/s3rmq4m1.mtx
1 44.178024
2 32.707641
3 32.967676
4 33.720826
5 33.014794
6 32.427858
7 31.585965
8 31.282973
9 32.242746
10 32.132222
11 32.581504
12 32.026734
13 33.292730
14 33.606131
15 33.089262
16 32.269119
17 31.422307
18 32.738315
19 30.932276
20 28.518170
21 27.641392
22 27.642463
23 29.800515
24 30.547368
25 31.033096
26 30.846852
27 30.562752
28 29.861671
29 27.422406
30 26.122702
31 26.810913
32 27.754704
33 28.880998
34 28.748232
35 28.456365
36 28.058871
37 28.991240
38 31.239602
39 33.412289
40 34.028035
41 34.139217
42 33.975987
43 35.075465
44 34.063572
45 34.035127
46 32.339301
47 30.766175
48 30.657821
49 31.879799
50 32.895880
51 31.851419
52 31.853386
53 31.917561
54 31.229836
55 30.279908
56 29.966564
57 29.301941
58 29.387191
59 27.724609
60 27.723532
61 28.497119
62 29.863112
63 31.156100
64 31.562089
65 32.766639
66 32.455873
67 32.757358
68 31.539336
69 31.913220
70 30.535410
71 31.700383
72 31.379134
73 31.518978
74 30.423758
75 29.256843
76 29.794153
77 31.760253
78 33.048020
79 33.264416
80 31.456466
81 30.096623
82 29.677110
83 31.076871
84 32.213136
85 34.816546
86 33.008373
87 32.205138
88 31.571359
89 30.977493
90 32.175592
91 32.083343
92 33.683377
93 34.237306
94 33.809061
95 33.066832
96 32.691960
97 32.915226
98 33.931268
99 35.003646
100 35.074951
101 35.461692
102 34.238174
103 31.624236
104 33.196924
105 34.790705
106 36.442189
107 38.300071
108 36.882110
109 35.320582
110 35.923969
111 38.796642
112 41.111190
113 42.825273
114 41.031117
115 41.050307
116 39.067133
117 39.550711
118 38.447547
119 38.904709
120 39.231230
121 38.608890
122 37.594390
123 40.267163
124 41.464679
125 40.889278
126 41.691001
127 41.150718
128 39.484615
129 38.133583
130 37.677377
131 37.485234
132 38.778507
133 39.264542
134 36.018896
135 34.619726
136 33.707555
137 36.219689
138 36.491819
139 36.790386
140 36.357467
141 38.269767
142 39.733764
143 40.096024
144 40.792269
145 40.856505
146 40.092634
147 41.163399
148 40.733558
149 40.061127
150 39.150431
151 39.800006
152 40.944212
153 41.499029
154 41.260210
155 39.173649
156 38.898180
157 37.786613
158 37.492801
159 35.908108
160 35.831250
161 38.556834
162 37.738386
163 35.799151
164 35.433668
165 34.716240
166 33.895270
167 32.259866
168 32.615937
169 32.132040
170 32.361945
171 31.756023
172 31.228325
173 30.856646
174 30.188216
175 30.691047
176 31.412991
177 32.366874
178 31.906396
179 32.229013
180 31.969655
181 31.474809
182 30.327590
183 29.133438
184 28.253694
185 27.447116
186 27.607963
187 28.395261
188 28.908024
189 29.995525
190 30.368726
191 32.079643
192 32.464632
193 33.124013
194 33.276765
195 33.078579
196 33.358839
197 34.849807
198 34.247653
199 32.422091
200 31.090198
201 30.820845
202 31.654225
203 33.588582
204 32.162804
205 30.258417
206 29.828686
207 29.464868
208 30.417178
209 30.582645
210 30.536696
211 29.979528
212 30.449261
213 31.029893
214 33.169724
215 35.099853
216 36.596131
217 36.439524
218 37.108628
219 37.956105
220 39.134491
221 40.435608
222 40.910408
223 38.982124
224 36.313151
225 34.380366
226 36.055472
227 35.589669
228 35.493304
229 36.087555
230 37.953641
231 37.699792
232 38.181153
233 38.110691
234 38.234227
235 37.973860
236 35.709235
237 34.001882
238 33.124915
239 31.824166
240 31.437523
241 32.944281
242 34.172873
243 35.108296
244 36.908727
245 37.812580
246 36.774820
247 37.389133
248 36.957591
249 39.028492
250 39.987648
251 40.216209
252 39.505914
253 38.710408
254 38.771462
255 39.511708
256 40.693920
257 42.315274
258 42.767349
259 42.531245
260 41.225092
261 41.481586
262 43.012751
263 43.851244
264 45.782570
265 46.397975
266 46.649560
267 44.498961
268 43.523697
269 42.702523
270 43.412844
271 43.349487
272 43.294032
273 45.144963
274 45.891275
275 48.453422
276 46.942411
277 43.832390
278 42.135665
279 41.280285
280 42.305208
281 44.984692
282 46.582929
283 49.240199
284 52.691094
285 53.472194
286 51.334499
287 50.082990
288 49.823008
289 48.894557
290 48.184633
291 49.771497
292 48.276782
293 47.513147
294 47.573300
295 45.431798
296 43.695887
297 42.233966
298 41.418174
299 42.537890
300 43.975563
301 46.394181
302 49.700595
303 50.379513
304 49.999721
305 48.123109
306 48.165332
307 48.701695
308 49.981773
309 50.104085
310 49.684698
311 47.197140
312 47.331265
313 48.008277
314 47.738662
315 43.618103
316 41.054818
317 42.021225
318 43.969880
319 45.116376
320 45.645796
321 45.201575
322 45.086403
323 44.473524
324 42.186106
325 41.549169
326 43.615263
327 44.639851
328 43.446012
329 42.468450
330 42.503465
331 41.678835
332 43.759477
333 44.127200
334 43.270416
335 40.923687
336 40.116499
337 40.101190
338 40.061489
339 39.840164
340 38.873404
341 39.326861
342 38.281555
343 38.301143
344 37.489963
345 39.317883
346 40.225048
347 40.132854
348 37.418726
349 36.020841
350 36.613809
351 35.033978
352 34.160100
353 34.166138
354 35.694382
355 36.909918
356 37.554032
357 38.019608
358 38.426370
359 37.640789
360 36.160901
361 36.858579
362 35.005279
363 33.699299
364 33.246078
365 34.184762
366 34.203036
367 35.534517
368 36.267420
369 36.300042
370 37.101088
371 37.479464
372 37.653183
373 37.235121
374 38.523396
375 38.597301
376 37.381885
377 36.028280
378 35.946459
379 35.587457
380 33.903672
381 32.616901
382 31.895903
383 31.506889
384 32.763567
385 33.844660
386 34.772192
387 34.232369
388 32.392858
389 30.164547
390 29.658977
391 29.215737
392 29.181844
393 29.707728
394 29.628309
395 30.250983
396 30.788975
397 32.721460
398 33.482293
399 32.855608
400 32.698296
401 34.102460
402 31.968046
403 31.074665
404 31.899272
405 32.148749
406 32.145380
407 31.314266
408 30.822819
409 30.514468
410 31.835546
411 32.982888
412 32.957977
413 33.493989
414 31.752581
415 32.526204
416 33.150237
417 33.309520
418 33.459858
419 31.613979
420 31.294512
421 30.438561
422 30.337333
423 31.233451
424 30.359296
425 29.672937
426 28.988881
427 28.310295
428 28.225658
429 28.252309
430 29.249828
431 29.610300
432 30.786308
433 33.365885
434 32.828442
435 32.195127
436 31.835204
437 31.164535
438 29.963488
439 29.481894
440 29.924620
441 29.954972
442 28.619208
443 27.434698
444 27.322510
445 29.858171
446 30.250066
447 31.321350
448 30.875980
449 28.648025
450 27.741664
451 26.724326
452 26.764581
453 26.483694
454 25.893201
455 25.217398
456 26.004986
457 26.150128
458 25.128333
459 24.945255
460 24.071659
461 24.540355
462 23.362909
463 22.854385
464 22.943732
465 23.362384
466 23.046531
467 22.896913
468 22.054123
469 22.401279
470 22.134931
471 21.781602
472 21.912166
473 22.442307
474 21.945696
475 21.062733
476 20.009998
477 19.945617
478 19.895057
479 19.366627
480 17.466245
481 16.261189
482 15.876407
483 16.280993
484 16.589396
485 15.962734
486 15.204548
487 13.746382
488 12.650318
489 12.293837
490 11.928571
491 11.959460
492 12.181240
493 11.912690
494 12.170696
495 11.802669
496 11.560149
497 11.476908
498 11.561034
499 11.365878
500 11.194342
501 11.255535
502 10.799131
503 10.241778
504 9.317128
505 9.161535
506 9.367898
507 8.320734
508 8.224754
509 8.105855
510 7.844732
511 7.300008
512 7.683774
513 7.046574
514 6.797726
515 6.935096
516 6.977127
517 7.232636
518 6.709233
519 6.060028
520 6.287627
521 6.799891
522 6.742499
523 6.287823
524 6.562565
525 6.400672
526 6.424738
527 6.217752
528 6.243830
529 6.375872
530 6.855225
531 7.015011
532 7.113413
533 7.626960
534 7.679277
535 7.613801
536 7.319730
537 6.923949
538 6.524541
539 6.508439
540 6.282875
541 6.315321
542 6.356919
543 6.120918
544 6.054246
545 6.202829
546 6.388554
547 6.335014
548 6.345145
549 6.008308
550 6.198475
551 6.016678
552 5.777454
553 5.676356
554 5.881263
555 6.273034
556 6.249943
557 5.678231
558 5.365777
559 5.025623
560 5.279410
561 5.352169
562 5.624686
563 5.594024
564 5.688921
565 5.574288
566 5.780775
567 5.667661
568 5.761372
569 5.760518
570 5.823496
571 5.888605
572 5.771952
573 5.372095
574 5.199365
575 4.803213
576 4.665673
577 4.451328
578 4.409627
579 4.293773
580 4.382378
581 4.178616
582 4.032114
583 4.274239
584 4.479276
585 4.854702
586 4.723706
587 4.524362
588 4.323036
589 4.099335
590 3.903488
591 4.057983
592 3.933997
593 3.974327
594 3.688913
595 3.580876
596 3.353647
597 3.432710
598 3.359656
599 3.243525
600 3.204697
601 3.088559
602 3.115440
603 3.325235
604 3.300285
605 3.245893
606 2.974052
607 3.007957
608 3.091819
609 3.215592
610 3.097209
611 2.915670
612 2.889866
613 2.945329
614 3.116909
615 3.290336
616 3.020878
617 2.685515
618 2.642280
619 2.652254
620 2.653676
621 2.569611
622 2.600885
623 2.716562
624 2.762069
625 2.577578
626 2.469111
627 2.295795
628 2.245877
629 2.243037
630 2.173768
631 2.295386
632 2.427598
633 2.565838
634 2.531288
635 2.307655
636 2.127889
637 1.990889
638 1.849929
639 1.917393
640 1.968594
641 1.965310
642 1.959250
643 1.918376
644 1.909864
645 1.873624
646 1.901820
647 1.896045
648 1.948844
649 2.075338
650 2.132601
651 2.032315
652 2.060051
653 2.092085
654 2.182459
655 2.311383
656 2.463437
657 2.243639
658 2.108383
659 2.065893
660 2.026852
661 2.114768
662 2.172680
663 2.168033
664 2.153034
665 2.111083
666 2.196836
667 2.189982
668 2.216326
669 2.153857
670 2.007773
671 1.971041
672 1.993718
673 2.001594
674 1.995985
675 2.100001
676 2.314262
677 2.265304
678 2.077746
679 1.861534
680 1.849286
681 2.178312
682 2.549023
683 2.729863
684 2.738260
685 2.751795
686 2.639119
687 2.532743
688 2.501892
689 2.593876
690 2.708098
691 2.841604
692 2.984478
693 2.884450
694 2.693365
695 2.743586
696 2.790037
697 2.892145
698 2.976383
699 3.088715
700 3.140203
701 3.256877
702 3.277424
703 3.220054
704 3.309431
705 3.381587
706 3.265549
707 3.055332
708 2.805315
709 2.751512
710 2.709300
711 2.878858
712 3.000908
713 3.246390
714 3.252800
715 3.239422
716 3.315294
717 3.377570
718 3.349597
719 3.212588
720 2.971172
721 2.798891
722 2.567562
723 2.519253
724 2.431766
725 2.368608
726 2.404919
727 2.482055
728 2.577114
729 2.692652
730 2.757213
731 2.895415
732 2.972268
733 2.944655
734 2.851742
735 2.796464
736 2.860977
737 2.799314
738 2.818395
739 2.766718
740 2.629934
741 2.440218
742 2.353969
743 2.322845
744 2.307171
745 2.331770
746 2.255888
747 2.297624
748 2.246116
749 2.202226
750 2.018159
751 2.015666
752 2.003766
753 1.978779
754 2.016914
755 1.894415
756 1.777170
757 1.768461
758 1.790193
759 1.778977
760 1.651804
761 1.571304
762 1.525149
763 1.502792
764 1.505610
765 1.515562
766 1.517770
767 1.547179
768 1.626964
769 1.578866
770 1.521782
771 1.424017
772 1.435521
773 1.367272
774 1.406614
775 1.395273
776 1.452555
777 1.358639
778 1.389622
779 1.436190
780 1.561141
781 1.682410
782 1.618991
783 1.576312
784 1.523700
785 1.484195
786 1.614868
787 1.624916
788 1.644371
789 1.700498
790 1.714523
791 1.644698
792 1.564924
793 1.520267
794 1.473255
795 1.406605
796 1.363305
797 1.354176
798 1.256662
799 1.184464
800 1.178641
801 1.190715
802 1.199429
803 1.182935
804 1.144648
805 1.184784
806 1.172080
807 1.158196
808 1.027347
809 0.983902
810 0.932601
811 0.870874
812 0.902604
813 0.921661
814 0.897247
815 0.892589
816 0.962310
817 1.040500
818 0.981802
819 0.999771
820 1.020795
821 1.019092
822 1.020578
823 0.954226
824 0.918342
825 0.970091
826 1.002682
827 0.978356
828 0.972753
829 1.001601
830 0.944877
831 0.870721
832 0.859781
833 0.915086
834 0.978176
835 0.997430
836 1.036343
837 0.963492
838 0.915990
839 0.905769
840 0.997111
841 1.009662
842 1.021508
843 1.048816
844 1.064196
845 0.991534
846 0.923951
847 0.854072
848 0.799048
849 0.745435
850 0.723507
851 0.694430
852 0.686783
853 0.627018
854 0.626090
855 0.601733
856 0.599516
857 0.583011
858 0.611709
859 0.614096
860 0.602559
861 0.571356
862 0.526307
863 0.476827
864 0.494602
865 0.509087
866 0.533575
867 0.524302
868 0.493119
869 0.497037
870 0.497768
871 0.496319
872 0.483689
873 0.508951
874 0.503034
875 0.508719
876 0.494960
877 0.479606
878 0.455626
879 0.435499
880 0.405870
881 0.400549
882 0.404303
883 0.406335
884 0.381234
885 0.338498
886 0.321908
887 0.300296
888 0.304646
889 0.293408
890 0.291910
891 0.284185
892 0.298622
893 0.290618
894 0.284254
895 0.271324
896 0.268955
897 0.263293
898 0.261094
899 0.258781
900 0.246405
901 0.227733
902 0.232381
903 0.235057
904 0.232826
905 0.217994
906 0.203872
907 0.178467
908 0.185741
909 0.205200
910 0.213719
911 0.192974
912 0.179096
913 0.164024
914 0.167984
915 0.188942
916 0.197207
917 0.188057
918 0.173456
919 0.168401
920 0.178397
921 0.170687
922 0.154985
923 0.142848
924 0.147762
925 0.146687
926 0.154155
927 0.155938
928 0.157292
929 0.157884
930 0.162309
931 0.159117
932 0.161843
933 0.153226
934 0.144292
935 0.136118
936 0.128589
937 0.123360
938 0.116426
939 0.114214
940 0.106067
941 0.106167
942 0.102838
943 0.113017
944 0.118870
945 0.122287
946 0.117541
947 0.106365
948 0.107351
949 0.114530
950 0.123258
951 0.124643
952 0.126919
953 0.132282
954 0.132924
955 0.131651
956 0.123901
957 0.117397
958 0.116730
959 0.111494
960 0.100559
961 0.092034
962 0.100045
963 0.103443
964 0.105114
965 0.101221
966 0.104165
967 0.099234
968 0.098241
969 0.096986
970 0.099791
971 0.098581
972 0.091793
973 0.087459
974 0.084149
975 0.081808
976 0.080247
977 0.079502
978 0.080914
979 0.074257
980 0.072186
981 0.072986
982 0.077211
983 0.081890
984 0.081435
985 0.076005
986 0.071987
987 0.070329
988 0.067396
989 0.063402
990 0.059807
991 0.058969
992 0.057918
993 0.061182
994 0.063813
995 0.067578
996 0.066463
997 0.066240
998 0.061655
999 0.056066
1000 0.051315
1001 0.051302
1002 0.050920
1003 0.053454
1004 0.053346
1005 0.049603
1006 0.046984
1007 0.046073
1008 0.046848
1009 0.049880
1010 0.055948
1011 0.055916
1012 0.050643
1013 0.047942
1014 0.046738
1015 0.047016
1016 0.045230
1017 0.044412
1018 0.041822
1019 0.040319
1020 0.039893
1021 0.040546
1022 0.042119
1023 0.041993
1024 0.043169
1025 0.044329
1026 0.041143
1027 0.036858
1028 0.032699
1029 0.031243
1030 0.031950
1031 0.033329
1032 0.036117
1033 0.035179
1034 0.035952
1035 0.033220
1036 0.031809
1037 0.030990
1038 0.031747
1039 0.032848
1040 0.031232
1041 0.030840
1042 0.029293
1043 0.028592
1044 0.029817
1045 0.028927
1046 0.027876
1047 0.025694
1048 0.024099
1049 0.025064
1050 0.023845
1051 0.023223
1052 0.022859
1053 0.021807
1054 0.021997
1055 0.022651
1056 0.024090
1057 0.024533
1058 0.023920
1059 0.022154
1060 0.022713
1061 0.023819
1062 0.023372
1063 0.023305
1064 0.023453
1065 0.022986
1066 0.022514
1067 0.021030
1068 0.019741
1069 0.019108
1070 0.020309
1071 0.021174
1072 0.021798
1073 0.021804
1074 0.021527
1075 0.022468
1076 0.024083
1077 0.023571
1078 0.022355
1079 0.021214
1080 0.023203
1081 0.025264
1082 0.026874
1083 0.026982
1084 0.026528
1085 0.026853
1086 0.026892
1087 0.025951
1088 0.026279
1089 0.026352
1090 0.025831
1091 0.023900
1092 0.023079
1093 0.021782
1094 0.022708
1095 0.021776
1096 0.021832
1097 0.021045
1098 0.021612
1099 0.023117
1100 0.024842
1101 0.025379
1102 0.023256
1103 0.022829
1104 0.024385
1105 0.027104
1106 0.026772
1107 0.023573
1108 0.022240
1109 0.022960
1110 0.022546
1111 0.021852
1112 0.021986
1113 0.024479
1114 0.025474
1115 0.026318
1116 0.023856
1117 0.023586
1118 0.024571
1119 0.025474
1120 0.024927
1121 0.023304
1122 0.021774
1123 0.022683
1124 0.024938
1125 0.025489
1126 0.025747
1127 0.023595
1128 0.022861
1129 0.023854
1130 0.022590
1131 0.020501
1132 0.020084
1133 0.021800
1134 0.023626
1135 0.022851
1136 0.020716
1137 0.020870
1138 0.021498
1139 0.022453
1140 0.021502
1141 0.022461
1142 0.020963
1143 0.021768
1144 0.021324
1145 0.023280
1146 0.022778
1147 0.022508
1148 0.022642
1149 0.022679
1150 0.023602
1151 0.022866
1152 0.022327
1153 0.022352
1154 0.022806
1155 0.023542
1156 0.023390
1157 0.024753
1158 0.024162
1159 0.024620
1160 0.024829
1161 0.023199
1162 0.022825
1163 0.024294
1164 0.025765
1165 0.025559
1166 0.023865
1167 0.022617
1168 0.022341
1169 0.024147
1170 0.024357
1171 0.026412
1172 0.025838
1173 0.026235
1174 0.026385
1175 0.025563
1176 0.026552
1177 0.025476
1178 0.029025
1179 0.029537
1180 0.029658
1181 0.027858
1182 0.025813
1183 0.025736
1184 0.026520
1185 0.027229
1186 0.025775
1187 0.024909
1188 0.026107
1189 0.027271
1190 0.029346
1191 0.028527
1192 0.028146
1193 0.025777
1194 0.025061
1195 0.027670
1196 0.029676
1197 0.029767
1198 0.027232
1199 0.028332
1200 0.028634
1201 0.028793
1202 0.027423
1203 0.025073
1204 0.023830
1205 0.024809
1206 0.026427
1207 0.028234
1208 0.026562
1209 0.025005
1210 0.024178
1211 0.024501
1212 0.025179
1213 0.027893
1214 0.028351
1215 0.027737
1216 0.028057
1217 0.029915
1218 0.028969
1219 0.027769
1220 0.025571
1221 0.025055
1222 0.026002
1223 0.025608
1224 0.024913
1225 0.023424
1226 0.025130
1227 0.027914
1228 0.030538
1229 0.031326
1230 0.030665
1231 0.028696
1232 0.028193
1233 0.029658
1234 0.031272
1235 0.032199
1236 0.030904
1237 0.029878
1238 0.027786
1239 0.027158
1240 0.028024
1241 0.029274
1242 0.029918
1243 0.028667
1244 0.028007
1245 0.026876
1246 0.027978
1247 0.029041
1248 0.029311
1249 0.030255
1250 0.031184
1251 0.031266
1252 0.029828
1253 0.026796
1254 0.025296
1255 0.026273
1256 0.025669
1257 0.025461
1258 0.022739
1259 0.022571
1260 0.022552
1261 0.023794
1262 0.025593
1263 0.027343
1264 0.027833
1265 0.027538
1266 0.027387
1267 0.027526
1268 0.028341
1269 0.027539
1270 0.027811
1271 0.026118
1272 0.022947
1273 0.020433
1274 0.020120
1275 0.021135
1276 0.023219
1277 0.021899
1278 0.021097
1279 0.021197
1280 0.020850
1281 0.021068
1282 0.022781
1283 0.022980
1284 0.021288
1285 0.019893
1286 0.019367
1287 0.020437
1288 0.020726
1289 0.019034
1290 0.018379
1291 0.018172
1292 0.018758
1293 0.017846
1294 0.017049
1295 0.016007
1296 0.016339
1297 0.016252
1298 0.016657
1299 0.015673
1300 0.015077
1301 0.014004
1302 0.013839
1303 0.014377
1304 0.015026
1305 0.014852
1306 0.014102
1307 0.014063
1308 0.013575
1309 0.014228
1310 0.013507
1311 0.012948
1312 0.012704
1313 0.012527
1314 0.013395
1315 0.013849
1316 0.015231
1317 0.015316
1318 0.015730
1319 0.016078
1320 0.016218
1321 0.014671
1322 0.012701
1323 0.011656
1324 0.011807
1325 0.012321
1326 0.013027
1327 0.012333
1328 0.012028
1329 0.012961
1330 0.013236
1331 0.013837
1332 0.013827
1333 0.015085
1334 0.016001
1335 0.016796
1336 0.016994
1337 0.015931
1338 0.014779
1339 0.013251
1340 0.013465
1341 0.014786
1342 0.015137
1343 0.014409
1344 0.013476
1345 0.013557
1346 0.013774
1347 0.013648
1348 0.013269
1349 0.013213
1350 0.013023
1351 0.013713
1352 0.014043
1353 0.015432
1354 0.014420
1355 0.013987
1356 0.013640
1357 0.014211
1358 0.014993
1359 0.015649
1360 0.015385
1361 0.013963
1362 0.012889
1363 0.013123
1364 0.013879
1365 0.014764
1366 0.015946
1367 0.015442
1368 0.014461
1369 0.013981
1370 0.013739
1371 0.014151
1372 0.015874
1373 0.017231
1374 0.017163
1375 0.016875
1376 0.017311
1377 0.016287
1378 0.015394
1379 0.014813
1380 0.014722
1381 0.015721
1382 0.016250
1383 0.016302
1384 0.016288
1385 0.015350
1386 0.014598
1387 0.014951
1388 0.014224
1389 0.014334
1390 0.014522
1391 0.014871
1392 0.016149
1393 0.016843
1394 0.016624
1395 0.016334
1396 0.016092
1397 0.015876
1398 0.016430
1399 0.016203
1400 0.017963
1401 0.018095
1402 0.018256
1403 0.017363
1404 0.016834
1405 0.016166
1406 0.015659
1407 0.015140
1408 0.015505
1409 0.015022
1410 0.014749
1411 0.014547
1412 0.014247
1413 0.014622
1414 0.015761
1415 0.016602
1416 0.017565
1417 0.016970
1418 0.016181
1419 0.014342
1420 0.014961
1421 0.015616
1422 0.017291
1423 0.016392
1424 0.013561
1425 0.012189
1426 0.012659
1427 0.013570
1428 0.015054
1429 0.015338
1430 0.015908
1431 0.015197
1432 0.014937
1433 0.014430
1434 0.013158
1435 0.012604
1436 0.011698
1437 0.011040
1438 0.009547
1439 0.009080
1440 0.009511
1441 0.010492
1442 0.010866
1443 0.011067
1444 0.011423
1445 0.012355
1446 0.012499
1447 0.011651
1448 0.011628
1449 0.011471
1450 0.011673
1451 0.012094
1452 0.011486
1453 0.011054
1454 0.010497
1455 0.010143
1456 0.010445
1457 0.010969
1458 0.012323
1459 0.011084
1460 0.010061
1461 0.009290
1462 0.009355
1463 0.009471
1464 0.009543
1465 0.009916
1466 0.009688
1467 0.009832
1468 0.009545
1469 0.009393
1470 0.009688
1471 0.009781
1472 0.010540
1473 0.010294
1474 0.009007
1475 0.007648
1476 0.006934
1477 0.007510
1478 0.008331
1479 0.008834
1480 0.009093
1481 0.008662
1482 0.008386
1483 0.008182
1484 0.008104
1485 0.008063
1486 0.008311
1487 0.008426
1488 0.008323
1489 0.008036
1490 0.007972
1491 0.008499
1492 0.008967
1493 0.009001
1494 0.008809
1495 0.008241
1496 0.007638
1497 0.007907
1498 0.007631
1499 0.008423
1500 0.009024
1501 0.008826
1502 0.008112
1503 0.007681
1504 0.007660
1505 0.007198
1506 0.007254
1507 0.007679
1508 0.008245
1509 0.008365
1510 0.007940
1511 0.007504
1512 0.008027
1513 0.008660
1514 0.009178
1515 0.009311
1516 0.008394
1517 0.007489
1518 0.008022
1519 0.008509
1520 0.008695
1521 0.008695
1522 0.008604
1523 0.008262
1524 0.008074
1525 0.007324
1526 0.007103
1527 0.008148
1528 0.008871
1529 0.008918
1530 0.008312
1531 0.008112
1532 0.008255
1533 0.008842
1534 0.008899
1535 0.009307
1536 0.009404
1537 0.009372
1538 0.008553
1539 0.007428
1540 0.007309
1541 0.007423
1542 0.007998
1543 0.008530
1544 0.008414
1545 0.008232
1546 0.008469
1547 0.008612
1548 0.008242
1549 0.008276
1550 0.008202
1551 0.008578
1552 0.009452
1553 0.009454
1554 0.009421
1555 0.009221
1556 0.009666
1557 0.011039
1558 0.012190
1559 0.012006
1560 0.010287
1561 0.009205
1562 0.008869
1563 0.009368
1564 0.009679
1565 0.009109
1566 0.008547
1567 0.008092
1568 0.008191
1569 0.008962
1570 0.009124
1571 0.008773
1572 0.008814
1573 0.009109
1574 0.009221
1575 0.009097
1576 0.009583
1577 0.010729
1578 0.011399
1579 0.011874
1580 0.011369
1581 0.010766
1582 0.009865
1583 0.009413
1584 0.009226
1585 0.009416
1586 0.010018
1587 0.009579
1588 0.008573
1589 0.007187
1590 0.006898
1591 0.007674
1592 0.008912
1593 0.010397
1594 0.010549
1595 0.010200
1596 0.009455
1597 0.008885
1598 0.008320
1599 0.007852
1600 0.008041
1601 0.008166
1602 0.008411
1603 0.008499
1604 0.009062
1605 0.009246
1606 0.008857
1607 0.008486
1608 0.008565
1609 0.008640
1610 0.008791
1611 0.008669
1612 0.008699
1613 0.008466
1614 0.008086
1615 0.007652
1616 0.007142
1617 0.007523
1618 0.008138
1619 0.008658
1620 0.008275
1621 0.008057
1622 0.007568
1623 0.007336
1624 0.007900
1625 0.008007
1626 0.008564
1627 0.008056
1628 0.007735
1629 0.008294
1630 0.008604
1631 0.009168
1632 0.008726
1633 0.008215
1634 0.008100
1635 0.008127
1636 0.007864
1637 0.006988
1638 0.007054
1639 0.007262
1640 0.006864
1641 0.006742
1642 0.006370
1643 0.006824
1644 0.007270
1645 0.008671
1646 0.009958
1647 0.009018
1648 0.007593
1649 0.006444
1650 0.005974
1651 0.006060
1652 0.006299
1653 0.007585
1654 0.007702
1655 0.007063
1656 0.006727
1657 0.006154
1658 0.006338
1659 0.006944
1660 0.007975
1661 0.008546
1662 0.008410
1663 0.007904
1664 0.007128
1665 0.006980
1666 0.007405
1667 0.007437
1668 0.007326
1669 0.007459
1670 0.007538
1671 0.007020
1672 0.006399
1673 0.006483
1674 0.006922
1675 0.007182
1676 0.007171
1677 0.006620
1678 0.006385
1679 0.006554
1680 0.007278
1681 0.008045
1682 0.007773
1683 0.007418
1684 0.006384
1685 0.005567
1686 0.005372
1687 0.005475
1688 0.006183
1689 0.006728
1690 0.007045
1691 0.007529
1692 0.007397
1693 0.007202
1694 0.007152
1695 0.007037
1696 0.007960
1697 0.007789
1698 0.007778
1699 0.006727
1700 0.006546
1701 0.006280
1702 0.006497
1703 0.007125
1704 0.007408
1705 0.007642
1706 0.006828
1707 0.006605
1708 0.006733
1709 0.007832
1710 0.008882
1711 0.008558
1712 0.007227
1713 0.006193
1714 0.006095
1715 0.006909
1716 0.007783
1717 0.008430
1718 0.008494
1719 0.007938
1720 0.007192
1721 0.006099
1722 0.005594
1723 0.006015
1724 0.006384
1725 0.006906
1726 0.006655
1727 0.006628
1728 0.006399
1729 0.006677
1730 0.006969
1731 0.007402
1732 0.007662
1733 0.007243
1734 0.007051
1735 0.006780
1736 0.006512
1737 0.006278
1738 0.006227
1739 0.006143
1740 0.006014
1741 0.006065
1742 0.005684
1743 0.006096
1744 0.007016
1745 0.007307
1746 0.006618
1747 0.005907
1748 0.005314
1749 0.005053
1750 0.005341
1751 0.005586
1752 0.006361
1753 0.006338
1754 0.005943
1755 0.004972
1756 0.004693
1757 0.004904
1758 0.005572
1759 0.006367
1760 0.006635
1761 0.006205
1762 0.006176
1763 0.005347
1764 0.004948
1765 0.004775
1766 0.004854
1767 0.004947
1768 0.004736
1769 0.004391
1770 0.004044
1771 0.003896
1772 0.003880
1773 0.004400
1774 0.004748
1775 0.004559
1776 0.003977
1777 0.004002
1778 0.004221
1779 0.004793
1780 0.005199
1781 0.005075
1782 0.004536
1783 0.004187
1784 0.004001
1785 0.003823
1786 0.003975
1787 0.004154
1788 0.004398
1789 0.004406
1790 0.004025
1791 0.004207
1792 0.004282
1793 0.004572
1794 0.004561
1795 0.004704
1796 0.004685
1797 0.004186
1798 0.003758
1799 0.003590
1800 0.003900
1801 0.004382
1802 0.004621
1803 0.004710
1804 0.004413
1805 0.004146
1806 0.004001
1807 0.004480
1808 0.004960
1809 0.005247
1810 0.004731
1811 0.004086
1812 0.003562
1813 0.003729
1814 0.004114
1815 0.004664
1816 0.004632
1817 0.004140
1818 0.004054
1819 0.003870
1820 0.004055
1821 0.004011
1822 0.003988
1823 0.003952
1824 0.003589
1825 0.003443
1826 0.003387
1827 0.003671
1828 0.004285
1829 0.004972
1830 0.005178
1831 0.004848
1832 0.004062
1833 0.003436
1834 0.003141
1835 0.002952
1836 0.003018
1837 0.003028
1838 0.002947
1839 0.002876
1840 0.003009
1841 0.003203
1842 0.003713
1843 0.003781
1844 0.003714
1845 0.003322
1846 0.003215
1847 0.003344
1848 0.003408
1849 0.003532
1850 0.003311
1851 0.002895
1852 0.002638
1853 0.002472
1854 0.002425
1855 0.002633
1856 0.003046
1857 0.003331
1858 0.003297
1859 0.002911
1860 0.002581
1861 0.002351
1862 0.002300
1863 0.002399
1864 0.002541
1865 0.002771
1866 0.002646
1867 0.002610
1868 0.002447
1869 0.002498
1870 0.002596
1871 0.002728
1872 0.002755
1873 0.002539
1874 0.002281
1875 0.002015
1876 0.002119
1877 0.002391
1878 0.002810
1879 0.002871
1880 0.002607
1881 0.002413
1882 0.002109
1883 0.002122
1884 0.002314
1885 0.002592
1886 0.002846
1887 0.002857
1888 0.002606
1889 0.002149
1890 0.001880
1891 0.001778
1892 0.001800
1893 0.002185
1894 0.002427
1895 0.002654
1896 0.002428
1897 0.002386
1898 0.002289
1899 0.002317
1900 0.002388
1901 0.002466
1902 0.002242
1903 0.002080
1904 0.002097
1905 0.002310
1906 0.002565
1907 0.002683
1908 0.002346
1909 0.001875
1910 0.001641
1911 0.001724
1912 0.002219
1913 0.002748
1914 0.002914
1915 0.002674
1916 0.002493
1917 0.002320
1918 0.002397
1919 0.002368
1920 0.002401
1921 0.002565
1922 0.002441
1923 0.002179
1924 0.002011
1925 0.001942
1926 0.002111
1927 0.002338
1928 0.002645
1929 0.002739
1930 0.002728
1931 0.002487
1932 0.002367
1933 0.002565
1934 0.002797
1935 0.003147
1936 0.002878
1937 0.002504
1938 0.002074
1939 0.001927
1940 0.002205
1941 0.002428
1942 0.002514
1943 0.002277
1944 0.002041
1945 0.001893
1946 0.001863
1947 0.001934
1948 0.001910
1949 0.001973
1950 0.001862
1951 0.002024
1952 0.002113
1953 0.002316
1954 0.002288
1955 0.002129
1956 0.001978
1957 0.001870
1958 0.001892
1959 0.001755
1960 0.001777
1961 0.001905
1962 0.002029
1963 0.002085
1964 0.001920
1965 0.001842
1966 0.001737
1967 0.001857
1968 0.002037
1969 0.002295
1970 0.002398
1971 0.001990
1972 0.001627
1973 0.001372
1974 0.001449
1975 0.001708
1976 0.002030
1977 0.002369
1978 0.002296
1979 0.002243
1980 0.002011
1981 0.002029
1982 0.001969
1983 0.001991
1984 0.002120
1985 0.002045
1986 0.002120
1987 0.002215
1988 0.002331
1989 0.002396
1990 0.002337
1991 0.002154
1992 0.001875
1993 0.001600
1994 0.001531
1995 0.001515
1996 0.001678
1997 0.001926
1998 0.001882
1999 0.001870
2000 0.001677
2001 0.001601
2002 0.001814
2003 0.002181
2004 0.002559
2005 0.002639
2006 0.002301
2007 0.001717
2008 0.001517
2009 0.001365
2010 0.001487
2011 0.001689
2012 0.001828
2013 0.001955
2014 0.001747
2015 0.001605
2016 0.001413
2017 0.001438
2018 0.001498
2019 0.001766
2020 0.002117
2021 0.002228
2022 0.002025
2023 0.001625
2024 0.001444
2025 0.001450
2026 0.001630
2027 0.001988
2028 0.002313
2029 0.002223
2030 0.001843
2031 0.001408
2032 0.001260
2033 0.001311
2034 0.001542
2035 0.001819
2036 0.002084
2037 0.002234
2038 0.002223
2039 0.002085
2040 0.001943
2041 0.001666
2042 0.001589
2043 0.001466
2044 0.001668
2045 0.001794
2046 0.001925
2047 0.001769
2048 0.001614
2049 0.001631
2050 0.001663
2051 0.001712
2052 0.001832
2053 0.001875
2054 0.002246
2055 0.002392
2056 0.002452
2057 0.002097
2058 0.001664
2059 0.001450
2060 0.001555
2061 0.001971
2062 0.002331
2063 0.002242
2064 0.001980
2065 0.001944
2066 0.001936
2067 0.001735
2068 0.001671
2069 0.001751
2070 0.002024
2071 0.002300
2072 0.002541
2073 0.002458
2074 0.002098
2075 0.001928
2076 0.001755
2077 0.001849
2078 0.001917
2079 0.002079
2080 0.002067
2081 0.002090
2082 0.002053
2083 0.002066
2084 0.002052
2085 0.002007
2086 0.002092
2087 0.002644
2088 0.003126
2089 0.003448
2090 0.002844
2091 0.002165
2092 0.001695
2093 0.001561
2094 0.001743
2095 0.002064
2096 0.002349
2097 0.002525
2098 0.002188
2099 0.001796
2100 0.001670
2101 0.001746
2102 0.002211
2103 0.002386
2104 0.002601
2105 0.002770
2106 0.002989
2107 0.002904
2108 0.002746
2109 0.002467
2110 0.002153
2111 0.002129
2112 0.002400
2113 0.002625
2114 0.002728
2115 0.002472
2116 0.002340
2117 0.002055
2118 0.002208
2119 0.002382
2120 0.002694
2121 0.002803
2122 0.003068
2123 0.003406
2124 0.003591
2125 0.003181
2126 0.002528
2127 0.002159
2128 0.002195
2129 0.002558
2130 0.003233
2131 0.003425
2132 0.003051
2133 0.002721
2134 0.002562
2135 0.002738
2136 0.002591
2137 0.002629
2138 0.002727
2139 0.003178
2140 0.003886
2141 0.003914
2142 0.003509
2143 0.003181
2144 0.002879
2145 0.003024
2146 0.003193
2147 0.003454
2148 0.003574
2149 0.003649
2150 0.003891
2151 0.003940
2152 0.003693
2153 0.003487
2154 0.003518
2155 0.003774
2156 0.004662
2157 0.005211
2158 0.004835
2159 0.003446
2160 0.002641
2161 0.002544
2162 0.002736
2163 0.003233
2164 0.003694
2165 0.003965
2166 0.003935
2167 0.003667
2168 0.003815
2169 0.003926
2170 0.004060
2171 0.004402
2172 0.004475
2173 0.004859
2174 0.005400
2175 0.005005
2176 0.004271
2177 0.003315
2178 0.003154
2179 0.003204
2180 0.003692
2181 0.004038
2182 0.004312
2183 0.004483
2184 0.004185
2185 0.004097
2186 0.003612
2187 0.003289
2188 0.003754
2189 0.004004
2190 0.005150
2191 0.006116
2192 0.005797
2193 0.004629
2194 0.003608
2195 0.003521
2196 0.003668
2197 0.004752
2198 0.005662
2199 0.005892
2200 0.005856
2201 0.005289
2202 0.005454
2203 0.005103
2204 0.004702
2205 0.005011
2206 0.005206
2207 0.005971
2208 0.006145
2209 0.005893
2210 0.005209
2211 0.004614
2212 0.004447
2213 0.004606
2214 0.005082
2215 0.005334
2216 0.006044
2217 0.006228
2218 0.005749
2219 0.005079
2220 0.004403
2221 0.004613
2222 0.004831
2223 0.006136
2224 0.006658
2225 0.007246
2226 0.006791
2227 0.005807
2228 0.004846
2229 0.004498
2230 0.004860
2231 0.005595
2232 0.006167
2233 0.006510
2234 0.006332
2235 0.006317
2236 0.006355
2237 0.006225
2238 0.005591
2239 0.004889
2240 0.005171
2241 0.006082
2242 0.007037
2243 0.006889
2244 0.006434
2245 0.005760
2246 0.005511
2247 0.005202
2248 0.005374
2249 0.006001
2250 0.006515
2251 0.006941
2252 0.007164
2253 0.006922
2254 0.006936
2255 0.006581
2256 0.006263
2257 0.006344
2258 0.006313
2259 0.006620
2260 0.006684
2261 0.006853
2262 0.006957
2263 0.007330
2264 0.008142
2265 0.007513
2266 0.007213
2267 0.005874
2268 0.006284
2269 0.006665
2270 0.007572
2271 0.008304
2272 0.007464
2273 0.007169
2274 0.006663
2275 0.007483
2276 0.008859
2277 0.009094
2278 0.008787
2279 0.008367
2280 0.008991
2281 0.009733
2282 0.008873
2283 0.007754
2284 0.006618
2285 0.007271
2286 0.008420
2287 0.010276
2288 0.010040
2289 0.009027
2290 0.007919
2291 0.007605
2292 0.007396
2293 0.007344
2294 0.007642
2295 0.008280
2296 0.010147
2297 0.012177
2298 0.012728
2299 0.010893
2300 0.007883
2301 0.007368
2302 0.007872
2303 0.009650
2304 0.009189
2305 0.008739
2306 0.008754
2307 0.010660
2308 0.012800
2309 0.013261
2310 0.011426
2311 0.009754
2312 0.009763
2313 0.011200
2314 0.013009
2315 0.012175
2316 0.010137
2317 0.009175
2318 0.009971
2319 0.010930
2320 0.012067
2321 0.011721
2322 0.012189
2323 0.012463
2324 0.012978
2325 0.013170
2326 0.011129
2327 0.011541
2328 0.011717
2329 0.011900
2330 0.011206
2331 0.010990
2332 0.011770
2333 0.012073
2334 0.014774
2335 0.015062
2336 0.014268
2337 0.012488
2338 0.011214
2339 0.010902
2340 0.011389
2341 0.012315
2342 0.013381
2343 0.013232
2344 0.013815
2345 0.013144
2346 0.014508
2347 0.014411
2348 0.014809
2349 0.013120
2350 0.011724
2351 0.013009
2352 0.012398
2353 0.012468
2354 0.010819
2355 0.010250
2356 0.010780
2357 0.013293
2358 0.017332
2359 0.020451
2360 0.017794
2361 0.014980
2362 0.011337
2363 0.010968
2364 0.011320
2365 0.011771
2366 0.012804
2367 0.012576
2368 0.013420
2369 0.012662
2370 0.011543
2371 0.010935
2372 0.011436
2373 0.013350
2374 0.014962
2375 0.018335
2376 0.016662
2377 0.014820
2378 0.011936
2379 0.011749
2380 0.013193
2381 0.012461
2382 0.013176
2383 0.011124
2384 0.010477
2385 0.010247
2386 0.010388
2387 0.011597
2388 0.010520
2389 0.010478
2390 0.010097
2391 0.012753
2392 0.013474
2393 0.013223
2394 0.013675
2395 0.013193
2396 0.015662
2397 0.014150
2398 0.013097
2399 0.010659
2400 0.009864
2401 0.010382
2402 0.010491
2403 0.010599
2404 0.010411
2405 0.011268
2406 0.012972
2407 0.012462
2408 0.011290
2409 0.010825
2410 0.010946
2411 0.012754
2412 0.013261
2413 0.012579
2414 0.012025
2415 0.012433
2416 0.014077
2417 0.013199
2418 0.011441
2419 0.009123
2420 0.009778
2421 0.010974
2422 0.012633
2423 0.011785
2424 0.010106
2425 0.010196
2426 0.010060
2427 0.011454
2428 0.010485
2429 0.011752
2430 0.011906
2431 0.014505
2432 0.014259
2433 0.013306
2434 0.012439
2435 0.011325
2436 0.012337
2437 0.012498
2438 0.013681
2439 0.011561
2440 0.011263
2441 0.011356
2442 0.013432
2443 0.017217
2444 0.015714
2445 0.014193
2446 0.013239
2447 0.012472
2448 0.013668
2449 0.011908
2450 0.010845
2451 0.009659
2452 0.010856
2453 0.013079
2454 0.014292
2455 0.013272
2456 0.012333
2457 0.012734
2458 0.015865
2459 0.017546
2460 0.017723
2461 0.015877
2462 0.016216
2463 0.015001
2464 0.014246
2465 0.012454
2466 0.011719
2467 0.012270
2468 0.013679
2469 0.014098
2470 0.013866
2471 0.012431
2472 0.011775
2473 0.012705
2474 0.014401
2475 0.017526
2476 0.015147
2477 0.014446
2478 0.011166
2479 0.012967
2480 0.013577
2481 0.014649
2482 0.014031
2483 0.012971
2484 0.014458
2485 0.012669
2486 0.012352
2487 0.011088
2488 0.010783
2489 0.012986
2490 0.012548
2491 0.011950
2492 0.010204
2493 0.012420
2494 0.013602
2495 0.014906
2496 0.014784
2497 0.013859
2498 0.016085
2499 0.016779
2500 0.015787
2501 0.014539
2502 0.012493
2503 0.012619
2504 0.013307
2505 0.013310
2506 0.012328
2507 0.011085
2508 0.011759
2509 0.013423
2510 0.016033
2511 0.015504
2512 0.015127
2513 0.015251
2514 0.015362
2515 0.015856
2516 0.013913
2517 0.011797
2518 0.010171
2519 0.010483
2520 0.011786
2521 0.013725
2522 0.013851
2523 0.013714
2524 0.013148
2525 0.012998
2526 0.012385
2527 0.010911
2528 0.011061
2529 0.011211
2530 0.012522
2531 0.012245
2532 0.012355
2533 0.010612
2534 0.010068
2535 0.010381
2536 0.013395
2537 0.013640
2538 0.012355
2539 0.010762
2540 0.010150
2541 0.011463
2542 0.010866
2543 0.011842
2544 0.009756
2545 0.010620
2546 0.010551
2547 0.011183
2548 0.010398
2549 0.010147
2550 0.011997
2551 0.011752
2552 0.012116
2553 0.010388
2554 0.010265
2555 0.010635
2556 0.009823
2557 0.009853
2558 0.009069
2559 0.011074
2560 0.011997
2561 0.014322
2562 0.014512
2563 0.014512
2564 0.012614
2565 0.013647
2566 0.012707
2567 0.012402
2568 0.010452
2569 0.010953
2570 0.010584
2571 0.010716
2572 0.010068
2573 0.008696
2574 0.009736
2575 0.010468
2576 0.013231
2577 0.011993
2578 0.011197
2579 0.009675
2580 0.010708
2581 0.012883
2582 0.013457
2583 0.012694
2584 0.009978
2585 0.011346
2586 0.010881
2587 0.012492
2588 0.010752
2589 0.010696
2590 0.009865
2591 0.011906
2592 0.012609
2593 0.012914
2594 0.010821
2595 0.011728
2596 0.012634
2597 0.012705
2598 0.012556
2599 0.011826
2600 0.014550
2601 0.013963
2602 0.013043
2603 0.009682
2604 0.009328
2605 0.010076
2606 0.011945
2607 0.011480
2608 0.011151
2609 0.011680
2610 0.011725
2611 0.013797
2612 0.012323
2613 0.012202
2614 0.011310
2615 0.012443
2616 0.012064
2617 0.011218
2618 0.011503
2619 0.010861
2620 0.011998
2621 0.012783
2622 0.013984
2623 0.012546
2624 0.011842
2625 0.011202
2626 0.011743
2627 0.011047
2628 0.010415
2629 0.008915
2630 0.010400
2631 0.012902
2632 0.015924
2633 0.016389
2634 0.013625
2635 0.013157
2636 0.012676
2637 0.013874
2638 0.011973
2639 0.010338
2640 0.009774
2641 0.010544
2642 0.012765
2643 0.013599
2644 0.013340
2645 0.014731
2646 0.016309
2647 0.016459
2648 0.014502
2649 0.012940
2650 0.014159
2651 0.014583
2652 0.013560
2653 0.010578
2654 0.009689
2655 0.010081
2656 0.011526
2657 0.011579
2658 0.013125
2659 0.014506
2660 0.017369
2661 0.019416
2662 0.017602
2663 0.014442
2664 0.013017
2665 0.013783
2666 0.013276
2667 0.012913
2668 0.010848
2669 0.010727
2670 0.010405
2671 0.013496
2672 0.014168
2673 0.014455
2674 0.013719
2675 0.014339
2676 0.016047
2677 0.016557
2678 0.013965
2679 0.011869
2680 0.009893
2681 0.011201
2682 0.013473
2683 0.014275
2684 0.012754
2685 0.011373
2686 0.010785
2687 0.010915
2688 0.010554
2689 0.010122
2690 0.010035
2691 0.010729
2692 0.011361
2693 0.011113
2694 0.011931
2695 0.012992
2696 0.015604
2697 0.015492
2698 0.015753
2699 0.014370
2700 0.013333
2701 0.013639
2702 0.013215
2703 0.011777
2704 0.010700
2705 0.010090
2706 0.010537
2707 0.011867
2708 0.013118
2709 0.014537
2710 0.014553
2711 0.015125
2712 0.015223
2713 0.015438
2714 0.014669
2715 0.014199
2716 0.013817
2717 0.013829
2718 0.013342
2719 0.012330
2720 0.012053
2721 0.011965
2722 0.012856
2723 0.013982
2724 0.013998
2725 0.014293
2726 0.013318
2727 0.014268
2728 0.014254
2729 0.014360
2730 0.013780
2731 0.013574
2732 0.014380
2733 0.015523
2734 0.015290
2735 0.014923
2736 0.013083
2737 0.010758
2738 0.009612
2739 0.010880
2740 0.013183
2741 0.013818
2742 0.014544
2743 0.014666
2744 0.015891
2745 0.017545
2746 0.019883
2747 0.017825
2748 0.014877
2749 0.012813
2750 0.012770
2751 0.012546
2752 0.012600
2753 0.013167
2754 0.014706
2755 0.017528
2756 0.019007
2757 0.019658
2758 0.018998
2759 0.017841
2760 0.016683
2761 0.016910
2762 0.015119
2763 0.015757
2764 0.016123
2765 0.017971
2766 0.017198
2767 0.016043
2768 0.015398
2769 0.015952
2770 0.016431
2771 0.014816
2772 0.015439
2773 0.014381
2774 0.016204
2775 0.017435
2776 0.016618
2777 0.017899
2778 0.018097
2779 0.020856
2780 0.021372
2781 0.023633
2782 0.022102
2783 0.022711
2784 0.021505
2785 0.019023
2786 0.014475
2787 0.011424
2788 0.010328
2789 0.012245
2790 0.014134
2791 0.015525
2792 0.015841
2793 0.017069
2794 0.017629
2795 0.020463
2796 0.021603
2797 0.021432
2798 0.021855
2799 0.022004
2800 0.018200
2801 0.015056
2802 0.012706
2803 0.014412
2804 0.016236
2805 0.017453
2806 0.019006
2807 0.019902
2808 0.020896
2809 0.021777
2810 0.018483
2811 0.017528
2812 0.018138
2813 0.017820
2814 0.019262
2815 0.016399
2816 0.015631
2817 0.015164
2818 0.017947
2819 0.019835
2820 0.022610
2821 0.021759
2822 0.021175
2823 0.019041
2824 0.017556
2825 0.015875
2826 0.016065
2827 0.017244
2828 0.019367
2829 0.020001
2830 0.019627
2831 0.019661
2832 0.020215
2833 0.020004
2834 0.021397
2835 0.019259
2836 0.018205
2837 0.015513
2838 0.015160
2839 0.015399
2840 0.016286
2841 0.017220
2842 0.018561
2843 0.020667
2844 0.020484
2845 0.022065
2846 0.021091
2847 0.021829
2848 0.020819
2849 0.018012
2850 0.015635
2851 0.012991
2852 0.014334
2853 0.013400
2854 0.015031
2855 0.014967
2856 0.016099
2857 0.016584
2858 0.019279
2859 0.020241
2860 0.021067
2861 0.019330
2862 0.018791
2863 0.016835
2864 0.016311
2865 0.015069
2866 0.014304
2867 0.012829
2868 0.012371
2869 0.013751
2870 0.016607
2871 0.017702
2872 0.016618
2873 0.015289
2874 0.016832
2875 0.016346
2876 0.016572
2877 0.016280
2878 0.016857
2879 0.016948
2880 0.017770
2881 0.016186
2882 0.015773
2883 0.015369
2884 0.015082
2885 0.015306
2886 0.012654
2887 0.012225
2888 0.011132
2889 0.012795
2890 0.013925
2891 0.013734
2892 0.012548
2893 0.011602
2894 0.012904
2895 0.013465
2896 0.014405
2897 0.014690
2898 0.014807
2899 0.013895
2900 0.013510
2901 0.013453
2902 0.014899
2903 0.014464
2904 0.013539
2905 0.012055
2906 0.011052
2907 0.010874
2908 0.010823
2909 0.011553
2910 0.012221
2911 0.011786
2912 0.010720
2913 0.010041
2914 0.010405
2915 0.011253
2916 0.012021
2917 0.011858
2918 0.012430
2919 0.012071
2920 0.011309
2921 0.009194
2922 0.008580
2923 0.008493
2924 0.009851
2925 0.010777
2926 0.011570
2927 0.012382
2928 0.014127
2929 0.016382
2930 0.016104
2931 0.013869
2932 0.011575
2933 0.010578
2934 0.009617
2935 0.008650
2936 0.007882
2937 0.007883
2938 0.009048
2939 0.010626
2940 0.011502
2941 0.012265
2942 0.013144
2943 0.014474
2944 0.013443
2945 0.011241
2946 0.009995
2947 0.010858
2948 0.011660
2949 0.011869
2950 0.010545
2951 0.010237
2952 0.011486
2953 0.013000
2954 0.012470
2955 0.011076
2956 0.010336
2957 0.011413
2958 0.012375
2959 0.012289
2960 0.010632
2961 0.010057
2962 0.010626
2963 0.012935
2964 0.013915
2965 0.013393
2966 0.013076
2967 0.012648
2968 0.011676
2969 0.011328
2970 0.011170
2971 0.010895
2972 0.010372
2973 0.009129
2974 0.008901
2975 0.009224
2976 0.009994
2977 0.012320
2978 0.013439
2979 0.013166
2980 0.014771
2981 0.014136
2982 0.013685
2983 0.011770
2984 0.011403
2985 0.010200
2986 0.009663
2987 0.008506
2988 0.007613
2989 0.008325
2990 0.011144
2991 0.014041
2992 0.014188
2993 0.013579
2994 0.012073
2995 0.012093
2996 0.011336
2997 0.010310
2998 0.009936
2999 0.010377
3000 0.010747
3001 0.011116
3002 0.011188
3003 0.012673
3004 0.014465
3005 0.014514
3006 0.012068
3007 0.011153
3008 0.010847
3009 0.011125
3010 0.010514
3011 0.009636
3012 0.009062
3013 0.009716
3014 0.010644
3015 0.011586
3016 0.010062
3017 0.009972
3018 0.009852
3019 0.010624
3020 0.009903
3021 0.009059
3022 0.008580
3023 0.009124
3024 0.008857
3025 0.009342
3026 0.010115
3027 0.011357
3028 0.012814
3029 0.011781
3030 0.011065
3031 0.010766
3032 0.010572
3033 0.009621
3034 0.009428
3035 0.007620
3036 0.007418
3037 0.005907
3038 0.005783
3039 0.005941
3040 0.007178
3041 0.009271
3042 0.009879
3043 0.009414
3044 0.008609
3045 0.008269
3046 0.008741
3047 0.007963
3048 0.007232
3049 0.006416
3050 0.006095
3051 0.005450
3052 0.005192
3053 0.005514
3054 0.006420
3055 0.007916
3056 0.009386
3057 0.008525
3058 0.007858
3059 0.007603
3060 0.008017
3061 0.007350
3062 0.006506
3063 0.006482
3064 0.006770
3065 0.006895
3066 0.006319
3067 0.005711
3068 0.005610
3069 0.006935
3070 0.007439
3071 0.007984
3072 0.007742
3073 0.007188
3074 0.006613
3075 0.006099
3076 0.005672
3077 0.006226
3078 0.006469
3079 0.006646
3080 0.005511
3081 0.005131
3082 0.005857
3083 0.006465
3084 0.006864
3085 0.006016
3086 0.005728
3087 0.005731
3088 0.005577
3089 0.005659
3090 0.005271
3091 0.005555
3092 0.006231
3093 0.005945
3094 0.005491
3095 0.005270
3096 0.005731
3097 0.005809
3098 0.005692
3099 0.005274
3100 0.004954
3101 0.004800
3102 0.004970
3103 0.005305
3104 0.005592
3105 0.006048
3106 0.006547
3107 0.006524
3108 0.006104
3109 0.005826
3110 0.006032
3111 0.006499
3112 0.006134
3113 0.006444
3114 0.006446
3115 0.006953
3116 0.005803
3117 0.005106
3118 0.004636
3119 0.004945
3120 0.005545
3121 0.005686
3122 0.005813
3123 0.006749
3124 0.007663
3125 0.008542
3126 0.008549
3127 0.009482
3128 0.008771
3129 0.007878
3130 0.006248
3131 0.005355
3132 0.004757
3133 0.005306
3134 0.005441
3135 0.005575
3136 0.005328
3137 0.005696
3138 0.006832
3139 0.007555
3140 0.006925
3141 0.006011
3142 0.005414
3143 0.005614
3144 0.005732
3145 0.005538
3146 0.005385
3147 0.004912
3148 0.004634
3149 0.004501
3150 0.004551
3151 0.005579
3152 0.006464
3153 0.007051
3154 0.006631
3155 0.005738
3156 0.005683
3157 0.006096
3158 0.006107
3159 0.005424
3160 0.004429
3161 0.004147
3162 0.004373
3163 0.005443
3164 0.006384
3165 0.006712
3166 0.006367
3167 0.005671
3168 0.005097
3169 0.004314
3170 0.004188
3171 0.004946
3172 0.005240
3173 0.005090
3174 0.005014
3175 0.005405
3176 0.005912
3177 0.005965
3178 0.005611
3179 0.005152
3180 0.004850
3181 0.004195
3182 0.003712
3183 0.003941
3184 0.004668
3185 0.005765
3186 0.006401
3187 0.005812
3188 0.006046
3189 0.005976
3190 0.006192
3191 0.005987
3192 0.005545
3193 0.005698
3194 0.005656
3195 0.005361
3196 0.005215
3197 0.005047
3198 0.005089
3199 0.004977
3200 0.004915
3201 0.004909
3202 0.005036
3203 0.005651
3204 0.005618
3205 0.005868
3206 0.005823
3207 0.006454
3208 0.007064
3209 0.007387
3210 0.006518
3211 0.006188
3212 0.006116
3213 0.006755
3214 0.006661
3215 0.006129
3216 0.005493
3217 0.005589
3218 0.006324
3219 0.007152
3220 0.007676
3221 0.008004
3222 0.008246
3223 0.008020
3224 0.007037
3225 0.007372
3226 0.006486
3227 0.006943
3228 0.006238
3229 0.005733
3230 0.005375
3231 0.005508
3232 0.006675
3233 0.007345
3234 0.008090
3235 0.008303
3236 0.009111
3237 0.009666
3238 0.008682
3239 0.007753
3240 0.007993
3241 0.007510
3242 0.007871
3243 0.007203
3244 0.006827
3245 0.007364
3246 0.007588
3247 0.006639
3248 0.006388
3249 0.006490
3250 0.007062
3251 0.007246
3252 0.006731
3253 0.006312
3254 0.006457
3255 0.007130
3256 0.008404
3257 0.008401
3258 0.007616
3259 0.007646
3260 0.007565
3261 0.008353
3262 0.008871
3263 0.009250
3264 0.008867
3265 0.007763
3266 0.006357
3267 0.006112
3268 0.006754
3269 0.008743
3270 0.009360
3271 0.008886
3272 0.007977
3273 0.008042
3274 0.007307
3275 0.007794
3276 0.008744
3277 0.009923
3278 0.010220
3279 0.008103
3280 0.006700
3281 0.006134
3282 0.006248
3283 0.006666
3284 0.006543
3285 0.006302
3286 0.006906
3287 0.007770
3288 0.008252
3289 0.008103
3290 0.008564
3291 0.008859
3292 0.009113
3293 0.008671
3294 0.007079
3295 0.006377
3296 0.005917
3297 0.005578
3298 0.005779
3299 0.005891
3300 0.006260
3301 0.006799
3302 0.006975
3303 0.007168
3304 0.007599
3305 0.007488
3306 0.007506
3307 0.006509
3308 0.006390
3309 0.005906
3310 0.005886
3311 0.005280
3312 0.005267
3313 0.005802
3314 0.006179
3315 0.006740
3316 0.005984
3317 0.004971
3318 0.004674
3319 0.004963
3320 0.005998
3321 0.005817
3322 0.005355
3323 0.004591
3324 0.004253
3325 0.004320
3326 0.004841
3327 0.005464
3328 0.006046
3329 0.005589
3330 0.004344
3331 0.003359
3332 0.003213
3333 0.003481
3334 0.003509
3335 0.003821
3336 0.003915
3337 0.004501
3338 0.005219
3339 0.005229
3340 0.005418
3341 0.005514
3342 0.005648
3343 0.005035
3344 0.004573
3345 0.004367
3346 0.004404
3347 0.004010
3348 0.003743
3349 0.003534
3350 0.004108
3351 0.004893
3352 0.005405
3353 0.004738
3354 0.004230
3355 0.004546
3356 0.004701
3357 0.004817
3358 0.004309
3359 0.003818
3360 0.003718
3361 0.003984
3362 0.004766
3363 0.004972
3364 0.004465
3365 0.004027
3366 0.003629
3367 0.003341
3368 0.003229
3369 0.003457
3370 0.004081
3371 0.004211
3372 0.003945
3373 0.003682
3374 0.003563
3375 0.003705
3376 0.003879
3377 0.003673
3378 0.003612
3379 0.003441
3380 0.003201
3381 0.002716
3382 0.002312
3383 0.002326
3384 0.002742
3385 0.003034
3386 0.003341
3387 0.003742
3388 0.004108
3389 0.004238
3390 0.004156
3391 0.003998
3392 0.003785
3393 0.003505
3394 0.003315
3395 0.003269
3396 0.003302
3397 0.003149
3398 0.002925
3399 0.002464
3400 0.002474
3401 0.002741
3402 0.003278
3403 0.003405
3404 0.002984
3405 0.002737
3406 0.002892
3407 0.003047
3408 0.003093
3409 0.002877
3410 0.002922
3411 0.003007
3412 0.003016
3413 0.002899
3414 0.002847
3415 0.002858
3416 0.003083
3417 0.003107
3418 0.002917
3419 0.003027
3420 0.003193
3421 0.003131
3422 0.002778
3423 0.002705
3424 0.003031
3425 0.003620
3426 0.003305
3427 0.002817
3428 0.002329
3429 0.002220
3430 0.002614
3431 0.003067
3432 0.003230
3433 0.002915
3434 0.002611
3435 0.002649
3436 0.002245
3437 0.002076
3438 0.002234
3439 0.002701
3440 0.002830
3441 0.002665
3442 0.002482
3443 0.002797
3444 0.003182
3445 0.003289
3446 0.002915
3447 0.002622
3448 0.002316
3449 0.002182
3450 0.002122
3451 0.002156
3452 0.002412
3453 0.002749
3454 0.002869
3455 0.002607
3456 0.002396
3457 0.002541
3458 0.002507
3459 0.002494
3460 0.002269
3461 0.001990
3462 0.001989
3463 0.001972
3464 0.001990
3465 0.002082
3466 0.002302
3467 0.002472
3468 0.002331
3469 0.002000
3470 0.001980
3471 0.002069
3472 0.002081
3473 0.002177
3474 0.002076
3475 0.002036
3476 0.001968
3477 0.001724
3478 0.001654
3479 0.001735
3480 0.002105
3481 0.002336
3482 0.002251
3483 0.002029
3484 0.001859
3485 0.001604
3486 0.001756
3487 0.001866
3488 0.002014
3489 0.002013
3490 0.001905
3491 0.001663
3492 0.001539
3493 0.001708
3494 0.001965
3495 0.001944
3496 0.001747
3497 0.001690
3498 0.001751
3499 0.002012
3500 0.002259
3501 0.002346
3502 0.002203
3503 0.001884
3504 0.001669
3505 0.001437
3506 0.001353
3507 0.001376
3508 0.001481
3509 0.001479
3510 0.001247
3511 0.001177
3512 0.001242
3513 0.001424
3514 0.001578
3515 0.001522
3516 0.001507
3517 0.001450
3518 0.001473
3519 0.001415
3520 0.001530
3521 0.001794
3522 0.002176
3523 0.002174
3524 0.001757
3525 0.001176
3526 0.001090
3527 0.001159
3528 0.001283
3529 0.001399
3530 0.001225
3531 0.001161
3532 0.001158
3533 0.001211
3534 0.001235
3535 0.001296
3536 0.001248
3537 0.001011
3538 0.001002
3539 0.001042
3540 0.001200
3541 0.001255
3542 0.001305
3543 0.001224
3544 0.001177
3545 0.001088
3546 0.001059
3547 0.001061
3548 0.001001
3549 0.000979
3550 0.000988
3551 0.001052
3552 0.001097
3553 0.001087
3554 0.001093
3555 0.001058
3556 0.001039
3557 0.001081
3558 0.001043
3559 0.000954
3560 0.000848
3561 0.000810
3562 0.000885
3563 0.000936
3564 0.000938
3565 0.000806
3566 0.000767
3567 0.000851
3568 0.001000
3569 0.001110
3570 0.001268
3571 0.001306
3572 0.001173
3573 0.000880
3574 0.000723
3575 0.000697
3576 0.000790
3577 0.000787
3578 0.000779
3579 0.000740
3580 0.000734
3581 0.000706
3582 0.000680
3583 0.000708
3584 0.000751
3585 0.000826
3586 0.000909
3587 0.000833
3588 0.000763
3589 0.000668
3590 0.000643
3591 0.000659
3592 0.000662
3593 0.000650
3594 0.000590
3595 0.000541
3596 0.000615
3597 0.000640
3598 0.000745
3599 0.000792
3600 0.000770
3601 0.000738
3602 0.000694
3603 0.000606
3604 0.000519
3605 0.000452
3606 0.000551
3607 0.000640
3608 0.000719
3609 0.000689
3610 0.000612
3611 0.000603
3612 0.000600
3613 0.000563
3614 0.000547
3615 0.000474
3616 0.000429
3617 0.000410
3618 0.000407
3619 0.000456
3620 0.000493
3621 0.000539
3622 0.000481
3623 0.000465
3624 0.000441
3625 0.000478
3626 0.000540
3627 0.000552
3628 0.000526
3629 0.000420
3630 0.000346
3631 0.000318
3632 0.000336
3633 0.000406
3634 0.000515
3635 0.000611
3636 0.000552
3637 0.000442
3638 0.000370
3639 0.000358
3640 0.000380
3641 0.000394
3642 0.000422
3643 0.000380
3644 0.000375
3645 0.000370
3646 0.000405
3647 0.000461
3648 0.000499
3649 0.000492
3650 0.000437
3651 0.000380
3652 0.000347
3653 0.000368
3654 0.000437
3655 0.000521
3656 0.000518
3657 0.000457
3658 0.000435
3659 0.000444
3660 0.000483
3661 0.000466
3662 0.000442
3663 0.000420
3664 0.000373
3665 0.000346
3666 0.000338
3667 0.000382
3668 0.000441
3669 0.000501
3670 0.000519
3671 0.000504
3672 0.000446
3673 0.000454
3674 0.000505
3675 0.000507
3676 0.000506
3677 0.000445
3678 0.000397
3679 0.000388
3680 0.000396
3681 0.000421
3682 0.000470
3683 0.000489
3684 0.000427
3685 0.000395
3686 0.000372
3687 0.000340
3688 0.000338
3689 0.000328
3690 0.000355
3691 0.000416
3692 0.000416
3693 0.000409
3694 0.000410
3695 0.000439
3696 0.000504
3697 0.000514
3698 0.000440
3699 0.000366
3700 0.000332
3701 0.000365
3702 0.000391
3703 0.000414
3704 0.000370
3705 0.000335
3706 0.000302
3707 0.000315
3708 0.000306
3709 0.000342
3710 0.000376
3711 0.000367
3712 0.000334
3713 0.000280
3714 0.000269
3715 0.000284
3716 0.000308
3717 0.000336
3718 0.000334
3719 0.000329
3720 0.000305
3721 0.000287
3722 0.000309
3723 0.000346
3724 0.000359
3725 0.000329
3726 0.000297
3727 0.000267
3728 0.000279
3729 0.000305
3730 0.000312
3731 0.000312
3732 0.000286
3733 0.000288
3734 0.000273
3735 0.000277
3736 0.000296
3737 0.000310
3738 0.000327
3739 0.000283
3740 0.000282
3741 0.000266
3742 0.000267
3743 0.000271
3744 0.000268
3745 0.000274
3746 0.000257
3747 0.000281
3748 0.000296
3749 0.000285
3750 0.000274
3751 0.000276
3752 0.000266
3753 0.000275
3754 0.000283
3755 0.000281
3756 0.000298
3757 0.000278
3758 0.000276
3759 0.000254
3760 0.000245
3761 0.000237
3762 0.000238
3763 0.000232
3764 0.000248
3765 0.000262
3766 0.000255
3767 0.000241
3768 0.000265
3769 0.000288
3770 0.000291
3771 0.000275
3772 0.000240
3773 0.000231
3774 0.000219
3775 0.000214
3776 0.000233
3777 0.000259
3778 0.000256
3779 0.000261
3780 0.000266
3781 0.000290
3782 0.000283
3783 0.000284
3784 0.000279
3785 0.000270
3786 0.000266
3787 0.000246
3788 0.000231
3789 0.000240
3790 0.000238
3791 0.000243
3792 0.000204
3793 0.000199
3794 0.000190
3795 0.000200
3796 0.000224
3797 0.000228
3798 0.000239
3799 0.000240
3800 0.000216
3801 0.000201
3802 0.000193
3803 0.000211
3804 0.000211
3805 0.000217
3806 0.000227
3807 0.000245
3808 0.000301
3809 0.000340
3810 0.000293
3811 0.000223
3812 0.000188
3813 0.000192
3814 0.000228
3815 0.000259
3816 0.000269
3817 0.000222
3818 0.000178
3819 0.000159
3820 0.000159
3821 0.000168
3822 0.000184
3823 0.000211
3824 0.000215
3825 0.000219
3826 0.000202
3827 0.000193
3828 0.000185
3829 0.000182
3830 0.000210
3831 0.000224
3832 0.000245
3833 0.000249
3834 0.000240
3835 0.000233
3836 0.000215
3837 0.000189
3838 0.000182
3839 0.000171
3840 0.000165
3841 0.000178
3842 0.000204
3843 0.000212
3844 0.000205
3845 0.000181
3846 0.000163
3847 0.000162
3848 0.000172
3849 0.000185
3850 0.000195
3851 0.000191
3852 0.000179
3853 0.000188
3854 0.000189
3855 0.000180
3856 0.000173
3857 0.000172
3858 0.000188
3859 0.000182
3860 0.000167
3861 0.000148
3862 0.000146
3863 0.000163
3864 0.000174
3865 0.000159
3866 0.000144
3867 0.000131
3868 0.000135
3869 0.000158
3870 0.000149
3871 0.000147
3872 0.000132
3873 0.000131
3874 0.000135
3875 0.000153
3876 0.000159
3877 0.000159
3878 0.000142
3879 0.000142
3880 0.000155
3881 0.000158
3882 0.000160
3883 0.000136
3884 0.000128
3885 0.000107
3886 0.000098
3887 0.000096
3888 0.000107
3889 0.000132
3890 0.000156
3891 0.000156
3892 0.000155
3893 0.000145
3894 0.000135
3895 0.000133
3896 0.000139
3897 0.000144
3898 0.000139
3899 0.000122
3900 0.000110
3901 0.000106
3902 0.000110
3903 0.000116
3904 0.000107
3905 0.000103
3906 0.000100
3907 0.000109
3908 0.000117
3909 0.000112
3910 0.000098
3911 0.000090
3912 0.000092
3913 0.000098
3914 0.000101
3915 0.000102
3916 0.000099
3917 0.000102
3918 0.000104
3919 0.000095
3920 0.000093
3921 0.000089
3922 0.000089
3923 0.000079
3924 0.000072
3925 0.000081
3926 0.000090
3927 0.000096
3928 0.000087
3929 0.000076
3930 0.000081
3931 0.000089
3932 0.000085
3933 0.000077
3934 0.000080
3935 0.000080
3936 0.000076
3937 0.000075
3938 0.000074
3939 0.000070
3940 0.000072
3941 0.000071
3942 0.000074
3943 0.000072
3944 0.000065
3945 0.000057
3946 0.000055
3947 0.000056
3948 0.000058
3949 0.000054
3950 0.000051
3951 0.000047
3952 0.000045
3953 0.000044
3954 0.000048
3955 0.000047
3956 0.000046
3957 0.000044
3958 0.000044
3959 0.000045
3960 0.000047
3961 0.000044
3962 0.000040
3963 0.000038
3964 0.000042
3965 0.000046
3966 0.000050
3967 0.000049
3968 0.000039
3969 0.000034
3970 0.000030
3971 0.000029
3972 0.000029
3973 0.000028
3974 0.000030
3975 0.000031
3976 0.000030
3977 0.000032
3978 0.000035
3979 0.000035
3980 0.000035
3981 0.000032
3982 0.000033
3983 0.000033
3984 0.000031
3985 0.000029
3986 0.000029
3987 0.000029
3988 0.000029
3989 0.000028
3990 0.000027
3991 0.000027
3992 0.000030
3993 0.000029
3994 0.000030
3995 0.000026
3996 0.000026
3997 0.000025
3998 0.000024
3999 0.000020
4000 0.000019
4001 0.000018
4002 0.000019
4003 0.000019
4004 0.000019
4005 0.000023
4006 0.000027
4007 0.000025
4008 0.000022
4009 0.000020
4010 0.000022
4011 0.000022
4012 0.000021
4013 0.000019
4014 0.000018
4015 0.000018
4016 0.000017
4017 0.000017
4018 0.000016
4019 0.000017
4020 0.000017
4021 0.000018
4022 0.000019
4023 0.000022
4024 0.000020
4025 0.000020
4026 0.000019
4027 0.000018
4028 0.000017
4029 0.000017
4030 0.000018
4031 0.000018
4032 0.000017
4033 0.000017
4034 0.000017
4035 0.000015
4036 0.000013
4037 0.000013
4038 0.000014
4039 0.000015
4040 0.000017
4041 0.000016
4042 0.000014
4043 0.000012
4044 0.000012
4045 0.000014
4046 0.000015
4047 0.000013
4048 0.000012
4049 0.000012
4050 0.000013
4051 0.000013
4052 0.000013
4053 0.000011
4054 0.000010
4055 0.000012
4056 0.000013
4057 0.000014
4058 0.000014
4059 0.000013
4060 0.000011
4061 0.000010
4062 0.000010
4063 0.000011
4064 0.000011
4065 0.000011
4066 0.000010
4067 0.000010
4068 0.000012
4069 0.000013
4070 0.000013
4071 0.000012
4072 0.000011
4073 0.000011
4074 0.000012
4075 0.000013
4076 0.000012
4077 0.000012
4078 0.000011
4079 0.000011
4080 0.000011
4081 0.000010
4082 0.000010
4083 0.000010
4084 0.000010
4085 0.000010
4086 0.000009
4087 0.000007
4088 0.000007
4089 0.000008
4090 0.000010
4091 0.000012
4092 0.000011
4093 0.000011
4094 0.000010
4095 0.000010
4096 0.000012
4097 0.000012
4098 0.000012
4099 0.000010
4100 0.000008
4101 0.000007
4102 0.000007
4103 0.000008
4104 0.000008
4105 0.000009
4106 0.000010
4107 0.000010
4108 0.000009
4109 0.000008
4110 0.000007
4111 0.000007
4112 0.000007
4113 0.000008
4114 0.000010
4115 0.000010
4116 0.000009
4117 0.000008
4118 0.000007
4119 0.000006
4120 0.000006
4121 0.000006
4122 0.000006
4123 0.000005
4124 0.000006
4125 0.000006
4126 0.000005
4127 0.000004
4128 0.000005
4129 0.000006
4130 0.000007
4131 0.000008
4132 0.000007
4133 0.000006
4134 0.000005
4135 0.000005
4136 0.000005
4137 0.000005
4138 0.000005
4139 0.000005
4140 0.000004
4141 0.000005
4142 0.000005
4143 0.000005
4144 0.000004
4145 0.000004
4146 0.000004
4147 0.000004
4148 0.000005
4149 0.000004
4150 0.000004
4151 0.000004
4152 0.000004
4153 0.000004
4154 0.000004
4155 0.000004
4156 0.000004
4157 0.000005
4158 0.000005
4159 0.000004
4160 0.000004
4161 0.000003
4162 0.000003
4163 0.000003
4164 0.000003
4165 0.000003
4166 0.000004
4167 0.000004
4168 0.000004
4169 0.000004
4170 0.000004
4171 0.000003
4172 0.000003
4173 0.000003
4174 0.000003
4175 0.000003
4176 0.000004
4177 0.000004
4178 0.000004
4179 0.000004
4180 0.000003
4181 0.000003
4182 0.000003
4183 0.000004
4184 0.000004
4185 0.000004
4186 0.000004
4187 0.000004
4188 0.000003
4189 0.000003
4190 0.000003
4191 0.000003
4192 0.000003
4193 0.000003
4194 0.000003
4195 0.000003
4196 0.000003
4197 0.000003
4198 0.000003
4199 0.000003
4200 0.000003
4201 0.000004
4202 0.000004
4203 0.000005
4204 0.000004
4205 0.000004
4206 0.000003
4207 0.000003
4208 0.000002
4209 0.000002
4210 0.000003
4211 0.000003
4212 0.000003
4213 0.000003
4214 0.000003
4215 0.000003
4216 0.000003
4217 0.000003
4218 0.000003
4219 0.000003
4220 0.000003
4221 0.000003
4222 0.000004
4223 0.000003
4224 0.000003
4225 0.000002
4226 0.000002
4227 0.000002
4228 0.000002
4229 0.000002
4230 0.000002
4231 0.000002
4232 0.000002
4233 0.000002
4234 0.000002
4235 0.000002
4236 0.000002
4237 0.000003
4238 0.000003
4239 0.000003
4240 0.000003
4241 0.000003
4242 0.000003
4243 0.000002
4244 0.000002
4245 0.000002
4246 0.000002
4247 0.000002
4248 0.000002
4249 0.000002
4250 0.000002
4251 0.000002
4252 0.000002
4253 0.000002
4254 0.000002
4255 0.000002
4256 0.000002
4257 0.000002
4258 0.000002
4259 0.000002
4260 0.000002
4261 0.000002
4262 0.000002
4263 0.000002
4264 0.000002
4265 0.000002
4266 0.000002
4267 0.000002
4268 0.000002
4269 0.000002
4270 0.000002
4271 0.000002
4272 0.000001
4273 0.000002
4274 0.000002
4275 0.000002
4276 0.000002
4277 0.000002
4278 0.000002
4279 0.000002
4280 0.000002
4281 0.000002
4282 0.000002
4283 0.000002
4284 0.000002
4285 0.000002
4286 0.000002
4287 0.000002
4288 0.000002
4289 0.000001
4290 0.000001
4291 0.000001
4292 0.000002
4293 0.000002
4294 0.000002
4295 0.000001
4296 0.000001
