#ite residual of mtx/s3rmq4m1.mtx
1 2.094483
2 4.780472
3 3.885072
4 4.471502
5 4.754326
6 4.067272
7 3.880172
8 4.809794
9 4.438095
10 4.018924
11 5.320682
12 4.790527
13 4.206810
14 3.796475
15 3.629116
16 3.951011
17 4.455901
18 4.232632
19 4.908928
20 5.455130
21 5.123774
22 4.774260
23 4.764816
24 4.582554
25 4.936915
26 4.555826
27 4.732497
28 5.306355
29 5.796973
30 6.330407
31 6.673316
32 6.024311
33 6.077159
34 5.202564
35 5.331687
36 5.558240
37 6.642568
38 6.877579
39 6.961886
40 6.934377
41 7.588382
42 7.269544
43 7.583647
44 8.335835
45 8.680486
46 8.115274
47 8.028629
48 8.094236
49 7.330529
50 7.221570
51 8.181592
52 8.451531
53 9.187869
54 9.365990
55 9.017683
56 8.620952
57 8.493927
58 9.013500
59 9.692642
60 10.560394
61 11.496752
62 11.867822
63 11.659480
64 12.779878
65 13.055367
66 12.930493
67 13.093442
68 12.067093
69 11.978521
70 12.588782
71 12.949557
72 16.217328
73 16.194464
74 18.347217
75 18.395074
76 21.029575
77 23.706493
78 26.603357
79 26.007000
80 26.770744
81 24.835247
82 24.021925
83 22.496365
84 23.893028
85 24.171459
86 26.165580
87 29.384499
88 32.798204
89 32.075018
90 35.848773
91 34.557061
92 38.948329
93 37.178075
94 40.202037
95 41.926012
96 45.303521
97 42.829156
98 38.732282
99 37.036811
100 38.807833
101 38.904065
102 37.465378
103 35.586171
104 37.157377
105 35.312351
106 32.704433
107 31.296076
108 27.600328
109 29.895888
110 29.029743
111 31.273178
112 28.297717
113 29.596796
114 29.224799
115 30.526784
116 32.639400
117 29.934636
118 27.385137
119 25.430115
120 23.494578
121 23.776172
122 24.437772
123 25.295088
124 24.521448
125 24.414947
126 25.435773
127 24.475298
128 23.328075
129 22.614453
130 21.484736
131 19.612377
132 19.075488
133 19.353818
134 19.955798
135 21.172673
136 22.936246
137 26.508029
138 28.495329
139 32.463978
140 29.975638
141 31.338338
142 30.692825
143 32.181330
144 34.796820
145 34.634221
146 29.533022
147 30.096748
148 32.016604
149 32.635499
150 32.159270
151 31.317566
152 33.999013
153 34.643516
154 33.443998
155 36.116964
156 38.770777
157 36.867904
158 37.633740
159 36.854710
160 35.941196
161 37.434416
162 38.760951
163 39.296042
164 38.984988
165 38.153246
166 36.442677
167 37.173832
168 34.972212
169 34.134140
170 35.067272
171 33.682201
172 34.118580
173 33.673887
174 32.060367
175 31.922947
176 31.436195
177 32.545939
178 32.396767
179 32.189768
180 32.805570
181 33.025834
182 32.436164
183 31.211941
184 28.988841
185 27.861365
186 26.907006
187 26.064172
188 26.735901
189 24.915749
190 24.681778
191 25.558825
192 25.933360
193 27.598462
194 31.418805
195 33.458440
196 31.310954
197 29.087721
198 28.566188
199 30.822673
200 34.337503
201 34.879297
202 36.207165
203 36.834716
204 41.533009
205 41.261714
206 39.425422
207 39.603919
208 37.143993
209 35.120046
210 33.502348
211 31.288865
212 31.869137
213 31.296548
214 32.300956
215 31.060102
216 30.744494
217 31.426453
218 32.685236
219 33.291760
220 35.314222
221 37.626032
222 41.605105
223 41.229869
224 41.749735
225 44.718169
226 45.257332
227 44.745524
228 45.020858
229 43.932828
230 41.833087
231 40.527594
232 41.985189
233 43.292792
234 41.934916
235 41.371557
236 38.105068
237 36.909156
238 37.134473
239 35.052577
240 34.403010
241 32.716394
242 29.904570
243 31.110262
244 32.423921
245 34.510352
246 32.921756
247 32.741057
248 33.036179
249 35.797446
250 37.877118
251 37.184506
252 36.502851
253 34.437567
254 36.737999
255 37.271981
256 37.248172
257 33.810304
258 30.080591
259 28.508207
260 29.916317
261 31.574050
262 35.102388
263 36.042686
264 36.208984
265 33.463458
266 32.450639
267 33.215526
268 33.295002
269 33.207310
270 32.325182
271 31.009199
272 29.751454
273 29.478191
274 28.067600
275 29.318143
276 30.974012
277 31.796959
278 31.368781
279 29.689575
280 31.573520
281 32.907339
282 33.364678
283 34.091872
284 35.324367
285 36.050929
286 36.879156
287 37.814843
288 39.326745
289 42.148192
290 44.559919
291 46.386292
292 47.015601
293 47.378030
294 49.155496
295 50.465593
296 48.627617
297 47.509737
298 46.573942
299 42.113630
300 42.516462
301 42.175679
302 43.725059
303 44.302734
304 43.963377
305 42.511676
306 40.354581
307 39.407774
308 39.893379
309 39.632853
310 37.137183
311 34.512082
312 32.855683
313 33.009344
314 34.000450
315 35.803623
316 36.664832
317 38.025912
318 38.253207
319 40.795528
320 40.652828
321 41.343124
322 42.662252
323 44.432701
324 42.976580
325 41.493760
326 38.175596
327 36.496910
328 34.008291
329 34.101542
330 34.252802
331 34.930154
332 34.746009
333 34.566766
334 33.383552
335 33.131976
336 31.062951
337 31.365266
338 31.975421
339 35.612792
340 37.064240
341 35.974458
342 36.248174
343 36.966325
344 38.428340
345 36.893723
346 35.940015
347 34.298587
348 35.325732
349 35.939415
350 36.979393
351 35.982344
352 39.413514
353 41.457652
354 40.161898
355 39.404159
356 41.622400
357 43.492318
358 43.385681
359 42.413699
360 44.042512
361 44.985403
362 45.439596
363 46.146145
364 43.889456
365 43.204237
366 43.076815
367 39.823438
368 38.962185
369 40.421291
370 41.546180
371 40.836151
372 42.468386
373 41.913168
374 39.639287
375 40.180242
376 37.888199
377 36.868442
378 35.237674
379 39.278581
380 40.046690
381 41.470649
382 39.045059
383 35.640558
384 35.271677
385 36.099829
386 36.035009
387 35.024802
388 35.197980
389 38.293449
390 43.395245
391 46.576564
392 42.354868
393 43.773393
394 44.477354
395 45.532109
396 44.484437
397 44.714361
398 44.679988
399 49.120500
400 47.437647
401 45.478971
402 41.618979
403 37.962988
404 36.449013
405 36.663436
406 38.464173
407 37.512315
408 37.689850
409 38.632639
410 36.069588
411 37.351078
412 39.484128
413 44.079642
414 43.504267
415 42.715100
416 40.156689
417 38.174938
418 38.012991
419 38.588146
420 39.123481
421 38.662830
422 36.634619
423 33.717864
424 31.891718
425 30.577070
426 33.308151
427 36.477986
428 37.065299
429 39.379231
430 40.204919
431 41.471275
432 39.307887
433 43.185478
434 47.636257
435 49.061190
436 46.171992
437 45.480365
438 41.776606
439 41.530757
440 42.249108
441 44.882155
442 43.915358
443 43.245641
444 42.250158
445 42.832841
446 43.778771
447 47.574002
448 46.054136
449 46.523523
450 43.878451
451 44.414623
452 41.948854
453 39.023117
454 37.142402
455 38.170915
456 39.382398
457 40.274623
458 38.288546
459 39.228093
460 41.112393
461 41.920466
462 42.187861
463 42.101470
464 41.666118
465 41.728227
466 40.084765
467 39.836551
468 41.839904
469 41.965896
470 40.304079
471 41.477632
472 40.974655
473 42.546787
474 41.059593
475 40.687016
476 40.392916
477 39.749552
478 37.998517
479 38.696579
480 39.016830
481 40.514621
482 41.427535
483 38.983485
484 39.496605
485 42.055904
486 41.831218
487 42.402138
488 43.648678
489 45.030160
490 42.053857
491 37.192781
492 35.636729
493 37.637839
494 37.948394
495 39.040896
496 38.570921
497 42.035460
498 47.629893
499 48.811533
500 49.959576
501 48.466587
502 46.262749
503 45.418791
504 44.923456
505 44.669596
506 44.291765
507 45.927586
508 47.945867
509 47.955849
510 45.981864
511 44.881075
512 44.212739
513 47.615251
514 46.947784
515 46.231548
516 44.330335
517 45.128267
518 43.295070
519 41.403234
520 40.511530
521 39.750962
522 43.509859
523 41.816021
524 43.815367
525 48.682103
526 51.904636
527 52.252668
528 48.180981
529 45.782980
530 42.719801
531 41.196214
532 41.226722
533 39.720888
534 39.567260
535 37.429813
536 39.525804
537 39.730022
538 38.645343
539 35.977108
540 34.969496
541 34.055740
542 35.859774
543 35.992893
544 36.765540
545 37.634951
546 40.149879
547 39.477023
548 39.645920
549 41.235662
550 44.286994
551 46.630739
552 47.731540
553 48.058454
554 44.899146
555 45.459704
556 45.340169
557 44.971975
558 42.776288
559 42.208054
560 44.222902
561 44.072652
562 45.391378
563 44.185143
564 42.662456
565 42.407730
566 42.882135
567 41.241392
568 38.758613
569 35.367334
570 33.929055
571 36.601675
572 38.849574
573 39.041018
574 38.716464
575 38.585493
576 36.965442
577 38.826290
578 39.282906
579 39.053294
580 37.823080
581 38.501275
582 40.259946
583 41.063130
584 39.190868
585 36.650194
586 35.757574
587 36.672044
588 38.853217
589 40.026776
590 39.210792
591 38.797357
592 40.131915
593 39.086008
594 40.041299
595 43.981679
596 47.012584
597 48.874486
598 50.859533
599 51.308971
600 54.409729
601 53.207878
602 51.784193
603 49.455547
604 49.287241
605 49.561258
606 47.935433
607 47.611951
608 47.627815
609 48.329554
610 50.291170
611 50.843561
612 51.498258
613 48.503979
614 46.546241
615 48.085318
616 50.364545
617 50.915926
618 50.080443
619 47.146143
620 46.176558
621 45.880393
622 47.553219
623 53.609034
624 53.778039
625 51.363125
626 52.599373
627 54.805062
628 55.615299
629 55.249977
630 55.977408
631 54.938375
632 52.971052
633 54.860541
634 59.930422
635 63.386370
636 65.368651
637 61.667621
638 59.402557
639 57.356480
640 57.648108
641 57.269956
642 52.823675
643 51.594578
644 51.649630
645 50.959708
646 51.864462
647 55.842151
648 57.283119
649 57.751211
650 56.806741
651 56.034524
652 53.288323
653 53.006588
654 51.502194
655 54.815365
656 52.915153
657 49.784724
658 44.030291
659 43.537261
660 42.939172
661 45.267105
662 46.824499
663 49.941457
664 52.191136
665 49.989114
666 48.428107
667 46.716992
668 45.831436
669 42.419969
670 39.688513
671 37.853508
672 37.069252
673 36.581920
674 37.201732
675 39.574101
676 42.432256
677 42.775045
678 42.579715
679 44.092696
680 45.146494
681 43.671261
682 41.442523
683 37.849408
684 37.520754
685 36.899005
686 37.053398
687 36.444331
688 34.476370
689 32.471635
690 31.687120
691 30.005636
692 28.200058
693 27.204910
694 27.490459
695 28.342726
696 28.176233
697 27.505751
698 26.872842
699 28.551436
700 30.707901
701 31.125715
702 30.135592
703 30.579798
704 31.686452
705 31.459746
706 32.340514
707 32.548822
708 31.433587
709 30.587537
710 30.225646
711 31.762975
712 31.042861
713 30.615044
714 29.945267
715 28.950635
716 29.017718
717 29.486634
718 30.567978
719 30.843218
720 31.029069
721 31.259396
722 32.718334
723 32.650392
724 32.126173
725 32.591976
726 33.379916
727 34.466940
728 35.808570
729 36.484387
730 35.962391
731 34.843159
732 35.537805
733 36.670147
734 37.272537
735 37.502905
736 38.814257
737 40.082153
738 43.187023
739 43.487895
740 45.489205
741 42.892423
742 41.271382
743 37.211379
744 35.566173
745 34.731329
746 35.634125
747 36.717437
748 39.955957
749 41.114057
750 41.069390
751 42.383212
752 46.506183
753 47.799048
754 47.499592
755 46.002331
756 44.562355
757 43.662090
758 44.734146
759 47.943647
760 50.685008
761 51.507227
762 55.394327
763 58.691477
764 59.877894
765 64.037418
766 65.306478
767 66.507962
768 68.137471
769 71.101805
770 69.518494
771 72.667228
772 75.343757
773 75.500828
774 75.960550
775 84.022171
776 89.431180
777 89.280170
778 88.953953
779 86.930729
780 84.336359
781 83.026216
782 79.285553
783 79.271339
784 76.159960
785 80.162351
786 80.534567
787 81.872485
788 78.367644
789 75.820593
790 78.015990
791 82.380033
792 85.580713
793 89.405888
794 87.720891
795 85.321098
796 80.510170
797 74.664255
798 71.400018
799 74.338296
800 77.059533
801 80.997694
802 74.100506
803 73.376366
804 74.961655
805 77.012982
806 75.547613
807 74.881374
808 75.893442
809 78.218170
810 77.759352
811 78.640944
812 79.816150
813 84.139561
814 85.984970
815 78.654111
816 76.136259
817 78.677512
818 79.220709
819 75.670697
820 73.359229
821 75.555719
822 73.137328
823 72.410151
824 76.155463
825 78.424173
826 72.219275
827 67.208729
828 64.733346
829 62.350412
830 62.859807
831 63.196367
832 62.381308
833 61.349911
834 56.997770
835 54.054332
836 54.745205
837 56.315195
838 60.728118
839 61.084332
840 65.756228
841 60.021342
842 53.600559
843 51.184592
844 49.676957
845 51.730549
846 52.295809
847 52.338855
848 52.728956
849 51.060154
850 47.968496
851 45.784922
852 46.035559
853 46.305625
854 44.926599
855 43.763898
856 43.882044
857 43.783814
858 43.054565
859 41.266832
860 41.675704
861 42.042997
862 42.993987
863 40.400984
864 40.821553
865 41.217503
866 41.203887
867 43.363532
868 42.570019
869 40.712497
870 40.869362
871 39.785857
872 35.607740
873 34.632859
874 33.479131
875 33.228439
876 32.999220
877 33.814255
878 35.168963
879 35.993031
880 37.587567
881 38.532119
882 37.802183
883 35.789553
884 35.344929
885 36.308707
886 38.272931
887 42.887997
888 43.019485
889 42.665433
890 40.933152
891 39.510175
892 37.832401
893 37.403606
894 38.885091
895 40.415134
896 40.006210
897 40.031052
898 38.615766
899 35.462541
900 34.003359
901 34.906044
902 35.246144
903 34.390043
904 35.009982
905 37.321452
906 36.483510
907 37.552790
908 36.280083
909 33.734128
910 33.834660
911 38.067747
912 38.763074
913 37.517974
914 35.615526
915 35.690842
916 35.515273
917 33.131572
918 32.111461
919 33.873064
920 35.952854
921 37.253644
922 36.416967
923 35.178154
924 35.411067
925 35.413672
926 36.263728
927 34.630801
928 34.967372
929 33.288135
930 32.195377
931 30.103774
932 29.443127
933 31.292219
934 31.675512
935 31.399801
936 30.978966
937 30.196133
938 30.041445
939 30.681400
940 31.205873
941 29.467165
942 27.613527
943 28.915047
944 31.446917
945 32.693781
946 32.319478
947 32.800470
948 34.356365
949 32.684647
950 29.629879
951 27.077164
952 26.999198
953 26.961405
954 25.900497
955 26.188134
956 25.436426
957 24.329038
958 24.278038
959 24.655883
960 23.815292
961 23.965191
962 23.839662
963 24.553550
964 23.658965
965 22.391363
966 21.905542
967 22.951511
968 24.179068
969 26.008272
970 23.951399
971 22.054578
972 21.736221
973 22.756816
974 23.257693
975 22.860601
976 22.346210
977 22.499451
978 23.073092
979 22.827114
980 22.580650
981 23.016302
982 23.236669
983 23.068284
984 24.929731
985 27.063824
986 27.729153
987 27.612212
988 26.875344
989 27.390644
990 25.726866
991 25.798947
992 25.708049
993 27.546320
994 29.969018
995 31.929027
996 33.549936
997 34.442421
998 35.935478
999 34.116589
1000 32.782598
1001 33.185858
1002 32.219351
1003 33.458175
1004 34.681614
1005 38.003000
1006 40.110089
1007 43.102184
1008 42.978638
1009 40.257942
1010 36.032063
1011 35.523941
1012 37.070090
1013 40.930991
1014 43.396774
1015 43.169668
1016 41.032410
1017 41.205861
1018 40.271581
1019 41.536595
1020 43.781230
1021 44.101612
1022 43.047878
1023 42.599695
1024 41.001500
1025 42.860770
1026 45.067180
1027 47.870795
1028 49.568586
1029 47.736656
1030 42.926288
1031 42.694291
1032 43.349660
1033 43.473201
1034 48.899374
1035 53.826375
1036 56.981409
1037 51.583644
1038 51.159397
1039 50.129407
1040 52.813324
1041 53.647178
1042 55.336147
1043 59.563966
1044 62.321315
1045 66.090770
1046 69.711339
1047 67.792104
1048 70.101042
1049 69.743133
1050 68.391294
1051 68.370429
1052 68.832275
1053 68.268476
1054 68.012693
1055 73.411735
1056 79.352743
1057 78.509962
1058 75.414752
1059 72.389042
1060 79.412453
1061 84.972880
1062 80.646564
1063 78.273339
1064 77.298566
1065 80.593367
1066 74.219412
1067 70.246186
1068 68.660018
1069 71.594215
1070 75.921112
1071 88.240108
1072 91.101392
1073 86.490777
1074 86.162729
1075 92.670290
1076 98.438581
1077 107.444959
1078 100.531934
1079 97.012875
1080 94.016712
1081 96.951937
1082 103.642785
1083 102.130602
1084 106.703193
1085 104.939060
1086 95.003370
1087 88.983398
1088 86.234600
1089 93.060653
1090 99.689837
1091 99.274841
1092 100.148882
1093 97.924081
1094 112.960329
1095 122.553160
1096 130.489254
1097 132.394316
1098 143.804383
1099 142.449583
1100 129.421506
1101 119.549088
1102 116.545806
1103 124.996031
1104 128.040740
1105 131.719820
1106 121.228922
1107 114.671928
1108 114.378322
1109 115.750305
1110 114.813805
1111 116.884084
1112 117.572712
1113 120.819870
1114 115.782600
1115 114.981045
1116 107.175122
1117 103.568136
1118 109.485949
1119 122.618856
1120 129.672188
1121 128.456947
1122 120.282635
1123 120.920183
1124 122.380864
1125 121.026810
1126 115.976237
1127 120.066417
1128 119.637497
1129 125.118294
1130 130.061081
1131 129.500100
1132 125.437374
1133 128.485670
1134 131.214884
1135 136.753074
1136 139.173835
1137 136.357223
1138 133.879000
1139 128.475699
1140 123.203028
1141 120.869322
1142 120.435297
1143 120.075835
1144 125.638489
1145 128.012841
1146 127.080195
1147 127.088227
1148 133.757210
1149 133.169574
1150 126.313853
1151 118.132802
1152 113.340048
1153 112.369523
1154 109.895090
1155 115.653938
1156 123.704985
1157 131.350735
1158 137.766412
1159 139.531066
1160 135.471273
1161 121.916986
1162 114.311218
1163 110.175539
1164 111.303847
1165 115.604906
1166 114.466655
1167 109.533541
1168 101.698192
1169 95.877864
1170 94.518681
1171 96.897004
1172 100.006865
1173 96.550030
1174 104.530221
1175 108.018996
1176 108.343326
1177 103.525901
1178 95.566813
1179 93.591056
1180 88.350932
1181 90.574158
1182 84.233459
1183 80.978272
1184 83.771774
1185 89.681712
1186 95.703775
1187 95.218540
1188 92.826939
1189 86.387029
1190 84.352003
1191 84.763934
1192 83.603590
1193 86.734320
1194 87.203100
1195 90.785974
1196 85.043040
1197 74.837695
1198 69.785908
1199 70.518270
1200 76.284090
1201 78.787113
1202 78.562417
1203 72.010898
1204 69.906006
1205 71.827627
1206 76.040342
1207 84.436268
1208 84.296676
1209 78.468161
1210 69.969027
1211 67.972209
1212 67.999941
1213 67.853687
1214 69.215347
1215 69.237830
1216 65.761268
1217 61.641226
1218 58.327788
1219 56.660439
1220 61.262434
1221 67.998129
1222 70.748335
1223 71.306324
1224 66.879121
1225 69.307193
1226 72.288062
1227 75.862427
1228 75.653729
1229 66.598192
1230 59.473383
1231 55.749227
1232 57.685554
1233 58.854266
1234 59.770640
1235 61.176886
1236 61.975600
1237 60.771406
1238 56.398897
1239 58.398861
1240 59.218910
1241 60.588201
1242 59.028025
1243 57.854212
1244 58.238692
1245 62.108241
1246 62.866537
1247 58.255497
1248 52.435396
1249 49.145771
1250 48.701475
1251 49.775237
1252 48.749810
1253 45.244512
1254 46.007089
1255 48.122263
1256 48.132577
1257 45.872856
1258 48.139222
1259 49.748756
1260 54.538578
1261 56.147296
1262 53.612719
1263 46.750944
1264 44.573716
1265 46.222417
1266 46.381696
1267 44.075976
1268 42.040120
1269 41.696941
1270 41.892417
1271 42.329333
1272 42.470720
1273 39.639873
1274 40.063425
1275 40.637394
1276 45.266953
1277 48.144361
1278 45.173727
1279 45.443753
1280 44.880966
1281 46.035272
1282 48.777924
1283 47.446126
1284 42.614902
1285 41.568392
1286 43.259199
1287 45.169349
1288 45.390861
1289 43.256135
1290 41.041958
1291 41.197579
1292 43.134805
1293 46.505246
1294 46.022888
1295 44.613669
1296 41.375884
1297 42.023864
1298 42.123489
1299 42.177382
1300 43.240642
1301 42.010367
1302 38.082626
1303 35.305831
1304 35.253607
1305 37.760841
1306 38.283086
1307 38.194824
1308 35.305134
1309 35.432003
1310 37.679273
1311 41.024562
1312 41.712570
1313 41.852947
1314 41.862013
1315 44.223031
1316 41.540697
1317 39.872637
1318 32.957342
1319 30.795804
1320 30.983621
1321 31.284504
1322 32.845758
1323 32.507472
1324 32.667494
1325 31.787820
1326 31.620206
1327 33.561572
1328 34.760964
1329 33.968791
1330 33.379818
1331 32.223631
1332 31.351972
1333 30.800147
1334 29.360681
1335 30.786319
1336 31.404892
1337 31.351160
1338 33.025967
1339 31.956474
1340 31.129907
1341 30.143250
1342 31.291583
1343 32.034172
1344 33.745306
1345 35.328491
1346 35.433047
1347 34.556580
1348 34.356307
1349 34.015305
1350 33.184379
1351 31.153398
1352 29.893345
1353 30.359481
1354 30.361567
1355 29.820961
1356 25.940160
1357 24.293279
1358 23.076541
1359 24.360302
1360 26.440360
1361 27.564931
1362 26.666701
1363 26.008554
1364 26.647890
1365 28.277283
1366 29.130980
1367 30.243389
1368 29.915105
1369 28.208548
1370 25.107602
1371 23.165235
1372 23.355629
1373 23.824448
1374 24.185021
1375 23.755586
1376 22.925309
1377 24.787188
1378 27.442075
1379 30.947994
1380 32.333817
1381 31.650202
1382 30.515507
1383 31.166594
1384 31.054928
1385 31.185496
1386 27.710934
1387 25.419203
1388 23.751578
1389 22.467258
1390 22.306201
1391 22.027843
1392 22.692433
1393 24.505996
1394 28.376134
1395 29.388382
1396 28.714152
1397 25.072272
1398 21.694680
1399 19.814856
1400 20.004305
1401 21.831600
1402 23.535572
1403 23.580807
1404 22.301342
1405 21.952207
1406 20.440361
1407 21.302547
1408 20.104759
1409 20.510268
1410 21.458425
1411 22.605074
1412 23.139030
1413 21.717256
1414 20.330433
1415 20.675819
1416 21.961481
1417 21.052689
1418 21.167089
1419 21.112975
1420 20.484656
1421 22.720300
1422 23.989908
1423 24.064513
1424 21.827751
1425 19.726956
1426 20.084730
1427 20.387596
1428 22.672681
1429 24.746950
1430 26.543466
1431 26.866275
1432 25.352031
1433 25.231214
1434 24.446880
1435 25.092518
1436 24.933018
1437 25.362894
1438 24.501094
1439 23.582871
1440 23.241410
1441 21.266460
1442 20.382512
1443 20.550177
1444 21.772782
1445 23.267267
1446 25.468521
1447 23.689265
1448 21.839221
1449 19.518466
1450 21.542205
1451 24.932039
1452 28.832038
1453 27.288077
1454 23.960355
1455 21.257267
1456 21.088623
1457 22.496274
1458 21.920539
1459 23.233667
1460 24.292213
1461 23.449862
1462 22.935065
1463 21.077157
1464 20.005695
1465 19.555852
1466 19.182227
1467 20.952142
1468 20.794610
1469 21.523936
1470 21.879468
1471 22.942238
1472 24.263157
1473 24.135210
1474 24.288684
1475 23.054506
1476 22.076868
1477 20.602596
1478 20.488609
1479 20.760645
1480 20.680135
1481 20.100221
1482 18.616166
1483 18.195728
1484 16.985377
1485 17.248840
1486 17.747473
1487 18.859160
1488 19.882787
1489 19.480394
1490 20.330322
1491 21.002801
1492 22.332007
1493 21.995463
1494 21.919822
1495 21.495380
1496 20.156677
1497 18.673625
1498 17.528717
1499 16.728017
1500 16.613453
1501 16.787100
1502 18.737850
1503 19.370611
1504 18.553656
1505 16.645284
1506 15.624934
1507 15.893492
1508 18.263969
1509 20.609401
1510 22.842473
1511 21.852131
1512 18.335777
1513 16.325295
1514 15.659308
1515 16.815904
1516 19.335111
1517 21.214631
1518 23.489566
1519 22.668616
1520 21.403145
1521 20.669002
1522 20.683105
1523 21.441454
1524 21.921792
1525 20.932382
1526 20.060385
1527 20.163675
1528 20.581895
1529 20.827769
1530 19.841409
1531 20.151356
1532 21.244323
1533 21.366294
1534 20.022708
1535 19.509128
1536 19.810298
1537 22.659141
1538 23.128642
1539 22.608020
1540 21.829422
1541 23.317773
1542 25.368694
1543 26.295328
1544 25.917909
1545 26.837776
1546 26.493678
1547 25.081535
1548 23.659123
1549 21.539263
1550 20.460161
1551 19.803258
1552 20.533030
1553 21.646583
1554 21.993512
1555 22.858577
1556 24.426107
1557 27.273289
1558 29.849229
1559 30.906375
1560 31.782533
1561 33.177259
1562 31.982395
1563 28.475973
1564 26.676914
1565 25.408482
1566 25.646299
1567 27.637926
1568 28.344971
1569 28.995379
1570 27.736312
1571 27.175360
1572 28.327419
1573 31.307517
1574 33.637578
1575 35.147390
1576 37.423184
1577 37.362591
1578 36.640484
1579 34.490347
1580 34.052402
1581 34.263035
1582 35.432454
1583 36.741143
1584 37.056170
1585 34.860239
1586 34.680273
1587 34.190089
1588 32.571990
1589 32.443413
1590 31.545783
1591 34.383610
1592 37.709187
1593 40.749875
1594 39.537107
1595 38.633480
1596 38.627692
1597 40.046514
1598 40.842692
1599 39.872950
1600 35.978110
1601 33.606898
1602 31.908824
1603 32.304763
1604 33.149860
1605 33.727759
1606 35.928590
1607 40.780432
1608 41.476002
1609 39.278878
1610 37.179330
1611 36.675316
1612 40.547725
1613 41.945813
1614 43.169824
1615 41.094698
1616 38.589587
1617 35.257516
1618 33.283693
1619 31.894373
1620 34.042614
1621 36.932640
1622 40.031675
1623 43.003467
1624 40.696433
1625 42.572909
1626 45.533228
1627 45.533237
1628 46.039379
1629 41.277495
1630 39.164010
1631 36.481785
1632 34.669966
1633 35.607196
1634 38.489230
1635 40.174530
1636 37.680337
1637 32.638732
1638 32.872796
1639 33.914192
1640 35.636872
1641 38.925399
1642 40.020340
1643 40.830536
1644 41.137867
1645 39.205824
1646 40.117966
1647 41.027079
1648 44.491825
1649 47.268683
1650 46.149136
1651 44.717982
1652 38.385916
1653 34.325197
1654 35.432440
1655 39.191375
1656 43.214370
1657 44.843103
1658 41.083447
1659 40.751129
1660 36.141406
1661 34.780820
1662 36.662515
1663 41.110807
1664 44.617024
1665 42.674983
1666 43.757744
1667 40.435530
1668 37.607761
1669 36.823648
1670 41.554283
1671 46.491176
1672 46.795577
1673 44.399501
1674 40.626567
1675 37.804176
1676 38.196037
1677 40.742395
1678 47.033590
1679 45.202143
1680 43.400750
1681 42.741520
1682 40.697219
1683 44.814078
1684 46.032608
1685 48.042440
1686 43.036809
1687 36.346619
1688 32.093446
1689 31.247238
1690 37.061017
1691 44.598024
1692 49.568890
1693 53.323243
1694 50.580433
1695 50.214604
1696 45.987725
1697 48.237414
1698 51.934945
1699 58.017103
1700 57.926252
1701 48.620102
1702 41.182879
1703 36.344453
1704 37.289391
1705 41.736504
1706 46.121289
1707 51.105238
1708 51.042184
1709 49.707848
1710 53.354863
1711 58.196494
1712 60.710916
1713 60.512219
1714 57.959683
1715 52.315929
1716 51.377660
1717 55.971626
1718 62.618017
1719 71.594573
1720 71.899771
1721 67.292150
1722 63.095765
1723 62.380140
1724 64.274428
1725 64.849822
1726 69.758525
1727 67.419086
1728 68.736125
1729 63.495579
1730 62.011950
1731 59.873824
1732 65.768814
1733 79.861666
1734 93.989022
1735 96.490177
1736 87.201427
1737 81.433842
1738 79.749620
1739 82.355021
1740 77.114823
1741 72.044962
1742 68.574130
1743 65.511917
1744 64.187396
1745 66.313202
1746 73.986094
1747 91.518984
1748 95.718811
1749 94.444262
1750 80.951623
1751 80.357611
1752 80.607885
1753 89.235747
1754 100.790092
1755 98.232131
1756 95.298843
1757 89.934430
1758 82.809737
1759 73.218453
1760 72.713475
1761 74.944040
1762 86.036226
1763 86.500876
1764 83.412375
1765 71.377053
1766 70.295586
1767 76.974591
1768 90.462097
1769 98.643973
1770 98.657881
1771 91.664645
1772 85.482116
1773 85.617429
1774 91.691011
1775 96.683881
1776 91.421744
1777 83.196797
1778 77.502795
1779 78.633823
1780 82.788880
1781 91.550161
1782 104.239736
1783 102.171476
1784 93.250944
1785 84.368512
1786 75.661625
1787 76.404445
1788 80.405630
1789 85.032382
1790 88.960203
1791 87.299753
1792 85.730868
1793 85.674958
1794 87.487726
1795 89.800832
1796 93.558587
1797 99.643045
1798 86.739396
1799 77.246488
1800 71.277288
1801 79.550188
1802 96.166367
1803 114.329518
1804 122.325561
1805 106.237483
1806 90.159266
1807 79.642756
1808 81.826709
1809 86.716388
1810 101.129103
1811 103.106594
1812 94.581634
1813 78.646967
1814 72.155630
1815 70.299464
1816 77.835815
1817 86.072637
1818 92.271994
1819 91.429334
1820 93.214665
1821 95.790899
1822 101.945666
1823 96.451776
1824 92.436327
1825 89.629296
1826 88.416127
1827 84.355387
1828 81.093600
1829 77.966206
1830 87.228307
1831 101.105524
1832 107.424966
1833 100.779594
1834 92.042289
1835 84.111829
1836 91.514177
1837 93.575161
1838 95.583540
1839 95.615121
1840 90.536129
1841 84.653197
1842 83.303849
1843 87.667698
1844 98.130992
1845 104.258742
1846 98.483398
1847 87.376663
1848 92.064657
1849 103.435541
1850 117.193283
1851 123.885567
1852 118.489181
1853 108.436087
1854 103.957741
1855 104.792934
1856 101.942512
1857 110.545606
1858 119.343449
1859 131.917091
1860 136.476910
1861 119.559999
1862 109.236189
1863 99.158603
1864 98.824828
1865 112.950360
1866 124.815769
1867 138.997129
1868 134.442985
1869 125.802967
1870 125.122873
1871 139.255950
1872 156.353754
1873 153.478965
1874 144.626589
1875 123.277128
1876 121.811964
1877 117.460201
1878 123.839139
1879 133.329249
1880 142.074722
1881 150.081828
1882 147.587047
1883 140.878208
1884 129.079415
1885 118.761517
1886 125.874510
1887 140.968982
1888 157.604680
1889 155.850804
1890 136.948493
1891 131.438383
1892 128.081560
1893 146.382028
1894 158.076059
1895 171.865454
1896 166.009948
1897 144.345247
1898 130.945663
1899 142.768469
1900 156.540897
1901 156.940864
1902 132.552191
1903 112.011180
1904 107.977771
1905 122.965948
1906 147.884630
1907 176.822542
1908 175.612584
1909 152.443565
1910 133.288201
1911 112.579728
1912 119.506202
1913 127.865322
1914 145.942337
1915 150.115262
1916 150.847977
1917 155.227006
1918 146.997734
1919 151.874647
1920 149.419161
1921 157.988320
1922 165.996098
1923 153.338116
1924 137.284130
1925 119.491031
1926 118.535321
1927 116.931884
1928 128.878063
1929 144.801935
1930 148.170833
1931 129.459685
1932 117.806403
1933 117.127963
1934 133.725780
1935 152.129239
1936 178.535164
1937 174.270216
1938 153.821383
1939 146.921764
1940 135.691425
1941 134.546973
1942 143.110496
1943 162.148669
1944 173.795837
1945 175.712792
1946 175.181596
1947 164.561952
1948 158.405017
1949 150.271804
1950 148.779919
1951 149.435882
1952 169.364843
1953 182.915013
1954 175.372035
1955 173.727943
1956 174.368318
1957 188.726758
1958 203.975798
1959 173.884444
1960 160.923064
1961 155.434451
1962 168.050263
1963 181.315076
1964 184.603510
1965 178.930199
1966 141.893834
1967 125.775858
1968 135.058778
1969 154.285051
1970 194.054316
1971 211.742465
1972 204.086978
1973 176.539376
1974 164.003476
1975 149.770217
1976 141.187254
1977 144.263195
1978 147.933799
1979 179.577355
1980 194.967379
1981 178.766187
1982 161.284263
1983 144.749653
1984 151.607365
1985 174.936993
1986 183.049458
1987 194.015445
1988 178.157834
1989 172.909761
1990 162.032009
1991 176.757131
1992 188.233136
1993 177.300410
1994 159.795688
1995 135.842241
1996 149.415039
1997 175.509739
1998 210.580442
1999 202.108805
2000 189.939925
2001 159.458847
2002 145.197281
2003 165.322046
2004 210.901506
2005 257.744398
2006 282.410499
2007 248.448407
2008 205.274866
2009 160.469306
2010 140.796889
2011 138.164535
2012 157.274564
2013 202.282501
2014 241.356496
2015 266.103082
2016 234.573772
2017 199.479708
2018 169.281658
2019 199.317533
2020 234.178553
2021 274.909011
2022 298.280097
2023 264.144343
2024 211.603572
2025 165.145800
2026 159.625456
2027 183.891255
2028 244.521832
2029 276.413705
2030 259.098459
2031 202.010388
2032 169.505513
2033 172.092980
2034 196.236151
2035 211.271559
2036 232.549711
2037 257.570209
2038 291.684815
2039 284.689688
2040 237.012673
2041 185.663154
2042 172.271820
2043 189.060402
2044 235.149488
2045 273.761282
2046 296.267560
2047 282.486114
2048 258.779558
2049 241.130858
2050 243.764097
2051 242.410958
2052 206.345010
2053 201.748350
2054 211.282981
2055 237.432323
2056 251.327604
2057 238.922898
2058 210.332907
2059 186.007286
2060 184.897669
2061 200.777476
2062 246.246794
2063 285.101398
2064 290.486592
2065 271.607209
2066 227.843139
2067 203.224051
2068 204.843892
2069 209.782603
2070 255.669261
2071 293.494200
2072 321.107787
2073 314.952852
2074 256.414779
2075 192.646658
2076 164.497673
2077 182.391263
2078 211.767503
2079 247.077338
2080 268.158822
2081 257.094752
2082 237.373665
2083 215.145903
2084 212.590728
2085 234.932992
2086 262.899429
2087 284.990849
2088 291.624252
2089 279.725655
2090 280.519181
2091 257.620621
2092 251.748026
2093 225.935672
2094 222.358513
2095 254.242903
2096 294.952829
2097 349.682228
2098 333.534045
2099 284.705788
2100 250.538758
2101 226.354153
2102 221.156217
2103 233.143961
2104 262.047518
2105 297.976633
2106 300.281956
2107 292.919675
2108 266.822672
2109 238.306878
2110 231.909662
2111 250.188458
2112 294.085844
2113 342.750806
2114 366.478144
2115 320.354814
2116 269.048929
2117 213.451356
2118 204.806310
2119 228.468044
2120 262.057683
2121 284.634122
2122 275.764744
2123 277.614308
2124 299.133928
2125 296.739594
2126 264.148318
2127 225.769800
2128 205.233739
2129 229.473535
2130 274.082189
2131 311.644928
2132 302.835041
2133 265.583832
2134 227.061549
2135 231.569311
2136 217.901979
2137 205.968165
2138 196.287487
2139 235.573594
2140 295.852524
2141 316.179947
2142 280.151092
2143 231.315963
2144 194.453088
2145 198.366782
2146 246.700561
2147 294.278052
2148 276.985076
2149 229.057463
2150 193.325389
2151 197.148833
2152 218.769656
2153 233.605626
2154 268.691929
2155 284.524826
2156 310.715072
2157 295.134962
2158 277.586084
2159 228.061778
2160 192.691442
2161 186.505191
2162 192.260893
2163 218.581665
2164 241.901253
2165 246.508389
2166 245.025550
2167 201.814354
2168 187.545902
2169 186.673408
2170 183.022938
2171 212.533695
2172 236.585605
2173 282.701190
2174 293.501662
2175 287.849995
2176 244.951218
2177 207.446718
2178 201.147125
2179 204.323314
2180 243.918747
2181 240.389930
2182 226.383033
2183 202.487507
2184 169.128492
2185 167.465083
2186 167.210118
2187 170.586278
2188 176.462705
2189 186.264606
2190 236.117838
2191 268.341935
2192 284.222627
2193 247.704614
2194 206.691112
2195 180.910243
2196 173.455305
2197 186.316333
2198 183.331784
2199 182.152207
2200 192.264331
2201 188.729529
2202 172.695395
2203 145.285799
2204 142.137204
2205 147.066859
2206 177.138215
2207 211.525782
2208 225.736985
2209 226.411474
2210 202.394320
2211 191.232840
2212 179.926860
2213 179.616140
2214 199.364121
2215 208.924535
2216 234.086998
2217 208.130257
2218 208.681170
2219 191.844870
2220 177.741029
2221 157.286007
2222 142.469723
2223 154.739151
2224 184.206252
2225 234.306234
2226 283.339567
2227 284.055660
2228 212.784725
2229 165.476799
2230 146.821958
2231 168.858290
2232 203.932544
2233 233.971003
2234 230.445988
2235 217.370313
2236 203.959170
2237 189.442121
2238 186.842357
2239 198.080691
2240 231.486357
2241 273.251832
2242 291.821255
2243 276.705810
2244 240.471701
2245 205.048334
2246 200.024625
2247 190.470252
2248 196.891160
2249 207.358073
2250 222.833852
2251 211.418459
2252 204.761043
2253 199.518284
2254 203.275773
2255 213.228212
2256 216.042205
2257 212.357561
2258 232.268367
2259 277.745253
2260 323.532065
2261 363.418525
2262 317.854692
2263 256.656478
2264 201.211336
2265 209.709357
2266 225.554350
2267 251.004319
2268 253.077205
2269 233.023581
2270 237.749653
2271 244.158622
2272 279.203798
2273 276.385980
2274 267.693273
2275 263.507708
2276 294.303505
2277 318.147387
2278 331.595401
2279 318.765378
2280 285.969996
2281 260.227964
2282 271.830745
2283 273.095634
2284 244.009182
2285 216.412313
2286 225.366738
2287 266.126896
2288 306.078446
2289 288.230314
2290 268.499736
2291 249.558452
2292 238.111728
2293 253.616665
2294 236.735445
2295 226.425833
2296 241.768630
2297 268.132202
2298 311.571224
2299 294.581137
2300 264.424518
2301 230.054866
2302 202.241744
2303 233.707650
2304 264.799469
2305 311.573478
2306 283.888959
2307 265.068757
2308 232.883689
2309 234.552024
2310 230.848809
2311 243.027290
2312 236.934840
2313 252.833338
2314 255.486362
2315 277.310380
2316 274.046104
2317 252.577785
2318 203.097860
2319 178.588459
2320 183.134374
2321 208.607540
2322 236.630330
2323 268.833395
2324 280.386902
2325 271.149586
2326 297.914104
2327 301.568167
2328 283.501453
2329 261.986626
2330 259.661174
2331 278.395837
2332 264.064877
2333 251.945084
2334 208.871476
2335 180.938780
2336 193.789688
2337 222.586924
2338 269.467258
2339 278.287956
2340 247.774437
2341 237.830464
2342 225.623505
2343 253.301460
2344 262.148746
2345 263.802703
2346 239.740885
2347 231.852915
2348 266.826532
2349 276.062816
2350 274.964570
2351 240.709412
2352 216.798635
2353 237.707313
2354 249.012460
2355 248.954289
2356 221.760985
2357 215.956253
2358 219.097460
2359 236.522287
2360 270.519766
2361 259.527587
2362 252.699500
2363 229.446737
2364 255.972488
2365 290.346230
2366 287.757870
2367 273.446484
2368 247.597719
2369 242.992780
2370 222.900385
2371 205.742672
2372 202.262026
2373 204.507182
2374 220.984237
2375 249.655179
2376 266.826458
2377 274.693781
2378 244.382114
2379 245.123422
2380 220.660919
2381 245.019473
2382 222.410906
2383 235.518327
2384 251.150639
2385 272.610334
2386 301.194591
2387 300.902485
2388 275.539056
2389 182.904495
2390 176.204872
2391 182.300407
2392 229.547514
2393 250.037647
2394 236.845718
2395 214.857059
2396 204.440356
2397 261.414805
2398 289.270801
2399 305.123317
2400 253.648110
2401 246.298939
2402 240.575685
2403 229.599336
2404 230.265070
2405 207.041244
2406 223.411771
2407 223.046224
2408 237.354126
2409 255.842044
2410 247.436722
2411 240.896654
2412 239.165362
2413 267.074225
2414 288.144657
2415 260.166701
2416 228.588217
2417 192.782439
2418 203.628391
2419 223.652225
2420 219.314389
2421 212.564590
2422 200.278346
2423 236.854229
2424 282.363834
2425 277.910473
2426 222.997935
2427 163.095080
2428 173.191030
2429 184.084830
2430 222.276958
2431 225.074577
2432 212.320624
2433 261.207637
2434 269.560225
2435 304.476830
2436 249.356984
2437 229.118454
2438 226.436030
2439 212.717011
2440 205.548447
2441 175.849554
2442 178.087305
2443 211.410101
2444 229.694808
2445 243.533211
2446 236.264056
2447 243.116736
2448 251.854055
2449 264.971722
2450 262.584181
2451 244.031450
2452 225.010399
2453 221.079585
2454 243.389989
2455 253.109981
2456 240.571205
2457 238.438867
2458 213.383134
2459 251.178579
2460 247.178652
2461 270.008952
2462 235.802603
2463 260.608311
2464 258.850531
2465 261.541364
2466 220.729906
2467 169.257204
2468 161.162155
2469 175.562183
2470 247.219192
2471 243.807396
2472 240.676448
2473 190.131482
2474 188.658293
2475 191.247724
2476 203.294019
2477 184.367749
2478 160.479517
2479 163.354793
2480 181.835609
2481 186.418019
2482 185.934573
2483 168.260412
2484 168.725201
2485 192.267169
2486 195.349623
2487 192.629713
2488 155.387056
2489 166.688099
2490 180.082674
2491 204.585496
2492 206.542932
2493 175.556137
2494 149.481602
2495 137.212833
2496 147.735339
2497 146.166432
2498 138.870950
2499 134.180908
2500 165.853701
2501 198.433936
2502 204.622682
2503 172.481355
2504 146.880667
2505 145.504060
2506 156.375666
2507 168.095294
2508 154.616612
2509 154.760291
2510 146.304858
2511 167.198768
2512 149.323354
2513 140.098518
2514 134.960465
2515 124.172626
2516 140.416203
2517 128.795668
2518 132.554173
2519 126.556606
2520 130.776990
2521 133.688293
2522 139.110529
2523 146.478242
2524 134.515256
2525 149.356312
2526 141.774053
2527 145.927730
2528 119.616222
2529 106.972411
2530 120.365681
2531 126.311351
2532 135.745353
2533 122.068378
2534 112.428409
2535 99.270818
2536 105.876773
2537 105.789403
2538 111.220192
2539 112.007319
2540 120.788079
2541 128.963466
2542 132.804519
2543 111.750682
2544 97.163907
2545 114.815886
2546 124.084063
2547 139.468118
2548 109.992940
2549 100.850758
2550 83.000697
2551 94.597314
2552 99.403108
2553 98.208338
2554 89.985230
2555 81.287884
2556 92.667959
2557 99.330900
2558 115.994169
2559 97.563885
2560 88.734583
2561 87.466879
2562 92.045192
2563 100.062171
2564 88.744707
2565 79.110745
2566 66.931720
2567 77.372324
2568 78.612092
2569 90.547537
2570 97.829788
2571 111.301470
2572 131.709719
2573 118.697332
2574 108.044038
2575 85.616263
2576 90.698399
2577 87.206232
2578 93.804189
2579 77.417398
2580 76.202936
2581 68.115580
2582 77.260947
2583 71.065258
2584 65.846289
2585 70.619476
2586 84.792851
2587 101.623886
2588 102.750546
2589 94.979084
2590 81.914597
2591 88.796840
2592 87.610997
2593 98.738014
2594 79.315081
2595 79.182476
2596 76.441685
2597 87.447845
2598 91.951717
2599 87.002848
2600 83.917227
2601 89.011141
2602 102.610259
2603 94.576380
2604 83.002076
2605 66.547740
2606 71.166409
2607 86.194950
2608 108.425839
2609 101.966783
2610 98.111940
2611 86.395232
2612 96.397674
2613 96.456295
2614 81.040249
2615 77.566525
2616 68.812563
2617 83.583741
2618 76.843342
2619 80.831167
2620 67.851742
2621 74.634734
2622 74.370858
2623 83.352018
2624 89.112903
2625 99.823076
2626 110.061306
2627 107.604451
2628 96.387013
2629 83.988508
2630 74.355849
2631 72.097934
2632 80.863880
2633 82.066100
2634 90.624942
2635 83.501996
2636 93.847294
2637 98.559357
2638 109.643910
2639 105.452301
2640 86.112597
2641 90.087018
2642 81.530136
2643 78.712158
2644 61.684817
2645 58.450650
2646 53.261238
2647 65.271172
2648 78.864365
2649 87.337286
2650 94.927583
2651 91.572768
2652 101.015202
2653 104.216816
2654 97.670631
2655 75.596721
2656 70.774363
2657 74.963956
2658 91.373395
2659 94.257632
2660 90.594615
2661 78.271754
2662 82.340981
2663 84.979943
2664 85.544613
2665 70.907148
2666 64.154165
2667 69.270138
2668 75.948519
2669 79.734569
2670 79.674085
2671 79.888633
2672 89.796177
2673 97.302236
2674 92.219162
2675 83.198266
2676 80.460881
2677 92.254318
2678 93.127062
2679 85.844454
2680 73.158881
2681 72.275738
2682 69.586870
2683 75.104036
2684 74.277796
2685 75.138788
2686 75.542742
2687 88.889661
2688 89.367175
2689 99.448250
2690 89.040355
2691 86.985898
2692 82.281073
2693 83.243299
2694 85.827885
2695 80.018154
2696 83.791655
2697 81.196794
2698 80.960734
2699 68.459177
2700 59.513646
2701 54.758063
2702 62.966352
2703 68.909048
2704 74.310098
2705 64.283379
2706 60.572360
2707 59.629426
2708 75.218682
2709 81.713306
2710 79.232915
2711 71.736934
2712 63.504861
2713 57.345119
2714 54.379516
2715 46.351741
2716 45.869138
2717 50.690634
2718 62.470339
2719 69.343427
2720 70.997982
2721 68.190214
2722 69.240500
2723 69.366000
2724 58.145643
2725 55.222316
2726 52.199139
2727 54.368324
2728 52.498323
2729 52.071132
2730 50.561391
2731 50.881368
2732 59.587488
2733 61.328631
2734 66.380559
2735 67.031046
2736 66.277195
2737 60.252463
2738 57.037813
2739 61.918033
2740 65.269603
2741 59.670400
2742 61.120852
2743 57.215998
2744 61.348926
2745 68.323720
2746 69.783231
2747 73.143992
2748 70.517230
2749 61.531312
2750 55.212534
2751 53.501221
2752 58.497227
2753 55.639030
2754 57.185804
2755 57.166004
2756 60.465802
2757 62.681670
2758 64.920984
2759 70.664753
2760 75.956722
2761 79.813818
2762 70.848696
2763 62.705647
2764 49.345169
2765 50.601528
2766 50.446954
2767 57.370437
2768 55.800739
2769 59.832305
2770 60.430339
2771 72.401281
2772 82.978927
2773 83.780064
2774 80.749005
2775 80.897288
2776 73.862898
2777 68.037163
2778 55.789399
2779 48.272268
2780 51.705208
2781 57.524896
2782 58.295199
2783 53.456106
2784 59.602013
2785 75.890146
2786 95.576957
2787 98.373308
2788 86.850808
2789 79.558828
2790 86.247419
2791 90.458803
2792 84.068885
2793 70.326714
2794 71.168702
2795 73.331472
2796 79.265165
2797 78.053140
2798 75.563705
2799 85.257074
2800 91.888144
2801 79.501354
2802 70.068043
2803 67.996945
2804 66.707915
2805 71.736778
2806 68.949489
2807 73.484384
2808 86.568335
2809 93.225922
2810 96.347530
2811 84.736888
2812 80.615691
2813 79.649083
2814 84.391002
2815 75.700971
2816 64.391738
2817 61.478878
2818 64.565540
2819 71.493854
2820 75.308653
2821 74.946415
2822 81.571560
2823 88.416182
2824 89.256556
2825 91.689579
2826 79.733220
2827 79.644693
2828 71.113509
2829 61.349578
2830 55.762201
2831 47.731662
2832 53.319872
2833 61.431413
2834 72.017191
2835 76.880026
2836 80.532692
2837 81.148881
2838 89.410231
2839 86.464081
2840 70.086445
2841 64.131330
2842 60.463382
2843 57.234500
2844 48.359640
2845 45.313097
2846 49.647861
2847 64.366394
2848 81.573239
2849 98.696175
2850 88.346737
2851 78.578739
2852 73.973472
2853 79.478608
2854 83.048482
2855 83.698832
2856 70.983040
2857 64.407238
2858 65.098142
2859 68.284139
2860 69.708606
2861 66.291437
2862 63.266555
2863 65.535648
2864 68.835771
2865 70.753281
2866 61.948314
2867 65.083031
2868 59.320090
2869 64.469521
2870 63.486133
2871 66.940151
2872 72.204233
2873 78.134059
2874 86.820570
2875 77.707310
2876 76.461009
2877 73.004847
2878 81.553945
2879 69.060596
2880 58.772663
2881 48.779280
2882 48.612443
2883 52.021026
2884 62.446996
2885 71.775648
2886 83.004159
2887 84.989385
2888 89.614903
2889 97.423223
2890 96.465014
2891 86.888436
2892 77.868332
2893 66.342789
2894 59.880364
2895 51.928201
2896 47.883310
2897 54.323522
2898 62.976753
2899 68.760194
2900 67.264704
2901 66.700914
2902 64.724705
2903 68.353860
2904 68.265108
2905 70.545153
2906 65.617059
2907 66.247781
2908 58.268036
2909 56.921586
2910 55.684483
2911 62.106828
2912 67.983556
2913 74.141623
2914 80.774731
2915 78.368881
2916 84.617962
2917 83.055554
2918 89.474782
2919 83.671685
2920 71.616817
2921 61.379493
2922 59.627370
2923 59.792774
2924 58.411972
2925 60.059664
2926 65.984598
2927 71.531015
2928 70.243882
2929 69.824662
2930 65.592745
2931 66.573811
2932 65.381427
2933 59.812457
2934 59.953354
2935 57.450936
2936 63.769568
2937 65.537448
2938 72.169440
2939 69.185725
2940 75.567804
2941 77.986920
2942 68.688671
2943 60.409931
2944 52.768495
2945 51.056545
2946 46.901610
2947 44.429801
2948 49.831701
2949 54.610117
2950 63.123594
2951 60.763473
2952 58.832180
2953 60.329874
2954 68.402369
2955 68.752631
2956 59.343106
2957 52.394769
2958 45.628777
2959 45.642111
2960 45.375557
2961 45.610459
2962 43.553435
2963 45.089738
2964 45.257202
2965 43.054601
2966 37.752716
2967 40.966940
2968 43.795403
2969 49.192540
2970 47.770793
2971 51.440956
2972 56.793044
2973 59.552745
2974 53.840585
2975 43.509595
2976 40.398232
2977 42.755170
2978 40.776813
2979 37.174614
2980 34.286870
2981 36.217312
2982 42.622171
2983 50.273950
2984 51.313117
2985 51.244659
2986 46.852038
2987 46.245947
2988 41.953907
2989 35.414925
2990 34.013653
2991 36.046144
2992 41.419765
2993 39.657099
2994 36.453824
2995 34.966218
2996 36.434293
2997 38.545712
2998 41.707178
2999 38.456445
3000 40.916054
3001 37.708001
3002 33.763422
3003 30.629321
3004 30.334420
3005 33.374105
3006 37.602581
3007 34.861093
3008 32.162018
3009 28.213742
3010 33.746210
3011 39.349895
3012 39.463325
3013 33.471701
3014 30.744011
3015 30.357086
3016 29.334736
3017 26.514938
3018 28.209922
3019 30.956956
3020 36.709120
3021 38.340588
3022 39.405726
3023 40.182865
3024 38.820829
3025 34.008250
3026 24.994654
3027 20.206220
3028 21.265096
3029 25.225419
3030 29.066963
3031 27.208089
3032 26.480320
3033 31.840125
3034 37.996529
3035 45.005064
3036 43.131545
3037 36.431655
3038 32.036152
3039 29.140984
3040 23.985909
3041 22.675433
3042 22.498526
3043 25.156680
3044 24.692505
3045 24.954532
3046 25.682849
3047 29.839747
3048 33.047657
3049 37.030259
3050 32.381661
3051 29.792660
3052 27.596235
3053 26.293473
3054 23.810754
3055 22.034790
3056 23.888911
3057 25.577846
3058 27.130937
3059 25.530110
3060 23.892988
3061 25.615490
3062 26.838134
3063 26.932006
3064 24.063545
3065 23.886791
3066 22.627276
3067 20.872823
3068 19.315230
3069 18.545705
3070 22.170084
3071 26.016380
3072 28.634464
3073 26.117765
3074 25.832692
3075 24.976354
3076 23.794687
3077 20.456480
3078 19.300520
3079 19.465640
3080 22.680320
3081 22.724002
3082 20.125695
3083 19.663655
3084 23.998170
3085 26.361387
3086 26.262269
3087 25.423196
3088 21.877001
3089 18.545837
3090 16.319454
3091 16.647415
3092 16.077440
3093 16.657271
3094 18.588293
3095 20.230322
3096 20.688609
3097 20.887377
3098 23.759130
3099 26.369419
3100 24.472291
3101 22.416451
3102 21.201032
3103 21.739599
3104 21.437830
3105 18.848040
3106 15.695711
3107 13.707754
3108 12.944452
3109 14.293604
3110 15.814872
3111 19.837696
3112 21.107228
3113 21.497095
3114 20.755698
3115 20.107435
3116 20.561258
3117 22.092316
3118 20.864315
3119 20.072295
3120 15.991948
3121 15.789219
3122 17.143505
3123 17.973598
3124 17.099132
3125 16.130192
3126 16.562911
3127 17.650709
3128 17.032097
3129 15.640523
3130 15.200864
3131 15.410809
3132 17.587102
3133 17.732282
3134 18.422743
3135 19.024981
3136 19.060396
3137 18.318498
3138 16.809486
3139 15.632962
3140 15.800660
3141 15.801302
3142 16.291563
3143 15.499406
3144 16.552165
3145 19.539760
3146 18.556236
3147 15.523460
3148 14.452186
3149 13.600165
3150 14.951127
3151 15.468277
3152 16.892000
3153 18.824635
3154 18.749293
3155 17.692539
3156 15.961935
3157 14.962272
3158 15.467990
3159 15.509656
3160 15.864042
3161 14.361152
3162 13.371588
3163 12.397927
3164 12.366648
3165 13.368860
3166 15.202907
3167 18.475068
3168 19.753347
3169 17.656572
3170 14.757512
3171 13.010513
3172 13.857423
3173 14.186229
3174 13.577357
3175 11.002687
3176 10.491092
3177 12.150614
3178 14.268476
3179 15.620662
3180 16.307121
3181 16.759218
3182 16.828139
3183 14.816500
3184 13.664392
3185 13.537166
3186 13.307614
3187 13.714645
3188 12.681551
3189 11.030950
3190 9.401477
3191 9.570316
3192 10.964190
3193 11.390814
3194 10.526732
3195 10.328881
3196 10.322010
3197 11.324449
3198 11.070190
3199 11.815060
3200 13.150789
3201 15.052719
3202 14.623625
3203 12.459016
3204 11.017019
3205 10.740430
3206 10.811510
3207 10.249152
3208 9.773120
3209 9.721465
3210 9.019695
3211 8.380735
3212 7.737261
3213 7.708516
3214 9.230545
3215 10.666978
3216 10.783127
3217 10.151930
3218 9.286734
3219 9.942140
3220 9.298873
3221 8.887714
3222 9.792224
3223 10.110420
3224 10.308469
3225 9.561702
3226 9.231591
3227 9.886145
3228 12.084854
3229 11.668310
3230 9.671580
3231 7.561327
3232 7.584389
3233 9.176283
3234 10.312353
3235 10.420932
3236 10.285686
3237 9.762111
3238 10.553027
3239 10.039872
3240 9.472709
3241 9.701842
3242 9.085080
3243 8.256487
3244 7.013683
3245 6.477348
3246 7.103966
3247 9.257999
3248 12.450295
3249 12.858048
3250 12.331262
3251 11.884561
3252 11.262796
3253 10.219374
3254 8.341460
3255 7.064635
3256 7.819834
3257 8.105767
3258 7.853260
3259 7.232627
3260 6.957117
3261 8.120611
3262 8.678981
3263 9.583196
3264 10.237207
3265 10.555534
3266 10.963430
3267 10.279755
3268 9.001176
3269 7.814764
3270 7.645102
3271 7.964717
3272 7.340317
3273 7.182781
3274 7.516856
3275 8.549609
3276 9.018000
3277 8.527082
3278 9.216413
3279 10.586207
3280 11.907123
3281 11.040675
3282 8.607047
3283 7.451066
3284 7.844112
3285 9.063334
3286 9.598627
3287 9.498368
3288 9.368447
3289 9.334433
3290 8.671348
3291 8.913771
3292 8.292181
3293 8.186846
3294 7.667078
3295 7.200002
3296 7.255873
3297 7.628474
3298 9.211614
3299 9.944656
3300 10.130689
3301 10.133945
3302 9.771925
3303 9.155914
3304 8.139164
3305 7.194327
3306 7.084960
3307 7.523307
3308 8.184646
3309 8.643254
3310 7.838598
3311 7.504851
3312 7.703283
3313 7.285595
3314 7.874932
3315 8.985784
3316 9.770348
3317 9.795663
3318 8.644776
3319 7.023117
3320 6.957804
3321 6.715687
3322 7.117170
3323 7.313045
3324 7.028080
3325 6.884551
3326 6.502886
3327 6.647705
3328 6.967822
3329 7.540691
3330 9.254674
3331 10.097827
3332 8.781372
3333 7.617412
3334 7.370228
3335 7.600182
3336 6.934157
3337 5.550547
3338 4.984830
3339 5.043965
3340 5.588065
3341 6.236042
3342 6.053526
3343 6.203996
3344 6.075234
3345 6.139701
3346 6.933610
3347 7.467355
3348 7.999628
3349 7.884228
3350 6.860210
3351 6.268577
3352 6.036292
3353 6.468608
3354 6.574349
3355 6.232145
3356 6.208530
3357 5.717516
3358 6.047337
3359 6.421344
3360 6.248031
3361 5.597939
3362 5.567856
3363 5.233452
3364 5.330782
3365 5.486225
3366 6.070475
3367 6.892754
3368 6.443158
3369 5.658165
3370 5.659753
3371 5.894687
3372 6.216129
3373 5.969746
3374 5.621990
3375 5.570254
3376 5.464026
3377 5.718024
3378 5.232024
3379 5.447056
3380 5.732490
3381 7.060973
3382 7.118655
3383 6.712499
3384 5.565664
3385 4.945964
3386 4.676431
3387 4.607178
3388 4.192290
3389 4.129127
3390 4.543799
3391 5.197049
3392 5.380414
3393 5.004293
3394 4.880449
3395 5.262394
3396 5.425735
3397 5.096234
3398 4.737956
3399 4.740182
3400 4.567950
3401 4.313262
3402 4.665868
3403 5.208174
3404 5.532576
3405 5.595823
3406 5.259569
3407 4.755435
3408 4.274012
3409 4.486459
3410 5.001480
3411 4.670678
3412 4.167004
3413 3.631956
3414 3.347622
3415 3.584262
3416 4.373292
3417 5.178227
3418 5.332957
3419 4.740754
3420 3.771047
3421 3.118793
3422 3.241626
3423 3.691558
3424 3.825609
3425 3.451645
3426 3.609564
3427 3.775074
3428 4.368962
3429 4.183976
3430 4.423850
3431 4.584707
3432 4.615883
3433 4.337531
3434 3.653187
3435 3.434984
3436 3.498162
3437 3.414706
3438 3.447350
3439 3.375633
3440 3.835660
3441 3.905310
3442 3.779007
3443 3.328595
3444 3.174974
3445 3.675766
3446 3.798965
3447 3.748207
3448 3.305184
3449 3.024422
3450 2.829970
3451 2.941276
3452 3.013630
3453 3.267804
3454 3.414103
3455 3.427685
3456 3.439463
3457 3.420897
3458 3.248161
3459 3.415219
3460 3.568459
3461 3.534037
3462 3.204859
3463 2.933343
3464 2.919381
3465 2.962615
3466 2.747951
3467 2.690636
3468 2.597711
3469 2.744797
3470 2.612462
3471 2.332870
3472 2.467137
3473 2.835196
3474 3.213412
3475 3.337084
3476 3.164252
3477 3.513202
3478 3.425958
3479 3.550217
3480 3.578504
3481 3.402920
3482 3.084748
3483 2.906726
3484 2.739189
3485 2.654511
3486 2.532759
3487 2.786561
3488 2.766286
3489 2.914504
3490 2.871347
3491 2.781840
3492 2.386126
3493 2.218955
3494 2.440080
3495 2.887326
3496 3.141350
3497 3.062055
3498 2.623895
3499 2.321378
3500 2.089870
3501 1.996081
3502 2.244967
3503 2.505208
3504 2.752538
3505 2.837664
3506 2.592488
3507 2.362374
3508 2.409158
3509 2.522653
3510 2.743648
3511 2.726296
3512 2.673088
3513 2.422598
3514 2.287206
3515 2.244000
3516 2.353910
3517 2.361746
3518 2.303872
3519 2.158787
3520 2.062884
3521 2.053784
3522 2.054914
3523 2.098413
3524 2.081679
3525 2.024253
3526 1.908972
3527 1.800582
3528 1.740998
3529 1.715274
3530 1.959488
3531 2.277621
3532 2.422208
3533 2.238602
3534 2.134895
3535 1.985490
3536 1.955747
3537 1.960917
3538 1.852804
3539 1.744872
3540 1.865520
3541 1.930575
3542 2.054664
3543 2.015901
3544 2.133262
3545 2.603662
3546 2.763878
3547 2.690754
3548 2.150421
3549 1.846718
3550 1.714380
3551 1.788564
3552 1.970039
3553 2.283708
3554 2.242893
3555 2.156083
3556 1.855515
3557 1.700268
3558 1.882018
3559 2.252737
3560 2.550549
3561 2.388371
3562 2.014203
3563 1.922410
3564 1.896839
3565 2.128617
3566 2.240395
3567 2.283654
3568 2.142129
3569 1.824104
3570 1.595014
3571 1.518989
3572 1.701730
3573 2.135559
3574 2.299587
3575 2.109396
3576 1.839197
3577 1.585570
3578 1.471039
3579 1.496152
3580 1.509214
3581 1.587131
3582 1.719863
3583 1.966945
3584 1.962573
3585 1.830340
3586 1.798023
3587 1.950887
3588 2.029831
3589 2.025069
3590 2.077126
3591 1.929994
3592 1.831321
3593 1.680630
3594 1.601356
3595 1.686364
3596 1.858335
3597 1.833484
3598 1.576121
3599 1.368107
3600 1.428995
3601 1.562027
3602 1.607764
3603 1.685597
3604 1.631171
3605 1.531531
3606 1.705827
3607 1.839531
3608 2.079930
3609 2.051749
3610 1.912754
3611 1.770071
3612 1.527023
3613 1.412163
3614 1.493868
3615 1.525615
3616 1.581963
3617 1.491118
3618 1.387608
3619 1.294454
3620 1.248511
3621 1.399809
3622 1.416132
3623 1.381855
3624 1.358524
3625 1.199173
3626 1.132853
3627 1.117185
3628 1.182989
3629 1.346324
3630 1.400924
3631 1.318836
3632 1.210256
3633 1.205066
3634 1.209949
3635 1.313885
3636 1.353739
3637 1.342506
3638 1.297926
3639 1.291635
3640 1.414399
3641 1.510300
3642 1.503900
3643 1.404109
3644 1.225455
3645 1.189598
3646 1.249326
3647 1.331253
3648 1.377991
3649 1.337233
3650 1.220379
3651 1.135747
3652 1.150401
3653 1.128674
3654 1.185193
3655 1.312898
3656 1.314851
3657 1.336798
3658 1.397659
3659 1.369525
3660 1.388580
3661 1.433841
3662 1.465563
3663 1.608307
3664 1.584479
3665 1.390515
3666 1.239203
3667 1.213775
3668 1.164961
3669 1.155423
3670 1.101238
3671 1.147110
3672 1.209867
3673 1.216340
3674 1.464013
3675 1.665658
3676 1.625041
3677 1.604174
3678 1.403897
3679 1.275119
3680 1.225159
3681 1.151971
3682 1.291905
3683 1.364269
3684 1.365746
3685 1.437222
3686 1.423878
3687 1.316178
3688 1.320161
3689 1.405759
3690 1.499244
3691 1.458502
3692 1.324032
3693 1.205642
3694 1.337904
3695 1.438701
3696 1.674645
3697 1.719141
3698 1.778662
3699 1.564061
3700 1.322901
3701 1.197158
3702 1.253714
3703 1.453904
3704 1.565163
3705 1.436560
3706 1.333234
3707 1.259417
3708 1.162331
3709 1.211360
3710 1.288832
3711 1.317610
3712 1.333189
3713 1.256979
3714 1.312776
3715 1.410000
3716 1.470852
3717 1.443938
3718 1.357550
3719 1.340846
3720 1.367114
3721 1.278114
3722 1.274618
3723 1.268004
3724 1.335105
3725 1.253380
3726 1.145178
3727 1.096632
3728 1.059570
3729 1.132311
3730 1.079570
3731 1.020677
3732 1.004241
3733 0.942919
3734 0.957170
3735 0.974606
3736 1.028193
3737 1.114981
3738 1.106512
3739 1.037532
3740 0.990873
3741 0.979303
3742 1.036872
3743 1.115595
3744 1.053516
3745 0.988291
3746 0.994527
3747 1.094434
3748 1.195554
3749 1.077479
3750 0.955307
3751 0.927711
3752 0.996850
3753 1.037977
3754 0.976091
3755 0.914758
3756 0.874034
3757 0.912408
3758 0.882857
3759 0.791309
3760 0.749376
3761 0.813297
3762 0.901905
3763 0.953317
3764 0.964908
3765 1.071031
3766 1.017162
3767 0.928078
3768 0.899233
3769 0.924283
3770 1.019643
3771 0.980443
3772 0.875703
3773 0.902726
3774 0.834011
3775 0.825314
3776 0.788519
3777 0.717717
3778 0.689432
3779 0.632810
3780 0.622599
3781 0.581732
3782 0.610919
3783 0.688672
3784 0.817749
3785 0.860465
3786 0.897102
3787 0.896042
3788 0.862973
3789 0.887839
3790 0.854622
3791 0.833153
3792 0.822898
3793 0.819632
3794 0.928269
3795 0.915831
3796 0.864140
3797 0.745690
3798 0.672681
3799 0.635454
3800 0.641264
3801 0.761870
3802 0.811431
3803 0.824412
3804 0.761154
3805 0.689052
3806 0.667950
3807 0.637300
3808 0.688646
3809 0.799272
3810 0.923959
3811 0.815239
3812 0.725614
3813 0.640946
3814 0.672844
3815 0.721729
3816 0.676667
3817 0.618658
3818 0.620448
3819 0.649476
3820 0.778934
3821 0.939300
3822 0.991400
3823 0.864592
3824 0.758583
3825 0.643030
3826 0.602294
3827 0.685185
3828 0.795890
3829 0.912998
3830 0.888304
3831 0.852186
3832 0.789492
3833 0.690873
3834 0.648144
3835 0.630436
3836 0.679823
3837 0.768555
3838 0.868338
3839 0.897246
3840 0.833914
3841 0.709420
3842 0.674677
3843 0.673542
3844 0.748959
3845 0.861579
3846 0.917588
3847 0.833786
3848 0.728067
3849 0.671634
3850 0.673636
3851 0.625142
3852 0.549740
3853 0.542807
3854 0.565800
3855 0.603454
3856 0.615845
3857 0.617347
3858 0.642861
3859 0.696360
3860 0.651030
3861 0.597792
3862 0.543959
3863 0.503816
3864 0.507666
3865 0.494188
3866 0.469347
3867 0.499983
3868 0.513472
3869 0.482490
3870 0.489887
3871 0.496722
3872 0.537228
3873 0.536428
3874 0.548145
3875 0.577159
3876 0.643767
3877 0.659296
3878 0.626977
3879 0.559619
3880 0.536475
3881 0.516948
3882 0.531635
3883 0.540567
3884 0.529390
3885 0.504804
3886 0.424729
3887 0.375082
3888 0.379229
3889 0.394268
3890 0.412145
3891 0.375704
3892 0.329195
3893 0.365362
3894 0.449076
3895 0.506386
3896 0.546002
3897 0.554469
3898 0.524534
3899 0.477495
3900 0.452785
3901 0.432206
3902 0.379783
3903 0.345560
3904 0.356680
3905 0.360764
3906 0.388476
3907 0.391559
3908 0.378375
3909 0.387509
3910 0.362815
3911 0.360357
3912 0.367323
3913 0.356379
3914 0.365064
3915 0.414262
3916 0.462638
3917 0.423017
3918 0.393370
3919 0.402689
3920 0.439640
3921 0.441767
3922 0.426914
3923 0.395484
3924 0.373160
3925 0.369629
3926 0.352863
3927 0.339412
3928 0.328362
3929 0.333913
3930 0.337977
3931 0.314273
3932 0.332718
3933 0.366551
3934 0.401373
3935 0.398284
3936 0.403188
3937 0.390049
3938 0.393567
3939 0.371140
3940 0.359963
3941 0.319849
3942 0.316924
3943 0.349446
3944 0.390745
3945 0.401802
3946 0.442553
3947 0.471798
3948 0.510514
3949 0.449948
3950 0.424321
3951 0.404641
3952 0.373557
3953 0.346695
3954 0.332079
3955 0.339877
3956 0.340700
3957 0.309456
3958 0.272968
3959 0.266661
3960 0.305729
3961 0.380907
3962 0.475311
3963 0.492482
3964 0.450581
3965 0.425419
3966 0.424407
3967 0.428668
3968 0.390305
3969 0.334246
3970 0.319497
3971 0.297326
3972 0.318183
3973 0.371927
3974 0.420527
3975 0.416280
3976 0.399487
3977 0.346706
3978 0.347492
3979 0.392682
3980 0.420799
3981 0.412508
3982 0.419453
3983 0.420058
3984 0.415864
3985 0.399966
3986 0.353562
3987 0.336096
3988 0.323664
3989 0.313698
3990 0.280165
3991 0.267901
3992 0.245979
3993 0.265113
3994 0.279745
3995 0.301178
3996 0.322126
3997 0.310383
3998 0.295870
3999 0.319559
4000 0.329192
4001 0.342367
4002 0.326975
4003 0.335446
4004 0.320682
4005 0.328311
4006 0.314058
4007 0.296349
4008 0.265264
4009 0.250646
4010 0.257713
4011 0.294368
4012 0.302286
4013 0.280713
4014 0.243601
4015 0.236326
4016 0.234400
4017 0.263485
4018 0.288201
4019 0.281605
4020 0.277039
4021 0.280256
4022 0.298763
4023 0.303369
4024 0.282833
4025 0.260037
4026 0.255940
4027 0.244878
4028 0.236042
4029 0.235381
4030 0.238917
4031 0.251974
4032 0.284129
4033 0.289962
4034 0.250294
4035 0.235622
4036 0.229135
4037 0.226470
4038 0.246848
4039 0.251390
4040 0.249292
4041 0.228087
4042 0.200784
4043 0.177798
4044 0.155353
4045 0.175045
4046 0.212515
4047 0.255614
4048 0.259734
4049 0.239098
4050 0.241741
4051 0.247878
4052 0.276460
4053 0.279759
4054 0.294832
4055 0.272884
4056 0.247363
4057 0.235870
4058 0.217089
4059 0.221018
4060 0.227589
4061 0.248462
4062 0.245466
4063 0.235906
4064 0.230956
4065 0.217677
4066 0.211197
4067 0.209432
4068 0.214263
4069 0.215160
4070 0.218051
4071 0.220380
4072 0.214930
4073 0.198950
4074 0.218275
4075 0.215523
4076 0.224833
4077 0.221542
4078 0.206580
4079 0.209986
4080 0.199938
4081 0.185427
4082 0.201329
4083 0.216848
4084 0.242961
4085 0.257743
4086 0.280563
4087 0.278701
4088 0.244438
4089 0.211344
4090 0.196351
4091 0.201490
4092 0.205511
4093 0.240118
4094 0.244589
4095 0.266709
4096 0.268204
4097 0.284193
4098 0.291099
4099 0.294518
4100 0.266475
4101 0.258586
4102 0.281906
4103 0.279708
4104 0.274098
4105 0.235823
4106 0.235011
4107 0.252145
4108 0.261536
4109 0.260133
4110 0.216558
4111 0.221915
4112 0.242331
4113 0.282624
4114 0.318028
4115 0.275702
4116 0.230542
4117 0.199294
4118 0.200893
4119 0.219022
4120 0.240577
4121 0.251821
4122 0.268117
4123 0.273022
4124 0.266418
4125 0.278289
4126 0.273403
4127 0.262143
4128 0.269308
4129 0.269931
4130 0.305072
4131 0.354987
4132 0.312498
4133 0.274875
4134 0.253899
4135 0.233590
4136 0.227600
4137 0.248957
4138 0.297367
4139 0.328299
4140 0.342745
4141 0.327110
4142 0.318264
4143 0.294790
4144 0.266821
4145 0.238096
4146 0.240265
4147 0.296239
4148 0.310505
4149 0.288215
4150 0.271208
4151 0.268300
4152 0.253804
4153 0.278901
4154 0.278757
4155 0.271618
4156 0.268864
4157 0.296763
4158 0.330672
4159 0.351695
4160 0.314867
4161 0.262304
4162 0.223938
4163 0.208137
4164 0.236690
4165 0.257815
4166 0.281272
4167 0.287594
4168 0.285380
4169 0.287276
4170 0.262765
4171 0.233485
4172 0.226164
4173 0.225329
4174 0.251858
4175 0.290288
4176 0.291208
4177 0.253573
4178 0.214185
4179 0.204863
4180 0.198796
4181 0.218254
4182 0.265908
4183 0.344024
4184 0.352160
4185 0.320971
4186 0.280977
4187 0.260166
4188 0.231054
4189 0.223314
4190 0.219268
4191 0.249463
4192 0.279275
4193 0.272024
4194 0.253949
4195 0.229961
4196 0.234735
4197 0.228482
4198 0.235761
4199 0.245278
4200 0.244146
4201 0.237833
4202 0.221035
4203 0.217820
4204 0.238010
4205 0.247341
4206 0.246886
4207 0.254051
4208 0.251437
4209 0.269840
4210 0.308541
4211 0.383113
4212 0.360152
4213 0.296642
4214 0.246569
4215 0.216666
4216 0.224478
4217 0.259351
4218 0.267236
4219 0.276497
4220 0.261652
4221 0.268852
4222 0.265014
4223 0.256203
4224 0.261121
4225 0.242241
4226 0.261490
4227 0.264215
4228 0.304550
4229 0.301427
4230 0.302888
4231 0.294996
4232 0.281863
4233 0.264305
4234 0.266236
4235 0.281014
4236 0.285896
4237 0.282457
4238 0.297323
4239 0.270156
4240 0.221454
4241 0.186102
4242 0.178254
4243 0.179856
4244 0.223075
4245 0.277335
4246 0.290342
4247 0.279376
4248 0.244591
4249 0.232262
4250 0.238488
4251 0.247742
4252 0.267847
4253 0.267256
4254 0.270751
4255 0.261964
4256 0.268584
4257 0.254250
4258 0.228582
4259 0.192477
4260 0.199410
4261 0.217351
4262 0.246518
4263 0.256523
4264 0.257842
4265 0.240280
4266 0.250547
4267 0.246395
4268 0.229393
4269 0.239663
4270 0.260445
4271 0.319320
4272 0.347873
4273 0.375331
4274 0.313108
4275 0.245774
4276 0.221598
4277 0.205031
4278 0.218151
4279 0.239274
4280 0.242038
4281 0.241872
4282 0.259467
4283 0.282495
4284 0.290385
4285 0.286216
4286 0.251898
4287 0.254640
4288 0.259381
4289 0.261730
4290 0.295042
4291 0.309282
4292 0.308861
4293 0.306185
4294 0.273124
4295 0.279332
4296 0.298411
4297 0.315046
4298 0.343893
4299 0.384167
4300 0.402715
4301 0.390609
4302 0.353838
4303 0.294417
4304 0.283267
4305 0.291907
4306 0.343252
4307 0.367839
4308 0.327840
4309 0.246782
4310 0.220897
4311 0.219078
4312 0.263108
4313 0.309241
4314 0.383776
4315 0.376855
4316 0.370142
4317 0.358724
4318 0.364308
4319 0.381701
4320 0.354297
4321 0.308346
4322 0.282916
4323 0.270536
4324 0.269989
4325 0.261256
4326 0.266206
4327 0.276870
4328 0.268103
4329 0.275622
4330 0.268665
4331 0.300193
4332 0.331856
4333 0.369548
4334 0.359975
4335 0.359180
4336 0.334000
4337 0.314931
4338 0.271207
4339 0.260088
4340 0.265192
4341 0.262844
4342 0.240297
4343 0.217399
4344 0.202931
4345 0.229167
4346 0.257163
4347 0.280612
4348 0.265293
4349 0.227621
4350 0.230437
4351 0.238663
4352 0.269756
4353 0.287484
4354 0.266059
4355 0.237245
4356 0.231607
4357 0.222325
4358 0.250599
4359 0.264963
4360 0.254274
4361 0.221005
4362 0.197067
4363 0.183596
4364 0.172734
4365 0.169674
4366 0.175134
4367 0.197690
4368 0.239465
4369 0.257648
4370 0.250189
4371 0.235982
4372 0.220327
4373 0.205566
4374 0.183131
4375 0.193649
4376 0.196743
4377 0.215620
4378 0.229357
4379 0.215651
4380 0.205841
4381 0.182915
4382 0.161711
4383 0.165217
4384 0.188364
4385 0.224787
4386 0.231241
4387 0.209954
4388 0.169008
4389 0.146113
4390 0.133981
4391 0.139370
4392 0.175887
4393 0.210340
4394 0.221562
4395 0.196010
4396 0.176486
4397 0.164066
4398 0.150174
4399 0.141071
4400 0.160760
4401 0.165216
4402 0.173884
4403 0.168606
4404 0.168818
4405 0.158651
4406 0.145690
4407 0.151153
4408 0.148577
4409 0.149988
4410 0.137147
4411 0.146695
4412 0.171802
4413 0.163597
4414 0.160118
4415 0.142157
4416 0.147778
4417 0.157504
4418 0.159220
4419 0.156468
4420 0.161381
4421 0.173940
4422 0.175439
4423 0.187066
4424 0.180729
4425 0.164703
4426 0.158644
4427 0.125485
4428 0.128048
4429 0.138586
4430 0.159633
4431 0.169802
4432 0.156929
4433 0.139191
4434 0.121449
4435 0.112165
4436 0.106995
4437 0.117261
4438 0.126734
4439 0.139747
4440 0.157079
4441 0.174355
4442 0.183211
4443 0.168239
4444 0.154648
4445 0.149482
4446 0.158062
4447 0.164476
4448 0.163373
4449 0.167771
4450 0.154093
4451 0.137193
4452 0.115252
4453 0.110490
4454 0.112926
4455 0.134951
4456 0.163906
4457 0.183516
4458 0.169464
4459 0.154908
4460 0.131609
4461 0.134161
4462 0.146394
4463 0.177523
4464 0.202331
4465 0.186366
4466 0.173729
4467 0.158186
4468 0.153460
4469 0.136969
4470 0.128708
4471 0.118201
4472 0.113843
4473 0.119417
4474 0.139520
4475 0.138773
4476 0.145675
4477 0.129265
4478 0.132335
4479 0.130318
4480 0.135476
4481 0.138553
4482 0.134207
4483 0.145832
4484 0.156746
4485 0.160149
4486 0.147501
4487 0.124721
4488 0.111162
4489 0.106745
4490 0.124541
4491 0.133826
4492 0.122263
4493 0.106218
4494 0.112391
4495 0.129533
4496 0.143357
4497 0.142844
4498 0.123248
4499 0.110059
4500 0.109140
4501 0.129503
4502 0.151172
4503 0.155752
4504 0.145593
4505 0.140371
4506 0.122679
4507 0.117001
4508 0.111890
4509 0.105297
4510 0.113718
4511 0.123376
4512 0.141260
4513 0.144374
4514 0.129172
4515 0.127490
4516 0.119154
4517 0.128652
4518 0.134977
4519 0.157706
4520 0.150491
4521 0.147799
4522 0.113638
4523 0.101666
4524 0.108188
4525 0.111903
4526 0.120093
4527 0.127750
4528 0.148276
4529 0.152938
4530 0.144028
4531 0.123904
4532 0.110016
4533 0.103406
4534 0.119215
4535 0.116355
4536 0.106320
4537 0.101458
4538 0.093741
4539 0.095901
4540 0.107940
4541 0.102891
4542 0.105500
4543 0.108539
4544 0.131511
4545 0.156287
4546 0.148290
4547 0.141143
4548 0.123064
4549 0.129747
4550 0.132657
4551 0.140763
4552 0.142511
4553 0.127876
4554 0.118962
4555 0.103077
4556 0.102075
4557 0.094450
4558 0.095181
4559 0.100148
4560 0.112421
4561 0.121837
4562 0.120261
4563 0.122926
4564 0.111819
4565 0.112849
4566 0.111447
4567 0.125396
4568 0.140508
4569 0.147470
4570 0.139807
4571 0.116220
4572 0.106793
4573 0.097833
4574 0.091950
4575 0.089450
4576 0.094037
4577 0.093971
4578 0.101532
4579 0.117321
4580 0.123952
4581 0.130481
4582 0.113976
4583 0.095804
4584 0.089297
4585 0.103011
4586 0.122817
4587 0.126364
4588 0.109094
4589 0.105536
4590 0.110230
4591 0.129786
4592 0.153975
4593 0.151481
4594 0.125880
4595 0.111773
4596 0.113303
4597 0.113530
4598 0.118680
4599 0.110638
4600 0.112453
4601 0.123636
4602 0.131124
4603 0.121247
4604 0.113990
4605 0.114316
4606 0.125516
4607 0.136360
4608 0.143472
4609 0.140216
4610 0.130453
4611 0.127728
4612 0.129472
4613 0.127723
4614 0.141543
4615 0.151601
4616 0.168396
4617 0.168781
4618 0.152512
4619 0.135570
4620 0.116667
4621 0.119267
4622 0.122973
4623 0.138420
4624 0.140971
4625 0.155271
4626 0.159240
4627 0.160164
4628 0.150873
4629 0.142597
4630 0.141948
4631 0.150454
4632 0.153261
4633 0.154592
4634 0.147499
4635 0.138042
4636 0.139114
4637 0.151342
4638 0.174897
4639 0.170687
4640 0.155978
4641 0.134839
4642 0.125616
4643 0.123280
4644 0.148635
4645 0.146784
4646 0.152859
4647 0.132440
4648 0.138971
4649 0.130554
4650 0.125483
4651 0.118544
4652 0.116301
4653 0.132199
4654 0.142378
4655 0.149651
4656 0.143074
4657 0.127247
4658 0.128093
4659 0.136428
4660 0.133752
4661 0.126641
4662 0.121233
4663 0.129333
4664 0.128491
4665 0.144701
4666 0.144154
4667 0.136734
4668 0.127059
4669 0.117986
4670 0.119218
4671 0.119489
4672 0.121735
4673 0.112642
4674 0.111763
4675 0.127936
4676 0.136178
4677 0.147081
4678 0.153960
4679 0.151168
4680 0.139284
4681 0.131136
4682 0.143227
4683 0.136861
4684 0.136395
4685 0.127517
4686 0.129104
4687 0.129886
4688 0.128472
4689 0.133718
4690 0.122079
4691 0.130089
4692 0.135888
4693 0.138688
4694 0.139749
4695 0.144484
4696 0.145524
4697 0.138394
4698 0.139949
4699 0.137637
4700 0.129884
4701 0.143828
4702 0.164451
4703 0.173142
4704 0.175565
4705 0.161310
4706 0.135377
4707 0.129150
4708 0.131675
4709 0.139397
4710 0.135740
4711 0.143548
4712 0.133176
4713 0.123189
4714 0.125864
4715 0.132359
4716 0.136188
4717 0.149050
4718 0.162463
4719 0.138493
4720 0.129527
4721 0.136558
4722 0.168241
4723 0.210277
4724 0.224531
4725 0.200986
4726 0.164880
4727 0.142950
4728 0.132297
4729 0.127322
4730 0.139636
4731 0.142408
4732 0.140920
4733 0.131038
4734 0.113726
4735 0.115146
4736 0.119026
4737 0.138353
4738 0.140604
4739 0.136657
4740 0.151305
4741 0.175208
4742 0.176823
4743 0.170269
4744 0.144659
4745 0.130977
4746 0.129443
4747 0.126581
4748 0.124551
4749 0.121029
4750 0.122301
4751 0.129893
4752 0.129861
4753 0.141669
4754 0.133925
4755 0.129234
4756 0.116432
4757 0.130455
4758 0.133481
4759 0.132147
4760 0.121764
4761 0.124657
4762 0.143996
4763 0.148881
4764 0.136608
4765 0.121016
4766 0.104300
4767 0.114743
4768 0.127563
4769 0.124575
4770 0.114981
4771 0.114410
4772 0.131010
4773 0.134573
4774 0.136830
4775 0.117236
4776 0.109381
4777 0.114638
4778 0.122257
4779 0.135359
4780 0.121181
4781 0.116270
4782 0.110225
4783 0.111709
4784 0.109766
4785 0.105595
4786 0.102166
4787 0.115962
4788 0.135767
4789 0.149283
4790 0.121123
4791 0.093667
4792 0.086470
4793 0.099820
4794 0.123073
4795 0.114151
4796 0.113639
4797 0.095586
4798 0.081650
4799 0.085322
4800 0.083929
4801 0.088261
4802 0.088593
4803 0.102515
4804 0.095550
4805 0.083927
4806 0.086560
4807 0.090048
4808 0.111257
4809 0.114614
4810 0.117066
4811 0.104529
4812 0.095206
4813 0.096248
4814 0.094985
4815 0.096189
4816 0.096745
4817 0.091797
4818 0.083341
4819 0.074094
4820 0.081144
4821 0.082282
4822 0.085261
4823 0.077830
4824 0.082838
4825 0.091102
4826 0.103470
4827 0.117735
4828 0.129192
4829 0.122570
4830 0.108270
4831 0.087752
4832 0.074069
4833 0.071823
4834 0.064638
4835 0.065462
4836 0.083969
4837 0.104429
4838 0.112733
4839 0.108075
4840 0.085710
4841 0.085243
4842 0.082000
4843 0.099433
4844 0.112935
4845 0.118931
4846 0.105907
4847 0.087647
4848 0.086944
4849 0.095974
4850 0.109154
4851 0.110935
4852 0.123505
4853 0.114886
4854 0.111770
4855 0.102963
4856 0.093135
4857 0.088223
4858 0.094274
4859 0.100130
4860 0.108250
4861 0.115706
4862 0.101112
4863 0.101677
4864 0.116911
4865 0.123521
4866 0.120959
4867 0.109756
4868 0.106769
4869 0.099253
4870 0.100379
4871 0.097878
4872 0.127205
4873 0.159214
4874 0.156972
4875 0.135831
4876 0.124191
4877 0.131041
4878 0.123565
4879 0.133830
4880 0.130208
4881 0.134954
4882 0.137397
4883 0.129484
4884 0.122881
4885 0.109801
4886 0.121181
4887 0.118894
4888 0.122993
4889 0.119108
4890 0.110774
4891 0.105736
4892 0.109646
4893 0.135314
4894 0.151389
4895 0.161225
4896 0.163790
4897 0.151512
4898 0.128198
4899 0.121110
4900 0.117920
4901 0.111929
4902 0.108607
4903 0.105139
4904 0.100452
4905 0.091396
4906 0.088943
4907 0.093687
4908 0.114760
4909 0.128562
4910 0.131043
4911 0.118092
4912 0.123180
4913 0.119765
4914 0.134061
4915 0.133731
4916 0.134349
4917 0.120307
4918 0.125192
4919 0.112849
4920 0.102588
4921 0.105488
4922 0.109987
4923 0.130026
4924 0.140266
4925 0.145746
4926 0.119361
4927 0.097932
4928 0.091780
4929 0.112302
4930 0.124794
4931 0.139295
4932 0.134612
4933 0.114700
4934 0.119813
4935 0.123980
4936 0.140211
4937 0.118108
4938 0.117277
4939 0.123530
4940 0.129346
4941 0.132151
4942 0.104966
4943 0.091782
4944 0.091500
4945 0.114296
4946 0.126940
4947 0.146412
4948 0.147115
4949 0.160305
4950 0.156473
4951 0.151239
4952 0.135674
4953 0.131083
4954 0.139982
4955 0.147274
4956 0.158532
4957 0.145956
4958 0.142945
4959 0.140500
4960 0.151505
4961 0.179857
4962 0.196007
4963 0.175121
4964 0.168831
4965 0.160936
4966 0.154638
4967 0.132264
4968 0.128471
4969 0.127730
4970 0.157808
4971 0.198076
4972 0.197593
4973 0.197381
4974 0.163964
4975 0.178102
4976 0.170658
4977 0.172510
4978 0.189960
4979 0.196414
4980 0.210720
4981 0.200931
4982 0.190784
4983 0.164766
4984 0.175361
4985 0.216658
4986 0.239968
4987 0.217904
4988 0.180357
4989 0.159689
4990 0.167143
4991 0.206806
4992 0.241181
4993 0.249699
4994 0.198008
4995 0.203306
4996 0.194233
4997 0.212849
4998 0.204823
4999 0.218781
