#ite residual of mtx/s3rmq4m1.mtx
1 62.527604
2 46.366348
3 47.836405
4 49.291889
5 48.792652
6 47.453614
7 45.228064
8 44.694580
9 45.669807
10 47.333155
11 48.983463
12 49.565630
13 49.469757
14 49.230614
15 49.218887
16 48.292886
17 48.722180
18 49.092704
19 49.416757
20 46.856253
21 46.329401
22 46.019450
23 47.230797
24 48.269478
25 46.789515
26 47.063998
27 47.034275
28 47.844693
29 47.930503
30 46.234612
31 44.412741
32 43.995211
33 44.497136
34 44.483917
35 44.351099
36 44.176202
37 44.868195
38 47.003761
39 49.929091
40 50.703317
41 50.473731
42 47.502155
43 46.090876
44 44.155603
45 44.569269
46 45.782465
47 44.908797
48 43.985747
49 44.499452
50 46.001639
51 47.206620
52 46.828256
53 45.163470
54 43.681732
55 44.049276
56 46.188034
57 46.552509
58 45.718353
59 41.699517
60 40.398770
61 39.483404
62 41.644595
63 43.772005
64 43.600293
65 42.995591
66 42.350711
67 42.930282
68 42.717796
69 42.665229
70 41.813706
71 44.014581
72 45.864835
73 48.136577
74 47.845617
75 47.125652
76 49.062270
77 50.821499
78 51.198990
79 50.045190
80 48.355819
81 47.943776
82 47.344077
83 48.171479
84 47.103337
85 48.255012
86 48.464515
87 49.826242
88 51.616365
89 49.431323
90 49.193237
91 48.570894
92 49.784559
93 48.954589
94 48.413535
95 48.366838
96 49.149855
97 51.313779
98 54.715195
99 58.236093
100 56.632542
101 54.056831
102 52.644538
103 51.086264
104 52.941399
105 56.613385
106 58.296729
107 57.194626
108 56.525341
109 55.861365
110 57.605087
111 59.371237
112 59.576340
113 60.977830
114 62.552910
115 63.197987
116 61.726756
117 63.212363
118 62.182151
119 58.730106
120 57.974052
121 57.698949
122 59.342322
123 63.951884
124 69.630476
125 67.917477
126 64.936088
127 63.905597
128 65.169094
129 67.203327
130 68.312698
131 65.756188
132 62.093095
133 60.880616
134 60.953876
135 62.471625
136 63.403167
137 66.007251
138 65.571808
139 65.383669
140 63.302592
141 63.510339
142 63.785230
143 64.095591
144 67.328264
145 67.926045
146 67.349529
147 67.332153
148 66.661293
149 68.062173
150 68.685863
151 69.984278
152 69.349162
153 69.990875
154 70.792364
155 72.507426
156 72.004445
157 70.579554
158 67.594390
159 64.771588
160 64.743499
161 66.269371
162 66.611905
163 66.653577
164 69.592738
165 71.391317
166 67.925000
167 64.839440
168 65.202263
169 65.403803
170 65.543698
171 63.367432
172 64.735572
173 65.115454
174 66.411831
175 68.262648
176 68.163144
177 67.609942
178 66.783390
179 68.861543
180 70.708374
181 72.693555
182 75.751747
183 75.763064
184 71.804465
185 71.973468
186 74.433568
187 75.657174
188 76.594771
189 77.022485
190 75.005103
191 76.951474
192 79.666278
193 83.626736
194 82.771998
195 80.464124
196 79.735758
197 82.568132
198 85.966450
199 85.200863
200 84.419901
201 88.739128
202 90.026090
203 93.153244
204 91.628947
205 93.014814
206 92.845124
207 91.339157
208 89.221289
209 86.960995
210 87.090608
211 86.457915
212 91.357270
213 93.782060
214 94.706414
215 95.573386
216 97.392976
217 98.539925
218 97.104976
219 98.136978
220 100.245536
221 103.336951
222 106.032115
223 103.506027
224 99.359096
225 97.975353
226 100.513657
227 102.103217
228 102.918932
229 106.531925
230 110.608400
231 113.443268
232 121.705293
233 121.425197
234 112.306739
235 107.708596
236 106.615142
237 104.767808
238 106.006447
239 105.962476
240 108.071051
241 109.476278
242 108.704509
243 108.535153
244 108.097124
245 109.526767
246 110.007724
247 111.132187
248 112.527137
249 118.974942
250 124.898555
251 126.255281
252 124.573238
253 124.515336
254 126.497173
255 131.469181
256 137.360707
257 139.515836
258 110.905449
259 98.843619
260 111.321065
261 98.297271
262 93.130922
263 95.368282
264 94.594059
265 93.761308
266 96.583583
267 95.080160
268 92.309358
269 89.316657
270 89.828199
271 95.266245
272 92.990155
273 99.350865
274 98.658980
275 98.131785
276 100.639338
277 102.768737
278 104.781110
279 97.768037
280 91.114694
281 91.585417
282 93.231514
283 97.673719
284 101.077161
285 104.363931
286 104.282102
287 101.693631
288 100.499988
289 97.254263
290 100.892715
291 102.688399
292 103.222784
293 101.276725
294 95.040675
295 94.688302
296 98.004582
297 99.765292
298 101.798140
299 96.293793
300 93.789033
301 92.603197
302 93.800320
303 96.378563
304 99.835206
305 104.491131
306 101.921399
307 97.660622
308 95.072550
309 91.136028
310 90.389357
311 88.857305
312 89.457885
313 91.493363
314 89.196260
315 86.410647
316 85.628234
317 92.297947
318 97.184838
319 97.045894
320 92.246509
321 87.733662
322 84.904475
323 85.751631
324 84.564974
325 81.381202
326 78.415687
327 79.151908
328 76.733626
329 76.529529
330 77.833476
331 80.013569
332 84.355172
333 84.682253
334 87.250085
335 83.361952
336 78.769144
337 78.273642
338 77.951545
339 76.599846
340 79.979054
341 84.712552
342 91.852725
343 93.692463
344 93.538740
345 91.622108
346 89.000157
347 88.544201
348 87.414754
349 86.830430
350 84.895569
351 80.366260
352 78.839739
353 79.171951
354 83.381908
355 87.243023
356 86.696444
357 85.599739
358 89.080055
359 92.013598
360 94.515817
361 97.342837
362 97.668611
363 98.961431
364 96.804128
365 100.545660
366 94.454930
367 90.754641
368 88.429152
369 98.719641
370 104.798494
371 102.381350
372 99.958124
373 99.201272
374 98.580720
375 98.796381
376 93.970481
377 90.618825
378 88.458971
379 88.633647
380 92.817085
381 96.346721
382 93.826063
383 92.974803
384 91.328659
385 95.036418
386 97.368250
387 101.817079
388 101.351578
389 97.373752
390 96.142903
391 95.149257
392 96.667322
393 94.590745
394 90.686066
395 91.925802
396 93.745078
397 98.539734
398 98.663226
399 93.482489
400 87.164136
401 87.445267
402 86.566445
403 83.445538
404 83.631136
405 85.278903
406 91.523522
407 96.881392
408 100.116676
409 98.668826
410 99.725790
411 101.055423
412 99.617722
413 94.697926
414 91.742010
415 93.366451
416 95.013491
417 96.310801
418 93.356337
419 92.151835
420 90.040560
421 83.398725
422 79.909242
423 83.381094
424 82.621793
425 81.464396
426 79.094102
427 79.652312
428 82.843780
429 83.858758
430 82.553364
431 82.264482
432 84.183539
433 88.648212
434 86.825877
435 81.451429
436 81.165745
437 78.769137
438 75.900943
439 77.216325
440 79.726759
441 82.413731
442 81.663287
443 81.882878
444 79.391702
445 79.799745
446 79.646138
447 74.211303
448 75.859183
449 72.241649
450 68.452159
451 65.501845
452 63.043942
453 66.053827
454 65.692894
455 64.681806
456 63.433651
457 63.687543
458 64.918214
459 63.089027
460 60.384839
461 57.609701
462 56.248792
463 56.624546
464 57.698224
465 57.327185
466 54.008786
467 53.665206
468 52.616104
469 55.132687
470 55.704687
471 55.619714
472 54.371887
473 55.004979
474 54.850148
475 51.721329
476 48.058222
477 47.805368
478 49.085746
479 51.216595
480 49.901897
481 48.824428
482 49.316645
483 47.401466
484 47.907185
485 46.647198
486 46.011863
487 45.967356
488 46.332324
489 46.480050
490 43.376645
491 41.728142
492 42.167699
493 43.926606
494 44.701228
495 44.551031
496 43.671549
497 45.120446
498 49.195126
499 51.742470
500 51.170151
501 47.439607
502 43.164182
503 43.193381
504 43.537537
505 47.117490
506 48.536115
507 49.061996
508 48.524682
509 50.502866
510 49.552590
511 45.443956
512 44.914231
513 46.992668
514 43.935258
515 40.013678
516 40.607391
517 39.229369
518 37.795323
519 36.989999
520 37.307088
521 39.332110
522 38.872574
523 39.409650
524 39.713225
525 39.870778
526 39.929043
527 41.048423
528 40.575701
529 41.629992
530 44.881266
531 44.134701
532 44.388576
533 44.216278
534 44.961290
535 46.027675
536 48.269362
537 48.061973
538 50.937580
539 52.396666
540 49.349989
541 45.166271
542 46.563922
543 47.306547
544 47.814056
545 47.576342
546 48.953629
547 49.434851
548 51.664168
549 49.156910
550 50.479559
551 48.733609
552 52.821105
553 56.306836
554 58.879808
555 63.077215
556 62.277642
557 59.513247
558 59.171940
559 57.402150
560 57.473769
561 54.930842
562 53.378685
563 55.353025
564 57.642579
565 56.631414
566 55.836944
567 55.955215
568 56.771810
569 58.806559
570 61.001393
571 63.356856
572 64.603410
573 67.311214
574 68.307857
575 67.194817
576 64.337127
577 64.208463
578 61.998272
579 56.792801
580 54.031728
581 53.508237
582 53.222565
583 54.822187
584 58.438723
585 56.619503
586 57.717539
587 56.969968
588 59.230776
589 58.687069
590 58.675999
591 58.899608
592 65.487333
593 69.268583
594 69.241757
595 64.032173
596 59.829027
597 59.176010
598 59.870112
599 61.291732
600 60.059140
601 54.336524
602 52.812412
603 57.267847
604 58.886212
605 62.239114
606 61.809257
607 58.957180
608 59.945036
609 58.879833
610 60.715711
611 60.826788
612 59.200151
613 59.481836
614 60.459334
615 59.451520
616 58.918333
617 57.449306
618 57.341678
619 58.745448
620 59.814505
621 62.370216
622 67.428687
623 71.393568
624 72.475209
625 72.394854
626 66.145263
627 65.687731
628 64.824628
629 67.893664
630 67.123484
631 67.210492
632 72.545428
633 77.414058
634 77.568452
635 73.730307
636 70.562967
637 65.918081
638 64.888184
639 70.918585
640 78.996079
641 79.977501
642 74.463521
643 79.469187
644 83.820024
645 88.495127
646 89.873822
647 85.776771
648 82.107857
649 81.818559
650 87.413673
651 91.907400
652 100.029263
653 96.310540
654 92.248049
655 91.701810
656 90.955315
657 94.479666
658 98.133730
659 97.450446
660 96.472832
661 103.315265
662 115.550369
663 117.668064
664 115.024953
665 111.057559
666 108.670612
667 108.249477
668 106.296632
669 103.455397
670 102.008675
671 99.911733
672 107.460401
673 105.704676
674 104.514249
675 106.921727
676 117.997837
677 121.892115
678 124.513541
679 119.038006
680 120.650339
681 120.507151
682 132.531872
683 139.351767
684 146.988144
685 149.917566
686 143.457665
687 136.371697
688 144.834341
689 146.112084
690 154.999971
691 159.326786
692 149.862116
693 150.410916
694 152.125547
695 159.460049
696 164.444071
697 172.947169
698 175.738669
699 176.280940
700 181.197112
701 186.096358
702 180.336711
703 181.334582
704 183.003298
705 186.040554
706 194.964435
707 182.823398
708 179.812431
709 178.548158
710 181.882880
711 193.278893
712 206.285571
713 217.186069
714 204.316133
715 199.130518
716 203.227217
717 210.091344
718 198.575252
719 196.318700
720 178.977262
721 166.171160
722 161.923623
723 160.605000
724 169.145424
725 179.198824
726 176.197019
727 176.176153
728 181.142805
729 189.928307
730 204.254025
731 210.482493
732 213.056372
733 201.908213
734 192.113795
735 185.003089
736 178.590117
737 195.651928
738 216.251608
739 215.712388
740 210.414596
741 205.336980
742 206.754342
743 215.378483
744 217.869386
745 217.282389
746 217.048023
747 217.610981
748 219.425891
749 204.342279
750 195.580529
751 201.568328
752 213.415394
753 222.457788
754 207.937548
755 197.990517
756 193.758374
757 195.804248
758 204.357121
759 199.832876
760 186.903924
761 166.218671
762 169.504923
763 184.903707
764 194.270780
765 190.479072
766 195.125725
767 185.170119
768 194.162195
769 202.579081
770 205.977661
771 191.140378
772 189.504955
773 180.265645
774 186.860541
775 188.177381
776 179.157153
777 166.444874
778 157.625951
779 154.902728
780 162.070265
781 161.354761
782 159.851221
783 161.906142
784 155.299152
785 157.356079
786 164.159499
787 167.262557
788 158.706905
789 153.507489
790 163.385919
791 166.702618
792 181.464199
793 183.932961
794 179.874873
795 176.844999
796 170.993498
797 162.146113
798 163.617791
799 160.917067
800 164.243124
801 159.336097
802 156.036575
803 158.246798
804 160.285869
805 158.919935
806 162.187641
807 159.023420
808 162.061370
809 156.782692
810 163.519461
811 152.809502
812 149.357709
813 150.771977
814 147.672980
815 146.097589
816 145.633036
817 158.093902
818 165.564810
819 169.182819
820 170.253476
821 183.857323
822 190.554989
823 190.852710
824 176.954793
825 178.873277
826 200.080195
827 205.448673
828 211.019358
829 203.688009
830 194.851256
831 201.278681
832 213.839932
833 221.096487
834 211.402174
835 212.283572
836 213.558494
837 212.778701
838 201.942038
839 201.856352
840 218.281964
841 221.402625
842 228.645638
843 226.641778
844 219.065448
845 217.304304
846 225.505841
847 225.193988
848 231.460529
849 230.777818
850 240.282382
851 224.699534
852 202.870747
853 192.653085
854 192.253472
855 197.178955
856 210.508945
857 213.025971
858 200.180495
859 195.177519
860 198.400269
861 205.642289
862 212.895540
863 219.143618
864 229.014957
865 222.921995
866 240.133763
867 253.718587
868 248.253174
869 243.561532
870 229.938630
871 214.719549
872 194.475200
873 191.508405
874 198.591740
875 193.200280
876 201.235828
877 213.887975
878 224.215609
879 227.746018
880 221.932925
881 233.334007
882 250.021882
883 258.363782
884 258.234512
885 249.120126
886 254.862604
887 239.521346
888 221.612318
889 207.383180
890 205.609346
891 204.893514
892 218.077635
893 225.601496
894 232.979901
895 243.301442
896 241.882995
897 234.091802
898 226.805807
899 225.212370
900 233.485083
901 259.361778
902 285.041475
903 292.775575
904 292.026215
905 288.050461
906 271.095536
907 258.290446
908 255.802913
909 245.112184
910 234.675172
911 228.908010
912 219.187066
913 211.356227
914 211.550318
915 213.294352
916 230.586331
917 242.348295
918 241.300569
919 227.377867
920 223.374997
921 235.859901
922 242.970288
923 254.265497
924 249.640172
925 238.316907
926 240.916381
927 245.712789
928 259.552992
929 280.615313
930 310.714125
931 316.598822
932 317.637678
933 325.044421
934 320.645247
935 313.709939
936 285.857646
937 276.844501
938 273.006175
939 276.356354
940 268.469119
941 283.242562
942 311.388032
943 345.194261
944 347.061963
945 324.323430
946 317.413053
947 327.525393
948 331.634169
949 338.311481
950 341.675627
951 337.996632
952 353.610583
953 347.918751
954 345.653925
955 324.839001
956 328.094950
957 334.861247
958 337.680224
959 346.802098
960 343.874873
961 356.141486
962 374.821593
963 383.441330
964 361.499878
965 360.454546
966 360.792221
967 375.759472
968 371.320641
969 386.493916
970 391.556480
971 392.693958
972 403.946790
973 420.762685
974 418.654180
975 388.465541
976 374.871879
977 378.502380
978 382.036744
979 377.218553
980 375.421136
981 372.953984
982 399.280428
983 438.535694
984 493.924236
985 494.968061
986 486.297873
987 475.077795
988 454.396517
989 445.728671
990 448.670208
991 450.005311
992 451.211601
993 462.826768
994 491.684270
995 500.641856
996 475.619564
997 475.025428
998 506.417836
999 480.556730
1000 470.621513
1001 494.313323
1002 490.157263
1003 471.129346
1004 465.102048
1005 462.983133
1006 462.221225
1007 454.713403
1008 477.663691
1009 517.184871
1010 513.830318
1011 510.874513
1012 495.627451
1013 514.803402
1014 532.151968
1015 507.194758
1016 514.791253
1017 532.656336
1018 538.916074
1019 515.147076
1020 475.441207
1021 452.364116
1022 447.673955
1023 458.110284
1024 443.926749
1025 451.161876
1026 435.798138
1027 396.850760
1028 383.108475
1029 393.619618
1030 396.986272
1031 435.449174
1032 447.308546
1033 474.970250
1034 455.825305
1035 415.000669
1036 402.357738
1037 372.874929
1038 374.056614
1039 380.103950
1040 382.799855
1041 368.144233
1042 360.822560
1043 371.505007
1044 384.551212
1045 404.221925
1046 389.004925
1047 353.836089
1048 332.747235
1049 336.487044
1050 332.707810
1051 311.048540
1052 309.239769
1053 297.486810
1054 296.260242
1055 307.425213
1056 305.192744
1057 287.051886
1058 270.795593
1059 294.435316
1060 318.775049
1061 321.085135
1062 307.687078
1063 284.963836
1064 292.805385
1065 294.516246
1066 286.715709
1067 267.141544
1068 261.114506
1069 253.322228
1070 245.460731
1071 244.359840
1072 236.245977
1073 239.145289
1074 232.188577
1075 221.382694
1076 210.544007
1077 209.434951
1078 212.632597
1079 202.200532
1080 203.126554
1081 208.624073
1082 217.359635
1083 218.550529
1084 230.480419
1085 215.984126
1086 209.785449
1087 196.265075
1088 184.248281
1089 182.886916
1090 185.484599
1091 185.874165
1092 183.642835
1093 179.403814
1094 185.868095
1095 183.072048
1096 180.973484
1097 175.596070
1098 173.326786
1099 173.820086
1100 175.717270
1101 165.945250
1102 146.758429
1103 142.812111
1104 141.243219
1105 144.110437
1106 140.432094
1107 136.288095
1108 135.387188
1109 140.120647
1110 145.231141
1111 142.241640
1112 144.677685
1113 136.680200
1114 139.415390
1115 129.113377
1116 119.284277
1117 114.716925
1118 120.807947
1119 119.911520
1120 117.173187
1121 119.908318
1122 132.843115
1123 136.413356
1124 134.933756
1125 131.918397
1126 125.268400
1127 118.573831
1128 114.316459
1129 117.046401
1130 116.054378
1131 109.446895
1132 112.911474
1133 114.961391
1134 120.051479
1135 114.471585
1136 106.698506
1137 105.520765
1138 108.170078
1139 108.986180
1140 105.774687
1141 106.266827
1142 108.912439
1143 114.982519
1144 111.755197
1145 111.954132
1146 108.577561
1147 113.478800
1148 117.992215
1149 115.739896
1150 99.038486
1151 85.784522
1152 85.019309
1153 85.220096
1154 86.704852
1155 81.726485
1156 83.889209
1157 83.589673
1158 81.945028
1159 77.521543
1160 76.507504
1161 76.172805
1162 79.861401
1163 85.219818
1164 86.020451
1165 81.073907
1166 70.906032
1167 65.409038
1168 67.093569
1169 65.746648
1170 65.344149
1171 63.142314
1172 63.853217
1173 62.272190
1174 65.504248
1175 64.938136
1176 68.759649
1177 70.098508
1178 66.553894
1179 62.981531
1180 57.053022
1181 58.989572
1182 65.089670
1183 64.495778
1184 62.848893
1185 59.430179
1186 56.979686
1187 48.886843
1188 47.008577
1189 46.456658
1190 49.588347
1191 50.987061
1192 51.627167
1193 54.126731
1194 54.201600
1195 52.148585
1196 47.055805
1197 46.170347
1198 48.546558
1199 50.839982
1200 50.480977
1201 46.804969
1202 44.511449
1203 46.227776
1204 44.243312
1205 40.874298
1206 40.402832
1207 40.346691
1208 40.058775
1209 41.699316
1210 40.848431
1211 41.301215
1212 39.784731
1213 42.428982
1214 44.922388
1215 44.886414
1216 44.194119
1217 44.520088
1218 43.893582
1219 41.209199
1220 39.187670
1221 39.233767
1222 41.504385
1223 39.380087
1224 40.151024
1225 38.987457
1226 40.734980
1227 44.041336
1228 47.074311
1229 49.976034
1230 47.030666
1231 44.127358
1232 42.385829
1233 40.696152
1234 39.769646
1235 39.977594
1236 41.909564
1237 43.123813
1238 41.657694
1239 38.065354
1240 35.355387
1241 35.979450
1242 41.145287
1243 44.539614
1244 48.888442
1245 44.841745
1246 42.301265
1247 42.473889
1248 44.638554
1249 51.578315
1250 55.070155
1251 47.988803
1252 42.630039
1253 37.187658
1254 34.788050
1255 34.607088
1256 36.018642
1257 37.049548
1258 35.278929
1259 33.497931
1260 33.567672
1261 35.898851
1262 38.346404
1263 44.683371
1264 50.389819
1265 51.320813
1266 49.952816
1267 45.365374
1268 43.422480
1269 46.538417
1270 51.071024
1271 53.076078
1272 47.296707
1273 42.217227
1274 39.809576
1275 39.043020
1276 44.804441
1277 50.819168
1278 54.092834
1279 53.772490
1280 48.637124
1281 48.029386
1282 48.606311
1283 56.165284
1284 61.855625
1285 62.254163
1286 63.085317
1287 60.505110
1288 61.872125
1289 62.164043
1290 60.101597
1291 56.636698
1292 53.337962
1293 54.058798
1294 56.553247
1295 60.591060
1296 56.199807
1297 54.372610
1298 56.230505
1299 60.776966
1300 63.322477
1301 66.287519
1302 71.095482
1303 71.647887
1304 70.841959
1305 70.821204
1306 68.338445
1307 64.183308
1308 59.247313
1309 59.593376
1310 59.800804
1311 60.805727
1312 59.861056
1313 59.201070
1314 58.957832
1315 61.808396
1316 69.442728
1317 75.848845
1318 78.148775
1319 74.763682
1320 69.947683
1321 63.069723
1322 58.864429
1323 56.904574
1324 59.794855
1325 64.802515
1326 67.029377
1327 66.977196
1328 68.097320
1329 71.647181
1330 75.143518
1331 75.785397
1332 74.187771
1333 75.640448
1334 82.480566
1335 82.304551
1336 78.265607
1337 69.795250
1338 66.454014
1339 65.259857
1340 62.857904
1341 65.504596
1342 65.909622
1343 66.683350
1344 67.481737
1345 68.876446
1346 69.696256
1347 69.231342
1348 66.265414
1349 65.812058
1350 65.654559
1351 66.128419
1352 63.451071
1353 63.759833
1354 64.639517
1355 65.067659
1356 66.810606
1357 65.365811
1358 62.820615
1359 59.316827
1360 55.792833
1361 56.011063
1362 54.861861
1363 53.470180
1364 50.473539
1365 50.794063
1366 53.239634
1367 56.795868
1368 60.499442
1369 62.237569
1370 57.744555
1371 53.429329
1372 53.770236
1373 59.936046
1374 62.492916
1375 58.025111
1376 50.248715
1377 45.225381
1378 43.219110
1379 40.869648
1380 41.181773
1381 41.749702
1382 40.295415
1383 38.916188
1384 41.723226
1385 45.117881
1386 46.666046
1387 42.947665
1388 42.388551
1389 42.643537
1390 46.301792
1391 47.870661
1392 45.576214
1393 47.408996
1394 48.500157
1395 46.363137
1396 41.618035
1397 39.196776
1398 37.422906
1399 38.563375
1400 42.945383
1401 46.967948
1402 46.367983
1403 40.595054
1404 37.957983
1405 37.022320
1406 38.920572
1407 41.660601
1408 41.403582
1409 39.580278
1410 37.035961
1411 35.745153
1412 34.868575
1413 36.262099
1414 36.510117
1415 39.335380
1416 40.365509
1417 40.027343
1418 38.780537
1419 39.890547
1420 38.264922
1421 42.786603
1422 42.829223
1423 44.206730
1424 40.692560
1425 38.561785
1426 35.920686
1427 34.634065
1428 35.741902
1429 35.576432
1430 38.774698
1431 39.136582
1432 39.973074
1433 36.035822
1434 34.330973
1435 33.125654
1436 32.189040
1437 31.683165
1438 30.393900
1439 28.800128
1440 28.176328
1441 32.333489
1442 36.278673
1443 38.989049
1444 39.228136
1445 36.730117
1446 34.488451
1447 31.412690
1448 28.903256
1449 26.491520
1450 27.343595
1451 28.937736
1452 31.201565
1453 30.601607
1454 27.517385
1455 25.562499
1456 25.324631
1457 26.702717
1458 28.723447
1459 31.158390
1460 30.875649
1461 27.768732
1462 24.555184
1463 23.623104
1464 24.829045
1465 25.772831
1466 26.263696
1467 25.659686
1468 25.882135
1469 24.380634
1470 23.026319
1471 23.738039
1472 25.904302
1473 27.196418
1474 28.475202
1475 26.600546
1476 26.036899
1477 25.382632
1478 26.723266
1479 27.141302
1480 30.661502
1481 30.995417
1482 29.720577
1483 27.091795
1484 25.088380
1485 23.238042
1486 23.269517
1487 22.974174
1488 22.120679
1489 22.613101
1490 23.091699
1491 24.423697
1492 24.294950
1493 25.305233
1494 24.866033
1495 24.479141
1496 22.065268
1497 19.938736
1498 20.973318
1499 20.696440
1500 21.636000
1501 21.767051
1502 21.370622
1503 19.826484
1504 19.384385
1505 19.161575
1506 18.405091
1507 20.520711
1508 23.481810
1509 24.435324
1510 23.998465
1511 22.377151
1512 21.396771
1513 20.190646
1514 19.081530
1515 19.756013
1516 20.306566
1517 20.562924
1518 19.894692
1519 20.164608
1520 19.080489
1521 18.860080
1522 18.911860
1523 19.276606
1524 20.538207
1525 20.675078
1526 20.970816
1527 19.945887
1528 20.558148
1529 21.505236
1530 21.062526
1531 20.879426
1532 19.765019
1533 20.241442
1534 20.057265
1535 19.792410
1536 19.612096
1537 18.367581
1538 16.971695
1539 16.191577
1540 16.092199
1541 15.989939
1542 16.783341
1543 17.903206
1544 19.169863
1545 18.888297
1546 17.535175
1547 18.520135
1548 18.935322
1549 19.505524
1550 19.846674
1551 20.080304
1552 19.229756
1553 16.215088
1554 15.809647
1555 15.402239
1556 15.392866
1557 16.934186
1558 17.853683
1559 17.868603
1560 18.047497
1561 18.775475
1562 17.319162
1563 16.098410
1564 15.513389
1565 16.822107
1566 19.100864
1567 19.709086
1568 19.650209
1569 18.006043
1570 17.156297
1571 15.687514
1572 14.824168
1573 13.966330
1574 14.756153
1575 16.084723
1576 17.348071
1577 18.555980
1578 18.945845
1579 18.645079
1580 17.476373
1581 17.518516
1582 17.831324
1583 18.582694
1584 19.570956
1585 18.985724
1586 18.189254
1587 16.538045
1588 14.779340
1589 14.665410
1590 14.325904
1591 15.798622
1592 15.650135
1593 16.557969
1594 16.084536
1595 16.825474
1596 17.391274
1597 17.634516
1598 16.897165
1599 16.293832
1600 14.280463
1601 14.573348
1602 13.884211
1603 15.218642
1604 15.833284
1605 16.936837
1606 17.585465
1607 17.947993
1608 15.627635
1609 13.355222
1610 13.028522
1611 13.144900
1612 14.267549
1613 15.642056
1614 16.524176
1615 15.357165
1616 13.959704
1617 13.958474
1618 15.298942
1619 16.176183
1620 16.890934
1621 16.441711
1622 16.150938
1623 15.071433
1624 13.259612
1625 13.164446
1626 13.676228
1627 13.673110
1628 13.060780
1629 11.840414
1630 11.568503
1631 12.279619
1632 14.280849
1633 16.391264
1634 16.414762
1635 15.860567
1636 14.348762
1637 13.007078
1638 11.612627
1639 11.649686
1640 13.450336
1641 15.708661
1642 17.730237
1643 16.801535
1644 14.781351
1645 14.661381
1646 15.002960
1647 17.337814
1648 17.476436
1649 15.795526
1650 15.288453
1651 15.172621
1652 16.068029
1653 16.713243
1654 16.941574
1655 17.365811
1656 16.418148
1657 16.790874
1658 16.434095
1659 16.482082
1660 17.704823
1661 19.185868
1662 21.995096
1663 19.798597
1664 18.547151
1665 16.248296
1666 16.335764
1667 18.659924
1668 19.611109
1669 19.836862
1670 18.363215
1671 17.486229
1672 17.946092
1673 19.428064
1674 21.095150
1675 21.128299
1676 20.266299
1677 18.968250
1678 17.863687
1679 17.110203
1680 17.943465
1681 19.570578
1682 20.777135
1683 20.986859
1684 20.493564
1685 19.113622
1686 17.278828
1687 15.711847
1688 15.629616
1689 17.014291
1690 20.337877
1691 21.372574
1692 20.384312
1693 18.113873
1694 17.583086
1695 18.083142
1696 17.667517
1697 17.372255
1698 17.692001
1699 16.620895
1700 16.941465
1701 17.602327
1702 18.647338
1703 19.105534
1704 19.459921
1705 19.402467
1706 19.177020
1707 18.837661
1708 17.932851
1709 18.509657
1710 17.862079
1711 18.610818
1712 18.498628
1713 17.736743
1714 16.392428
1715 16.097045
1716 17.098176
1717 18.713289
1718 20.585575
1719 19.875543
1720 18.047999
1721 15.836459
1722 14.184162
1723 14.536393
1724 14.664109
1725 15.997247
1726 16.239887
1727 15.200084
1728 15.134397
1729 15.914872
1730 17.386210
1731 18.179646
1732 20.136026
1733 19.583139
1734 18.607305
1735 17.642039
1736 16.921780
1737 16.864495
1738 16.240218
1739 16.092705
1740 15.871835
1741 15.918595
1742 15.295831
1743 14.368091
1744 14.098138
1745 15.025537
1746 16.265499
1747 16.461786
1748 15.450122
1749 15.034713
1750 13.538870
1751 13.515812
1752 14.276369
1753 17.386939
1754 19.738315
1755 18.232495
1756 16.412615
1757 14.595703
1758 14.576839
1759 14.920704
1760 15.282402
1761 15.323851
1762 14.555560
1763 13.549039
1764 12.902902
1765 12.292002
1766 12.120987
1767 13.046895
1768 13.875239
1769 14.082275
1770 12.156096
1771 11.049111
1772 10.833128
1773 12.259136
1774 13.453712
1775 14.569018
1776 13.398674
1777 12.152772
1778 11.402532
1779 11.689196
1780 13.431913
1781 14.916560
1782 15.397339
1783 13.722147
1784 11.801272
1785 11.093719
1786 11.942470
1787 13.029811
1788 13.719233
1789 12.345618
1790 10.848572
1791 9.771100
1792 11.219228
1793 12.508263
1794 14.880589
1795 15.101519
1796 14.434717
1797 12.564956
1798 11.087276
1799 10.536948
1800 10.848953
1801 11.655734
1802 12.690652
1803 14.579096
1804 14.890760
1805 13.634989
1806 12.769625
1807 12.833610
1808 14.574573
1809 16.936518
1810 16.568281
1811 15.206113
1812 13.323429
1813 12.298832
1814 12.244200
1815 13.514252
1816 14.802283
1817 14.664832
1818 13.826804
1819 13.318536
1820 13.555404
1821 14.903495
1822 16.209187
1823 16.294157
1824 15.767489
1825 14.445519
1826 14.487710
1827 15.115261
1828 15.283809
1829 16.344279
1830 16.855953
1831 17.385589
1832 16.944017
1833 17.161518
1834 15.869822
1835 15.583141
1836 14.864125
1837 15.061265
1838 14.933723
1839 14.608902
1840 13.782775
1841 14.173778
1842 15.351076
1843 18.871935
1844 21.540346
1845 21.228399
1846 18.693592
1847 14.860256
1848 13.261356
1849 13.942050
1850 14.926930
1851 14.914683
1852 13.347486
1853 12.888510
1854 12.361381
1855 12.199092
1856 12.322988
1857 12.774572
1858 13.527865
1859 14.087087
1860 13.954740
1861 12.291854
1862 11.492991
1863 12.138803
1864 14.701108
1865 15.284834
1866 15.177884
1867 12.647205
1868 11.574972
1869 10.611040
1870 10.775389
1871 12.298272
1872 13.479877
1873 13.981068
1874 13.337830
1875 12.210381
1876 10.572136
1877 10.788910
1878 12.888439
1879 15.181396
1880 15.220325
1881 13.912668
1882 11.676418
1883 10.904538
1884 9.975320
1885 10.421375
1886 10.347550
1887 10.365938
1888 10.863655
1889 11.282743
1890 11.770989
1891 12.425598
1892 12.097084
1893 11.413028
1894 10.401323
1895 9.445272
1896 8.470354
1897 8.447621
1898 8.892413
1899 9.815150
1900 10.459228
1901 10.616135
1902 9.142313
1903 8.185240
1904 7.900651
1905 8.308958
1906 9.969554
1907 11.695567
1908 12.099519
1909 10.342919
1910 8.524734
1911 7.722009
1912 8.110252
1913 8.824792
1914 10.151820
1915 10.820540
1916 10.293247
1917 8.702873
1918 7.743885
1919 6.977810
1920 7.057189
1921 6.972081
1922 7.397995
1923 7.226237
1924 7.231683
1925 6.844566
1926 7.287418
1927 7.552154
1928 7.225418
1929 6.744886
1930 6.255035
1931 6.315582
1932 6.326988
1933 6.614892
1934 7.528669
1935 8.091924
1936 8.926191
1937 7.753198
1938 7.031558
1939 6.222620
1940 5.928721
1941 6.980459
1942 8.082723
1943 8.533235
1944 7.294031
1945 6.277100
1946 5.113083
1947 5.038531
1948 5.804175
1949 6.718120
1950 7.229187
1951 6.690692
1952 6.542153
1953 6.466492
1954 6.191322
1955 6.316365
1956 6.201516
1957 6.515389
1958 6.219565
1959 6.103414
1960 5.737599
1961 5.826463
1962 6.104738
1963 6.239302
1964 6.247046
1965 5.974571
1966 5.395747
1967 4.897722
1968 4.500900
1969 5.144370
1970 6.075478
1971 6.761871
1972 6.633347
1973 6.018577
1974 5.552496
1975 5.750420
1976 6.530261
1977 7.084343
1978 6.641201
1979 5.667363
1980 5.024081
1981 4.776361
1982 4.771805
1983 4.741724
1984 4.322416
1985 3.953373
1986 3.917488
1987 3.898105
1988 4.376028
1989 4.884468
1990 5.447334
1991 5.736577
1992 5.809143
1993 4.885118
1994 3.978427
1995 3.402504
1996 3.199509
1997 3.588375
1998 4.243806
1999 4.987063
2000 5.065321
2001 4.531558
2002 3.920456
2003 3.682546
2004 4.210800
2005 4.638488
2006 5.127273
2007 5.101969
2008 4.403538
2009 3.399063
2010 2.653150
2011 2.453454
2012 2.871113
2013 3.417138
2014 3.900779
2015 3.630695
2016 3.240664
2017 2.818785
2018 2.803131
2019 2.727885
2020 2.837053
2021 3.091164
2022 3.699086
2023 4.120019
2024 4.262379
2025 3.587288
2026 2.916268
2027 2.547982
2028 2.401182
2029 2.542654
2030 2.721545
2031 2.768157
2032 2.836710
2033 2.837101
2034 2.757458
2035 2.690376
2036 2.591698
2037 2.502747
2038 2.600905
2039 3.059470
2040 3.482790
2041 3.495753
2042 2.889813
2043 2.072671
2044 1.775523
2045 1.756374
2046 2.091063
2047 2.495393
2048 2.612819
2049 2.444475
2050 2.261777
2051 2.073340
2052 1.918185
2053 1.913484
2054 1.973621
2055 2.030709
2056 2.369629
2057 2.657225
2058 2.924654
2059 2.601876
2060 2.132103
2061 1.893744
2062 1.844200
2063 2.001204
2064 2.092335
2065 1.990189
2066 2.038769
2067 2.242751
2068 2.259964
2069 2.150928
2070 1.859059
2071 1.811347
2072 1.812529
2073 2.292014
2074 2.701038
2075 2.919836
2076 2.691245
2077 2.116425
2078 1.648789
2079 1.465533
2080 1.635595
2081 2.056870
2082 2.380333
2083 2.573196
2084 2.401665
2085 2.198828
2086 2.044789
2087 1.953698
2088 2.091313
2089 2.179559
2090 2.350174
2091 2.454958
2092 2.307159
2093 2.040639
2094 1.772745
2095 1.589664
2096 1.554527
2097 1.760591
2098 2.049533
2099 2.228582
2100 2.162920
2101 2.009657
2102 1.969734
2103 1.986578
2104 1.736757
2105 1.627838
2106 1.588892
2107 1.993853
2108 2.240504
2109 2.276007
2110 2.158296
2111 1.777471
2112 1.449591
2113 1.232302
2114 1.211162
2115 1.477626
2116 1.743987
2117 1.957383
2118 1.809966
2119 1.647181
2120 1.527777
2121 1.541054
2122 1.598656
2123 1.632522
2124 1.818481
2125 1.838404
2126 1.996305
2127 1.771542
2128 1.528161
2129 1.242820
2130 1.138379
2131 1.254802
2132 1.599403
2133 1.704448
2134 1.663899
2135 1.529987
2136 1.527902
2137 1.532315
2138 1.460347
2139 1.316738
2140 1.198625
2141 1.335837
2142 1.575677
2143 2.003349
2144 1.753332
2145 1.405105
2146 1.015502
2147 0.959053
2148 1.000959
2149 1.198657
2150 1.332570
2151 1.366058
2152 1.530084
2153 1.483470
2154 1.350062
2155 1.185271
2156 1.114559
2157 1.227282
2158 1.377836
2159 1.486513
2160 1.358026
2161 1.255571
2162 1.193081
2163 1.108346
2164 1.095494
2165 1.080171
2166 1.185142
2167 1.247972
2168 1.232379
2169 1.263502
2170 1.217100
2171 1.291406
2172 1.149405
2173 0.998106
2174 0.945464
2175 1.113532
2176 1.547598
2177 1.751883
2178 1.724949
2179 1.334852
2180 1.012011
2181 0.871060
2182 0.924826
2183 1.081819
2184 1.172325
2185 1.199850
2186 1.260334
2187 1.387990
2188 1.363635
2189 1.150758
2190 0.949825
2191 0.957725
2192 1.054776
2193 1.209073
2194 1.230929
2195 1.233854
2196 1.113454
2197 1.065925
2198 1.083847
2199 1.089385
2200 1.073986
2201 1.077543
2202 1.186328
2203 1.394391
2204 1.457193
2205 1.300050
2206 0.996210
2207 0.799749
2208 0.743192
2209 0.870245
2210 1.007606
2211 1.125111
2212 1.086189
2213 0.938321
2214 0.878966
2215 0.789306
2216 0.811641
2217 0.900719
2218 0.985856
2219 1.086089
2220 1.018126
2221 0.961456
2222 0.871033
2223 0.838239
2224 0.763304
2225 0.773870
2226 0.849011
2227 0.978505
2228 0.997654
2229 0.938125
2230 0.876884
2231 0.755933
2232 0.727311
2233 0.688134
2234 0.651883
2235 0.595365
2236 0.704495
2237 0.892556
2238 1.095913
2239 1.085854
2240 0.979039
2241 0.848333
2242 0.803033
2243 0.801710
2244 0.793995
2245 0.737809
2246 0.674618
2247 0.626338
2248 0.634049
2249 0.716484
2250 0.747726
2251 0.768916
2252 0.695236
2253 0.635190
2254 0.621313
2255 0.665366
2256 0.749243
2257 0.733233
2258 0.718356
2259 0.738468
2260 0.734058
2261 0.724256
2262 0.717226
2263 0.739754
2264 0.728058
2265 0.805562
2266 0.804989
2267 0.753707
2268 0.736189
2269 0.626056
2270 0.550251
2271 0.493385
2272 0.480165
2273 0.558455
2274 0.570045
2275 0.628934
2276 0.645401
2277 0.735312
2278 0.709737
2279 0.675492
2280 0.605406
2281 0.558036
2282 0.542755
2283 0.647659
2284 0.743935
2285 0.706052
2286 0.615448
2287 0.528577
2288 0.538727
2289 0.589486
2290 0.597783
2291 0.532220
2292 0.497779
2293 0.481411
2294 0.535582
2295 0.576000
2296 0.585180
2297 0.566178
2298 0.498551
2299 0.531710
2300 0.536815
2301 0.573823
2302 0.580753
2303 0.584979
2304 0.551213
2305 0.574746
2306 0.619532
2307 0.579751
2308 0.534015
2309 0.504888
2310 0.530085
2311 0.529822
2312 0.546661
2313 0.591870
2314 0.565169
2315 0.666570
2316 0.644522
2317 0.650071
2318 0.549595
2319 0.500785
2320 0.475129
2321 0.532167
2322 0.650275
2323 0.639377
2324 0.624765
2325 0.526404
2326 0.502771
2327 0.516196
2328 0.570081
2329 0.632548
2330 0.570479
2331 0.532530
2332 0.540660
2333 0.561908
2334 0.581634
2335 0.548327
2336 0.550346
2337 0.548659
2338 0.599694
2339 0.555384
2340 0.464402
2341 0.396329
2342 0.382767
2343 0.447731
2344 0.519837
2345 0.581105
2346 0.564987
2347 0.520215
2348 0.550295
2349 0.575314
2350 0.629627
2351 0.640266
2352 0.568941
2353 0.509325
2354 0.477364
2355 0.464995
2356 0.456154
2357 0.431810
2358 0.443047
2359 0.437301
2360 0.527307
2361 0.545320
2362 0.576563
2363 0.496664
2364 0.549144
2365 0.591867
2366 0.648667
2367 0.671502
2368 0.562720
2369 0.504319
2370 0.460024
2371 0.483811
2372 0.572017
2373 0.581568
2374 0.565471
2375 0.581141
2376 0.573601
2377 0.637581
2378 0.650756
2379 0.600105
2380 0.488239
2381 0.453028
2382 0.561210
2383 0.643327
2384 0.754508
2385 0.705193
2386 0.681353
2387 0.713582
2388 0.719561
2389 0.705627
2390 0.589860
2391 0.567324
2392 0.533672
2393 0.611628
2394 0.592098
2395 0.513771
2396 0.544678
2397 0.585972
2398 0.736038
2399 0.724062
2400 0.731137
2401 0.613327
2402 0.587532
2403 0.635466
2404 0.625905
2405 0.588914
2406 0.507858
2407 0.499194
2408 0.465200
2409 0.522752
2410 0.535052
2411 0.558243
2412 0.582299
2413 0.607278
2414 0.789624
2415 0.778538
2416 0.789544
2417 0.696114
2418 0.656679
2419 0.567811
2420 0.511058
2421 0.501613
2422 0.458686
2423 0.490822
2424 0.500598
2425 0.514066
2426 0.462071
2427 0.414932
2428 0.470397
2429 0.550567
2430 0.603191
2431 0.607655
2432 0.531975
2433 0.569608
2434 0.592537
2435 0.648170
2436 0.595813
2437 0.538189
2438 0.507217
2439 0.535776
2440 0.603571
2441 0.504640
2442 0.437462
2443 0.423460
2444 0.443528
2445 0.514522
2446 0.427317
2447 0.384044
2448 0.387498
2449 0.409337
2450 0.431923
2451 0.436041
2452 0.444262
2453 0.451400
2454 0.507454
2455 0.518669
2456 0.512273
2457 0.404439
2458 0.404284
2459 0.423183
2460 0.453988
2461 0.440616
2462 0.386967
2463 0.379324
2464 0.402161
2465 0.494722
2466 0.486318
2467 0.515584
2468 0.455906
2469 0.433259
2470 0.452663
2471 0.400799
2472 0.418003
2473 0.398987
2474 0.412408
2475 0.406054
2476 0.425299
2477 0.410244
2478 0.375339
2479 0.378604
2480 0.420800
2481 0.432419
2482 0.451478
2483 0.429590
2484 0.493816
2485 0.491898
2486 0.526926
2487 0.415206
2488 0.339216
2489 0.313709
2490 0.315934
2491 0.346785
2492 0.351297
2493 0.351172
2494 0.316942
2495 0.378613
2496 0.368182
2497 0.378330
2498 0.344387
2499 0.390333
2500 0.421870
2501 0.448049
2502 0.425527
2503 0.364660
2504 0.381983
2505 0.368693
2506 0.386712
2507 0.320259
2508 0.292360
2509 0.285596
2510 0.303498
2511 0.292005
2512 0.261785
2513 0.256029
2514 0.276406
2515 0.359848
2516 0.419854
2517 0.429786
2518 0.340655
2519 0.293098
2520 0.265413
2521 0.285521
2522 0.288347
2523 0.262907
2524 0.251704
2525 0.255630
2526 0.294029
2527 0.296340
2528 0.307925
2529 0.311194
2530 0.320711
2531 0.307253
2532 0.313931
2533 0.272700
2534 0.239108
2535 0.262124
2536 0.273863
2537 0.289575
2538 0.277468
2539 0.266737
2540 0.284886
2541 0.289372
2542 0.294670
2543 0.267340
2544 0.254094
2545 0.275282
2546 0.298261
2547 0.300158
2548 0.258303
2549 0.212255
2550 0.232414
2551 0.264795
2552 0.309889
2553 0.267774
2554 0.266873
2555 0.248735
2556 0.254118
2557 0.225691
2558 0.210156
2559 0.184910
2560 0.192289
2561 0.222093
2562 0.245772
2563 0.248023
2564 0.221527
2565 0.236792
2566 0.250453
2567 0.294256
2568 0.292381
2569 0.261457
2570 0.218216
2571 0.221871
2572 0.220012
2573 0.203374
2574 0.181929
2575 0.158286
2576 0.177405
2577 0.193725
2578 0.242869
2579 0.230594
2580 0.219347
2581 0.204794
2582 0.240090
2583 0.245874
2584 0.259837
2585 0.230993
2586 0.239177
2587 0.236965
2588 0.241101
2589 0.214848
2590 0.178282
2591 0.163083
2592 0.170483
2593 0.203649
2594 0.198238
2595 0.220858
2596 0.191097
2597 0.201987
2598 0.198326
2599 0.189363
2600 0.175031
2601 0.192488
2602 0.235380
2603 0.234548
2604 0.217545
2605 0.183099
2606 0.192808
2607 0.194678
2608 0.174867
2609 0.165473
2610 0.156015
2611 0.192586
2612 0.206619
2613 0.221188
2614 0.192610
2615 0.199147
2616 0.209659
2617 0.224444
2618 0.233973
2619 0.182883
2620 0.169030
2621 0.152523
2622 0.192568
2623 0.199574
2624 0.199301
2625 0.194142
2626 0.197306
2627 0.197312
2628 0.211316
2629 0.198332
2630 0.191024
2631 0.194094
2632 0.212537
2633 0.215061
2634 0.197835
2635 0.191316
2636 0.176575
2637 0.192252
2638 0.190310
2639 0.205111
2640 0.181498
2641 0.186576
2642 0.182133
2643 0.173573
2644 0.146303
2645 0.139496
2646 0.125262
2647 0.126650
2648 0.139366
2649 0.151377
2650 0.159007
2651 0.162592
2652 0.185883
2653 0.198779
2654 0.193208
2655 0.164266
2656 0.148443
2657 0.133770
2658 0.120528
2659 0.105554
2660 0.103828
2661 0.112179
2662 0.149770
2663 0.180382
2664 0.191100
2665 0.160754
2666 0.147841
2667 0.146710
2668 0.159131
2669 0.169488
2670 0.132780
2671 0.116461
2672 0.104054
2673 0.117385
2674 0.107071
2675 0.114547
2676 0.114269
2677 0.138957
2678 0.149088
2679 0.155064
2680 0.145115
2681 0.140316
2682 0.129833
2683 0.135751
2684 0.131215
2685 0.127468
2686 0.125406
2687 0.113670
2688 0.108796
2689 0.101221
2690 0.114516
2691 0.134808
2692 0.141465
2693 0.138549
2694 0.125025
2695 0.129239
2696 0.126054
2697 0.117690
2698 0.114487
2699 0.129821
2700 0.153145
2701 0.167523
2702 0.195923
2703 0.176139
2704 0.187398
2705 0.168581
2706 0.174413
2707 0.150070
2708 0.142993
2709 0.137247
2710 0.130114
2711 0.119872
2712 0.116824
2713 0.120922
2714 0.146420
2715 0.170434
2716 0.181906
2717 0.183649
2718 0.174932
2719 0.182463
2720 0.187435
2721 0.196058
2722 0.162330
2723 0.140840
2724 0.141485
2725 0.177139
2726 0.199650
2727 0.201505
2728 0.171846
2729 0.147617
2730 0.155185
2731 0.173635
2732 0.191917
2733 0.205006
2734 0.214428
2735 0.222190
2736 0.220561
2737 0.218623
2738 0.202478
2739 0.181659
2740 0.191271
2741 0.182904
2742 0.190642
2743 0.170141
2744 0.161259
2745 0.157752
2746 0.180240
2747 0.186405
2748 0.183143
2749 0.174308
2750 0.196153
2751 0.215716
2752 0.202379
2753 0.190523
2754 0.171981
2755 0.175662
2756 0.173633
2757 0.169055
2758 0.160925
2759 0.162532
2760 0.166058
2761 0.189127
2762 0.210847
2763 0.232004
2764 0.245385
2765 0.239777
2766 0.215101
2767 0.186677
2768 0.169356
2769 0.168157
2770 0.169697
2771 0.184234
2772 0.196638
2773 0.191211
2774 0.169807
2775 0.168447
2776 0.181373
2777 0.194864
2778 0.183381
2779 0.166365
2780 0.157681
2781 0.156719
2782 0.177163
2783 0.189739
2784 0.223732
2785 0.237556
2786 0.270125
2787 0.241081
2788 0.218586
2789 0.201510
2790 0.209417
2791 0.194413
2792 0.172707
2793 0.132783
2794 0.131722
2795 0.135856
2796 0.163058
2797 0.162591
2798 0.182474
2799 0.199779
2800 0.239397
2801 0.262633
2802 0.252345
2803 0.223900
2804 0.207851
2805 0.195685
2806 0.186593
2807 0.171151
2808 0.160812
2809 0.170506
2810 0.168558
2811 0.170001
2812 0.170825
2813 0.201760
2814 0.227400
2815 0.260274
2816 0.219488
2817 0.192483
2818 0.175200
2819 0.180677
2820 0.181559
2821 0.173157
2822 0.174271
2823 0.180296
2824 0.182437
2825 0.185890
2826 0.203122
2827 0.226148
2828 0.245285
2829 0.225284
2830 0.234539
2831 0.220695
2832 0.222543
2833 0.198302
2834 0.196019
2835 0.193780
2836 0.209354
2837 0.235376
2838 0.236601
2839 0.226021
2840 0.236818
2841 0.242524
2842 0.257608
2843 0.217665
2844 0.215722
2845 0.192604
2846 0.208721
2847 0.210954
2848 0.210187
2849 0.251713
2850 0.277896
2851 0.322538
2852 0.326310
2853 0.313085
2854 0.264631
2855 0.266021
2856 0.253610
2857 0.266337
2858 0.235873
2859 0.219645
2860 0.204673
2861 0.225255
2862 0.231674
2863 0.252600
2864 0.279137
2865 0.325585
2866 0.350597
2867 0.347373
2868 0.315975
2869 0.299362
2870 0.296295
2871 0.298190
2872 0.290288
2873 0.261029
2874 0.227189
2875 0.202842
2876 0.213446
2877 0.244488
2878 0.274189
2879 0.269313
2880 0.268511
2881 0.274825
2882 0.287422
2883 0.300625
2884 0.309777
2885 0.330133
2886 0.349693
2887 0.312452
2888 0.320445
2889 0.309060
2890 0.327400
2891 0.297117
2892 0.308496
2893 0.290172
2894 0.326387
2895 0.338503
2896 0.339756
2897 0.324116
2898 0.337034
2899 0.396082
2900 0.390097
2901 0.361592
2902 0.333957
2903 0.328216
2904 0.334953
2905 0.310706
2906 0.297161
2907 0.327939
2908 0.341606
2909 0.352413
2910 0.306363
2911 0.308954
2912 0.319589
2913 0.351227
2914 0.343067
2915 0.308346
2916 0.271179
2917 0.259949
2918 0.268925
2919 0.306376
2920 0.311978
2921 0.329420
2922 0.342011
2923 0.330520
2924 0.319212
2925 0.272932
2926 0.273656
2927 0.272077
2928 0.299662
2929 0.271409
2930 0.260593
2931 0.282211
2932 0.304614
2933 0.342115
2934 0.376633
2935 0.389906
2936 0.372922
2937 0.322599
2938 0.286256
2939 0.296283
2940 0.307717
2941 0.303091
2942 0.278074
2943 0.262163
2944 0.281366
2945 0.290294
2946 0.325029
2947 0.341014
2948 0.405262
2949 0.427621
2950 0.422679
2951 0.420496
2952 0.417142
2953 0.397886
2954 0.312746
2955 0.245272
2956 0.204892
2957 0.210371
2958 0.235711
2959 0.301341
2960 0.336445
2961 0.361273
2962 0.381725
2963 0.400383
2964 0.433806
2965 0.401281
2966 0.364397
2967 0.361739
2968 0.356230
2969 0.333602
2970 0.272236
2971 0.266384
2972 0.295261
2973 0.375658
2974 0.404662
2975 0.389529
2976 0.379626
2977 0.378302
2978 0.331079
2979 0.311121
2980 0.306589
2981 0.355204
2982 0.371889
2983 0.405946
2984 0.413486
2985 0.404050
2986 0.431448
2987 0.495362
2988 0.501972
2989 0.470199
2990 0.424207
2991 0.424910
2992 0.411249
2993 0.384298
2994 0.345833
2995 0.342888
2996 0.393568
2997 0.457306
2998 0.456188
2999 0.450991
3000 0.429963
3001 0.467568
3002 0.481388
3003 0.470914
3004 0.438246
3005 0.400926
3006 0.360045
3007 0.320458
3008 0.334315
3009 0.379104
3010 0.488088
3011 0.459460
3012 0.417861
3013 0.387414
3014 0.437482
3015 0.498159
3016 0.514756
3017 0.467737
3018 0.438057
3019 0.380231
3020 0.322723
3021 0.299750
3022 0.323509
3023 0.361111
3024 0.439836
3025 0.432684
3026 0.400991
3027 0.414024
3028 0.406406
3029 0.402057
3030 0.417096
3031 0.423045
3032 0.450166
3033 0.430557
3034 0.396198
3035 0.367725
3036 0.365965
3037 0.374714
3038 0.362004
3039 0.329867
3040 0.310789
3041 0.323195
3042 0.384039
3043 0.421574
3044 0.393482
3045 0.390471
3046 0.411233
3047 0.464095
3048 0.489327
3049 0.430402
3050 0.361500
3051 0.348045
3052 0.364969
3053 0.396458
3054 0.377871
3055 0.344569
3056 0.351746
3057 0.368597
3058 0.356471
3059 0.340241
3060 0.322835
3061 0.289171
3062 0.274848
3063 0.259490
3064 0.263547
3065 0.291203
3066 0.361616
3067 0.430293
3068 0.407680
3069 0.386982
3070 0.371397
3071 0.335712
3072 0.293379
3073 0.281899
3074 0.276120
3075 0.291161
3076 0.262788
3077 0.236815
3078 0.251406
3079 0.289868
3080 0.305019
3081 0.306339
3082 0.283303
3083 0.316176
3084 0.348396
3085 0.318557
3086 0.285725
3087 0.261491
3088 0.263033
3089 0.251177
3090 0.215987
3091 0.219204
3092 0.244743
3093 0.329950
3094 0.385418
3095 0.350002
3096 0.314294
3097 0.287576
3098 0.323555
3099 0.313212
3100 0.259652
3101 0.197994
3102 0.168169
3103 0.177556
3104 0.187231
3105 0.185975
3106 0.205031
3107 0.213032
3108 0.245465
3109 0.258178
3110 0.255144
3111 0.252128
3112 0.268687
3113 0.243731
3114 0.235091
3115 0.248265
3116 0.280399
3117 0.310070
3118 0.283715
3119 0.264364
3120 0.237261
3121 0.248185
3122 0.247261
3123 0.227670
3124 0.216129
3125 0.218627
3126 0.254323
3127 0.270847
3128 0.261613
3129 0.244896
3130 0.235474
3131 0.238798
3132 0.230492
3133 0.243589
3134 0.259119
3135 0.270005
3136 0.266751
3137 0.238657
3138 0.223242
3139 0.214767
3140 0.227002
3141 0.212711
3142 0.200380
3143 0.192991
3144 0.212638
3145 0.250064
3146 0.258533
3147 0.254901
3148 0.224538
3149 0.237033
3150 0.220710
3151 0.241539
3152 0.240428
3153 0.267951
3154 0.253242
3155 0.232579
3156 0.194370
3157 0.179476
3158 0.181612
3159 0.210318
3160 0.235367
3161 0.241060
3162 0.249658
3163 0.257605
3164 0.278181
3165 0.274165
3166 0.264040
3167 0.259204
3168 0.261411
3169 0.245467
3170 0.193900
3171 0.191705
3172 0.202654
3173 0.230314
3174 0.251633
3175 0.249822
3176 0.247294
3177 0.244900
3178 0.267524
3179 0.276126
3180 0.259276
3181 0.264538
3182 0.250631
3183 0.250395
3184 0.229918
3185 0.211888
3186 0.221577
3187 0.221798
3188 0.210493
3189 0.195469
3190 0.218968
3191 0.239439
3192 0.241204
3193 0.228114
3194 0.217518
3195 0.255703
3196 0.319811
3197 0.317788
3198 0.284680
3199 0.236550
3200 0.235990
3201 0.248615
3202 0.248932
3203 0.244511
3204 0.218451
3205 0.200159
3206 0.190478
3207 0.176143
3208 0.176331
3209 0.191906
3210 0.229065
3211 0.240457
3212 0.215267
3213 0.185249
3214 0.202657
3215 0.226080
3216 0.249746
3217 0.244105
3218 0.243441
3219 0.261407
3220 0.278025
3221 0.246143
3222 0.229906
3223 0.233132
3224 0.240074
3225 0.238109
3226 0.201983
3227 0.178069
3228 0.177284
3229 0.198796
3230 0.207020
3231 0.219333
3232 0.225601
3233 0.268474
3234 0.265897
3235 0.236050
3236 0.211234
3237 0.200031
3238 0.202767
3239 0.194589
3240 0.171396
3241 0.171941
3242 0.158830
3243 0.166014
3244 0.182743
3245 0.232510
3246 0.265646
3247 0.285208
3248 0.252908
3249 0.217693
3250 0.185293
3251 0.191203
3252 0.194498
3253 0.193070
3254 0.163555
3255 0.148954
3256 0.149848
3257 0.161029
3258 0.179812
3259 0.182388
3260 0.190210
3261 0.193429
3262 0.180380
3263 0.167072
3264 0.149881
3265 0.157787
3266 0.193771
3267 0.216693
3268 0.214414
3269 0.190767
3270 0.182674
3271 0.195468
3272 0.203430
3273 0.189381
3274 0.176804
3275 0.146748
3276 0.133566
3277 0.122815
3278 0.132169
3279 0.143244
3280 0.180233
3281 0.192083
3282 0.191131
3283 0.173186
3284 0.146365
3285 0.134458
3286 0.121667
3287 0.119241
3288 0.127380
3289 0.147424
3290 0.172481
3291 0.171352
3292 0.162306
3293 0.155929
3294 0.143456
3295 0.141277
3296 0.134172
3297 0.144766
3298 0.162199
3299 0.152528
3300 0.131431
3301 0.119882
3302 0.131662
3303 0.152286
3304 0.160731
3305 0.168720
3306 0.167276
3307 0.162748
3308 0.153619
3309 0.136533
3310 0.134223
3311 0.141430
3312 0.124867
3313 0.104221
3314 0.099634
3315 0.119838
3316 0.155646
3317 0.177010
3318 0.167218
3319 0.138181
3320 0.124338
3321 0.129646
3322 0.141033
3323 0.166865
3324 0.158156
3325 0.145305
3326 0.143740
3327 0.155742
3328 0.164314
3329 0.151398
3330 0.163664
3331 0.169928
3332 0.162409
3333 0.149543
3334 0.131685
3335 0.138641
3336 0.146590
3337 0.148485
3338 0.155871
3339 0.154737
3340 0.150310
3341 0.152269
3342 0.147408
3343 0.158936
3344 0.167587
3345 0.181285
3346 0.183232
3347 0.168566
3348 0.174529
3349 0.180671
3350 0.180311
3351 0.164445
3352 0.132660
3353 0.121039
3354 0.126963
3355 0.151429
3356 0.156024
3357 0.149477
3358 0.151610
3359 0.156551
3360 0.136312
3361 0.121973
3362 0.117639
3363 0.111977
3364 0.115794
3365 0.117306
3366 0.115117
3367 0.114332
3368 0.115762
3369 0.110618
3370 0.109825
3371 0.108424
3372 0.135095
3373 0.168693
3374 0.177097
3375 0.174180
3376 0.162776
3377 0.155042
3378 0.137560
3379 0.112606
3380 0.097239
3381 0.095936
3382 0.103560
3383 0.124674
3384 0.141208
3385 0.157083
3386 0.161414
3387 0.141597
3388 0.117396
3389 0.119845
3390 0.130783
3391 0.138339
3392 0.124043
3393 0.108150
3394 0.106201
3395 0.116264
3396 0.134521
3397 0.143560
3398 0.134449
3399 0.133358
3400 0.130355
3401 0.125144
3402 0.129527
3403 0.133721
3404 0.132334
3405 0.119626
3406 0.106461
3407 0.109567
3408 0.122460
3409 0.130617
3410 0.116793
3411 0.112770
3412 0.105874
3413 0.108113
3414 0.120108
3415 0.124297
3416 0.120541
3417 0.108775
3418 0.113413
3419 0.109790
3420 0.101615
3421 0.097861
3422 0.094729
3423 0.098500
3424 0.107188
3425 0.115096
3426 0.118981
3427 0.119056
3428 0.114429
3429 0.107426
3430 0.094146
3431 0.102865
3432 0.119936
3433 0.127028
3434 0.126706
3435 0.105869
3436 0.093116
3437 0.086409
3438 0.083222
3439 0.092030
3440 0.102832
3441 0.110750
3442 0.120982
3443 0.110583
3444 0.085057
3445 0.073303
3446 0.069844
3447 0.081370
3448 0.085732
3449 0.087837
3450 0.082795
3451 0.080683
3452 0.083213
3453 0.099647
3454 0.109744
3455 0.098529
3456 0.081905
3457 0.070013
3458 0.069700
3459 0.075394
3460 0.083833
3461 0.087743
3462 0.083049
3463 0.078121
3464 0.082027
3465 0.090150
3466 0.094468
3467 0.093398
3468 0.086947
3469 0.075501
3470 0.067785
3471 0.059717
3472 0.062778
3473 0.065964
3474 0.069862
3475 0.070646
3476 0.064950
3477 0.070184
3478 0.073365
3479 0.081830
3480 0.086895
3481 0.089169
3482 0.085115
3483 0.079586
3484 0.071480
3485 0.067177
3486 0.064141
3487 0.073986
3488 0.078874
3489 0.073816
3490 0.065768
3491 0.054731
3492 0.052252
3493 0.052575
3494 0.054503
3495 0.061374
3496 0.064170
3497 0.061518
3498 0.064196
3499 0.067659
3500 0.072339
3501 0.076465
3502 0.077358
3503 0.080396
3504 0.074931
3505 0.070864
3506 0.061705
3507 0.059623
3508 0.059189
3509 0.066843
3510 0.065806
3511 0.065588
3512 0.058710
3513 0.060014
3514 0.063793
3515 0.065740
3516 0.070326
3517 0.076166
3518 0.071124
3519 0.060780
3520 0.053543
3521 0.054865
3522 0.063443
3523 0.072795
3524 0.074931
3525 0.063151
3526 0.061161
3527 0.058467
3528 0.066042
3529 0.070365
3530 0.068714
3531 0.069527
3532 0.062996
3533 0.052034
3534 0.047290
3535 0.048004
3536 0.063420
3537 0.067777
3538 0.069599
3539 0.057354
3540 0.049733
3541 0.053110
3542 0.056354
3543 0.063275
3544 0.064121
3545 0.063850
3546 0.063872
3547 0.058428
3548 0.047624
3549 0.046973
3550 0.047023
3551 0.054693
3552 0.060709
3553 0.063429
3554 0.061530
3555 0.059348
3556 0.051382
3557 0.052312
3558 0.050591
3559 0.052654
3560 0.049682
3561 0.047275
3562 0.048969
3563 0.051303
3564 0.058894
3565 0.062550
3566 0.058212
3567 0.057298
3568 0.056457
3569 0.055248
3570 0.046472
3571 0.040399
3572 0.039990
3573 0.044642
3574 0.050659
3575 0.057760
3576 0.052321
3577 0.049249
3578 0.051314
3579 0.053203
3580 0.052986
3581 0.051707
3582 0.047495
3583 0.045011
3584 0.039615
3585 0.036970
3586 0.042256
3587 0.051195
3588 0.053729
3589 0.045628
3590 0.038445
3591 0.039233
3592 0.042520
3593 0.044594
3594 0.042018
3595 0.038659
3596 0.034360
3597 0.035340
3598 0.036945
3599 0.041491
3600 0.042992
3601 0.042459
3602 0.040826
3603 0.035036
3604 0.037440
3605 0.037027
3606 0.035975
3607 0.035560
3608 0.032923
3609 0.033236
3610 0.036268
3611 0.038608
3612 0.040810
3613 0.040586
3614 0.040386
3615 0.040800
3616 0.038234
3617 0.032878
3618 0.032123
3619 0.029371
3620 0.030914
3621 0.030396
3622 0.029979
3623 0.028831
3624 0.032301
3625 0.033824
3626 0.036467
3627 0.035996
3628 0.038918
3629 0.038920
3630 0.041169
3631 0.043557
3632 0.043262
3633 0.041400
3634 0.039915
3635 0.036832
3636 0.038853
3637 0.038990
3638 0.040393
3639 0.041475
3640 0.038031
3641 0.037819
3642 0.037219
3643 0.036610
3644 0.035125
3645 0.030709
3646 0.031404
3647 0.031288
3648 0.032295
3649 0.035248
3650 0.034832
3651 0.031248
3652 0.033897
3653 0.037690
3654 0.044786
3655 0.037777
3656 0.030638
3657 0.028997
3658 0.031469
3659 0.037077
3660 0.039965
3661 0.036363
3662 0.036099
3663 0.034988
3664 0.033559
3665 0.037461
3666 0.039826
3667 0.042949
3668 0.040040
3669 0.037267
3670 0.035563
3671 0.035980
3672 0.031734
3673 0.029996
3674 0.028892
3675 0.025992
3676 0.026932
3677 0.028856
3678 0.031863
3679 0.030026
3680 0.028831
3681 0.029070
3682 0.030622
3683 0.031883
3684 0.033241
3685 0.033910
3686 0.034086
3687 0.036372
3688 0.039545
3689 0.039182
3690 0.039928
3691 0.038697
3692 0.034037
3693 0.031238
3694 0.029857
3695 0.028833
3696 0.029211
3697 0.031962
3698 0.036916
3699 0.037689
3700 0.036899
3701 0.032390
3702 0.029829
3703 0.031152
3704 0.032837
3705 0.035256
3706 0.039080
3707 0.039212
3708 0.038821
3709 0.034809
3710 0.032085
3711 0.030335
3712 0.033026
3713 0.032653
3714 0.034216
3715 0.033806
3716 0.036513
3717 0.036375
3718 0.033207
3719 0.030956
3720 0.030828
3721 0.031372
3722 0.033282
3723 0.033664
3724 0.033042
3725 0.035048
3726 0.037540
3727 0.038943
3728 0.039569
3729 0.030202
3730 0.026907
3731 0.022445
3732 0.024476
3733 0.028797
3734 0.036406
3735 0.043395
3736 0.040867
3737 0.035051
3738 0.031880
3739 0.029640
3740 0.032030
3741 0.033523
3742 0.037639
3743 0.037044
3744 0.033404
3745 0.031647
3746 0.029838
3747 0.030864
3748 0.034725
3749 0.035253
3750 0.036900
3751 0.039622
3752 0.042275
3753 0.042647
3754 0.037904
3755 0.036766
3756 0.038089
3757 0.041062
3758 0.040396
3759 0.038565
3760 0.036775
3761 0.037368
3762 0.038357
3763 0.036590
3764 0.034508
3765 0.034845
3766 0.039578
3767 0.046342
3768 0.044939
3769 0.044639
3770 0.042276
3771 0.041152
3772 0.044101
3773 0.044252
3774 0.046546
3775 0.047483
3776 0.050507
3777 0.048527
3778 0.039596
3779 0.036034
3780 0.031225
3781 0.033918
3782 0.035765
3783 0.037696
3784 0.040265
3785 0.041944
3786 0.040194
3787 0.038136
3788 0.037672
3789 0.042386
3790 0.044014
3791 0.039310
3792 0.034802
3793 0.034239
3794 0.036637
3795 0.044880
3796 0.046962
3797 0.043948
3798 0.037518
3799 0.034778
3800 0.036302
3801 0.042562
3802 0.046384
3803 0.044466
3804 0.035208
3805 0.030883
3806 0.028371
3807 0.027470
3808 0.027521
3809 0.031432
3810 0.038270
3811 0.047856
3812 0.046255
3813 0.039287
3814 0.033515
3815 0.036180
3816 0.038876
3817 0.037755
3818 0.029834
3819 0.027988
3820 0.026404
3821 0.028131
3822 0.029086
3823 0.031601
3824 0.031522
3825 0.028289
3826 0.024548
3827 0.021982
3828 0.021161
3829 0.023964
3830 0.024570
3831 0.028351
3832 0.029669
3833 0.030139
3834 0.030082
3835 0.028479
3836 0.025811
3837 0.025201
3838 0.027592
3839 0.028630
3840 0.029776
3841 0.028569
3842 0.027168
3843 0.027391
3844 0.025603
3845 0.025062
3846 0.024335
3847 0.023311
3848 0.024600
3849 0.023015
3850 0.026578
3851 0.026370
3852 0.024797
3853 0.022924
3854 0.020001
3855 0.021765
3856 0.025248
3857 0.025276
3858 0.026368
3859 0.024497
3860 0.024941
3861 0.022793
3862 0.020615
3863 0.018895
3864 0.018652
3865 0.020196
3866 0.022165
3867 0.022281
3868 0.025520
3869 0.026624
3870 0.026166
3871 0.025009
3872 0.020613
3873 0.017956
3874 0.018104
3875 0.019206
3876 0.021785
3877 0.020935
3878 0.020072
3879 0.019459
3880 0.017884
3881 0.018516
3882 0.019084
3883 0.022327
3884 0.023888
3885 0.023925
3886 0.024288
3887 0.020953
3888 0.020591
3889 0.018652
3890 0.016520
3891 0.014960
3892 0.014900
3893 0.016234
3894 0.019526
3895 0.024359
3896 0.026013
3897 0.023335
3898 0.020500
3899 0.021055
3900 0.023579
3901 0.025916
3902 0.025436
3903 0.024505
3904 0.023508
3905 0.021563
3906 0.019864
3907 0.020437
3908 0.019876
3909 0.020858
3910 0.020503
3911 0.020856
3912 0.021124
3913 0.021406
3914 0.021659
3915 0.021344
3916 0.022904
3917 0.022810
3918 0.022928
3919 0.023014
3920 0.022725
3921 0.023945
3922 0.026569
3923 0.029327
3924 0.030902
3925 0.026647
3926 0.024014
3927 0.022146
3928 0.021898
3929 0.022847
3930 0.023449
3931 0.025312
3932 0.024155
3933 0.024938
3934 0.028072
3935 0.030180
3936 0.029918
3937 0.027817
3938 0.023153
3939 0.022244
3940 0.025437
3941 0.028076
3942 0.029791
3943 0.028368
3944 0.027101
3945 0.027065
3946 0.028344
3947 0.029159
3948 0.027355
3949 0.026529
3950 0.026494
3951 0.029740
3952 0.028521
3953 0.027527
3954 0.023235
3955 0.022006
3956 0.021447
3957 0.020715
3958 0.019784
3959 0.021173
3960 0.024316
3961 0.026604
3962 0.029669
3963 0.028437
3964 0.026950
3965 0.024169
3966 0.022729
3967 0.022849
3968 0.024385
3969 0.022835
3970 0.022543
3971 0.020243
3972 0.021796
3973 0.024812
3974 0.027465
3975 0.027384
3976 0.024325
3977 0.019839
3978 0.018246
3979 0.018684
3980 0.019311
3981 0.018272
3982 0.019816
3983 0.019601
3984 0.020332
3985 0.020139
3986 0.022378
3987 0.023721
3988 0.023984
3989 0.023696
3990 0.023085
3991 0.024521
3992 0.024125
3993 0.022918
3994 0.020753
3995 0.019775
3996 0.018704
3997 0.018802
3998 0.019968
3999 0.021597
4000 0.022308
4001 0.023884
4002 0.023878
4003 0.023147
4004 0.022291
4005 0.018632
4006 0.020993
4007 0.022894
4008 0.026729
4009 0.026379
4010 0.024766
4011 0.024315
4012 0.024210
4013 0.023949
4014 0.021745
4015 0.020119
4016 0.019751
4017 0.022549
4018 0.024368
4019 0.024318
4020 0.022826
4021 0.022335
4022 0.023123
4023 0.022993
4024 0.024187
4025 0.022859
4026 0.025781
4027 0.029052
4028 0.031176
4029 0.028694
4030 0.023109
4031 0.020190
4032 0.018468
4033 0.019545
4034 0.021672
4035 0.024539
4036 0.025238
4037 0.025076
4038 0.024121
4039 0.023593
4040 0.024048
4041 0.023547
4042 0.023122
4043 0.021460
4044 0.021285
4045 0.021890
4046 0.021812
4047 0.020909
4048 0.020080
4049 0.019402
4050 0.018846
4051 0.021817
4052 0.024870
4053 0.026422
4054 0.023411
4055 0.019845
4056 0.018602
4057 0.019368
4058 0.023670
4059 0.026604
4060 0.025743
4061 0.022779
4062 0.020220
4063 0.018814
4064 0.019005
4065 0.021787
4066 0.022474
4067 0.021766
4068 0.020734
4069 0.018027
4070 0.016881
4071 0.017614
4072 0.019871
4073 0.021438
4074 0.022687
4075 0.025602
4076 0.026476
4077 0.024779
4078 0.023167
4079 0.020977
4080 0.021026
4081 0.019949
4082 0.018279
4083 0.018587
4084 0.018042
4085 0.020418
4086 0.023318
4087 0.022726
4088 0.019397
4089 0.015866
4090 0.016577
4091 0.018727
4092 0.020882
4093 0.025618
4094 0.026675
4095 0.026135
4096 0.023652
4097 0.020490
4098 0.018824
4099 0.017242
4100 0.017626
4101 0.019228
4102 0.021988
4103 0.021337
4104 0.017801
4105 0.015015
4106 0.014180
4107 0.015002
4108 0.017419
4109 0.019228
4110 0.019180
4111 0.018281
4112 0.016154
4113 0.015174
4114 0.014887
4115 0.016414
4116 0.017569
4117 0.017337
4118 0.018157
4119 0.019934
4120 0.020273
4121 0.019905
4122 0.018676
4123 0.017228
4124 0.015555
4125 0.014444
4126 0.014166
4127 0.014057
4128 0.014968
4129 0.015736
4130 0.016460
4131 0.016890
4132 0.017529
4133 0.017847
4134 0.018007
4135 0.017469
4136 0.015590
4137 0.014770
4138 0.016666
4139 0.016527
4140 0.016069
4141 0.014078
4142 0.014693
4143 0.013915
4144 0.015321
4145 0.015637
4146 0.015357
4147 0.016241
4148 0.015311
4149 0.016101
4150 0.015335
4151 0.016166
4152 0.015280
4153 0.013378
4154 0.011917
4155 0.011730
4156 0.013138
4157 0.014404
4158 0.014273
4159 0.014949
4160 0.016142
4161 0.017079
4162 0.017725
4163 0.016293
4164 0.015479
4165 0.014504
4166 0.014405
4167 0.017246
4168 0.018851
4169 0.019277
4170 0.016398
4171 0.015711
4172 0.014168
4173 0.013512
4174 0.012079
4175 0.012206
4176 0.013572
4177 0.015318
4178 0.015736
4179 0.014412
4180 0.012480
4181 0.011018
4182 0.011670
4183 0.013173
4184 0.014935
4185 0.016719
4186 0.016667
4187 0.017174
4188 0.016015
4189 0.016542
4190 0.015063
4191 0.012308
4192 0.010461
4193 0.009762
4194 0.010440
4195 0.012271
4196 0.013585
4197 0.011611
4198 0.010775
4199 0.010333
4200 0.011066
4201 0.011589
4202 0.012606
4203 0.014699
4204 0.015795
4205 0.016090
4206 0.015229
4207 0.013489
4208 0.013385
4209 0.011795
4210 0.011279
4211 0.009960
4212 0.010252
4213 0.010409
4214 0.009989
4215 0.010234
4216 0.010150
4217 0.011153
4218 0.011360
4219 0.012003
4220 0.011610
4221 0.011213
4222 0.011216
4223 0.010730
4224 0.011216
4225 0.009397
4226 0.007736
4227 0.006921
4228 0.007179
4229 0.009240
4230 0.010223
4231 0.011660
4232 0.011526
4233 0.011005
4234 0.010590
4235 0.009078
4236 0.008687
4237 0.007184
4238 0.007322
4239 0.008134
4240 0.008907
4241 0.009297
4242 0.008508
4243 0.007498
4244 0.006934
4245 0.007550
4246 0.008434
4247 0.008572
4248 0.009066
4249 0.009427
4250 0.009383
4251 0.008929
4252 0.008406
4253 0.007313
4254 0.006749
4255 0.006363
4256 0.007404
4257 0.007676
4258 0.007650
4259 0.006318
4260 0.006111
4261 0.005260
4262 0.005235
4263 0.006258
4264 0.006775
4265 0.007594
4266 0.007333
4267 0.006921
4268 0.006665
4269 0.007023
4270 0.006896
4271 0.006425
4272 0.005944
4273 0.005786
4274 0.006046
4275 0.006530
4276 0.006312
4277 0.005238
4278 0.004348
4279 0.003847
4280 0.003948
4281 0.004136
4282 0.004421
4283 0.005240
4284 0.006059
4285 0.006160
4286 0.005877
4287 0.005019
4288 0.004374
4289 0.004213
4290 0.005031
4291 0.005364
4292 0.005568
4293 0.004869
4294 0.004273
4295 0.003517
4296 0.003305
4297 0.003581
4298 0.003678
4299 0.003796
4300 0.003936
4301 0.003772
4302 0.003647
4303 0.003449
4304 0.003350
4305 0.003506
4306 0.003752
4307 0.003979
4308 0.004447
4309 0.004930
4310 0.004606
4311 0.003999
4312 0.003121
4313 0.002817
4314 0.002858
4315 0.003005
4316 0.002915
4317 0.002945
4318 0.003063
4319 0.003419
4320 0.003796
4321 0.003603
4322 0.003200
4323 0.002589
4324 0.002814
4325 0.002972
4326 0.003311
4327 0.003569
4328 0.003400
4329 0.003593
4330 0.003945
4331 0.004141
4332 0.003629
4333 0.003570
4334 0.003622
4335 0.003805
4336 0.003838
4337 0.003832
4338 0.003549
4339 0.003456
4340 0.003068
4341 0.002982
4342 0.002906
4343 0.002992
4344 0.002953
4345 0.002722
4346 0.002945
4347 0.003013
4348 0.003282
4349 0.003240
4350 0.003285
4351 0.002957
4352 0.003124
4353 0.003454
4354 0.003688
4355 0.004285
4356 0.004623
4357 0.004454
4358 0.003767
4359 0.003081
4360 0.002786
4361 0.002351
4362 0.002516
4363 0.003005
4364 0.003533
4365 0.004194
4366 0.004235
4367 0.003987
4368 0.003438
4369 0.003352
4370 0.003001
4371 0.003083
4372 0.003103
4373 0.003243
4374 0.003247
4375 0.003288
4376 0.003138
4377 0.003025
4378 0.002858
4379 0.002741
4380 0.002670
4381 0.002828
4382 0.002967
4383 0.003025
4384 0.002695
4385 0.002517
4386 0.002345
4387 0.002420
4388 0.002686
4389 0.002694
4390 0.002887
4391 0.003073
4392 0.002968
4393 0.002665
4394 0.002244
4395 0.002524
4396 0.002857
4397 0.002968
4398 0.002665
4399 0.002395
4400 0.002439
4401 0.002337
4402 0.002439
4403 0.002754
4404 0.002887
4405 0.002993
4406 0.002509
4407 0.002487
4408 0.002224
4409 0.002184
4410 0.002023
4411 0.002098
4412 0.002394
4413 0.002419
4414 0.002536
4415 0.002555
4416 0.002410
4417 0.002593
4418 0.002687
4419 0.002850
4420 0.002832
4421 0.002894
4422 0.002409
4423 0.002032
4424 0.001835
4425 0.001870
4426 0.001953
4427 0.001996
4428 0.001869
4429 0.001976
4430 0.001958
4431 0.002167
4432 0.002048
4433 0.002171
4434 0.002704
4435 0.003033
4436 0.003072
4437 0.002598
4438 0.002244
4439 0.002291
4440 0.002496
4441 0.002872
4442 0.002785
4443 0.002305
4444 0.001994
4445 0.002007
4446 0.002293
4447 0.002269
4448 0.002223
4449 0.001977
4450 0.001879
4451 0.001895
4452 0.002134
4453 0.002409
4454 0.002348
4455 0.002649
4456 0.002692
4457 0.002700
4458 0.002400
4459 0.002002
4460 0.001874
4461 0.002059
4462 0.002263
4463 0.002293
4464 0.002359
4465 0.002315
4466 0.002290
4467 0.002094
4468 0.001909
4469 0.001902
4470 0.002009
4471 0.002341
4472 0.002499
4473 0.002529
4474 0.002615
4475 0.002699
4476 0.002673
4477 0.002347
4478 0.002407
4479 0.002300
4480 0.002391
4481 0.002406
4482 0.002306
4483 0.002244
4484 0.002219
4485 0.002134
4486 0.002214
4487 0.002290
4488 0.002353
4489 0.002364
4490 0.002724
4491 0.002948
4492 0.002795
4493 0.002394
4494 0.002097
4495 0.002129
4496 0.002070
4497 0.002296
4498 0.002275
4499 0.002073
4500 0.002100
4501 0.002330
4502 0.002600
4503 0.002533
4504 0.002564
4505 0.002857
4506 0.003060
4507 0.003026
4508 0.002618
4509 0.002168
4510 0.002147
4511 0.002405
4512 0.002543
4513 0.002414
4514 0.002302
4515 0.002136
4516 0.002121
4517 0.002084
4518 0.002168
4519 0.002433
4520 0.002593
4521 0.002610
4522 0.002504
4523 0.002728
4524 0.002500
4525 0.002551
4526 0.002514
4527 0.002848
4528 0.002728
4529 0.002855
4530 0.002489
4531 0.002239
4532 0.002221
4533 0.002204
4534 0.002404
4535 0.002259
4536 0.002282
4537 0.002338
4538 0.002372
4539 0.002311
4540 0.002233
4541 0.002410
4542 0.003032
4543 0.003612
4544 0.003788
4545 0.002956
4546 0.002441
4547 0.002159
4548 0.002144
4549 0.002320
4550 0.002248
4551 0.002246
4552 0.001999
4553 0.002031
4554 0.002245
4555 0.002498
4556 0.002566
4557 0.002396
4558 0.002345
4559 0.002479
4560 0.002626
4561 0.002291
4562 0.002573
4563 0.002669
4564 0.003318
4565 0.003555
4566 0.003267
4567 0.002925
4568 0.002627
4569 0.002637
4570 0.002697
4571 0.002861
4572 0.002705
4573 0.002425
4574 0.002290
4575 0.002287
4576 0.002256
4577 0.002129
4578 0.002429
4579 0.002711
4580 0.003118
4581 0.003229
4582 0.003083
4583 0.002785
4584 0.002682
4585 0.002655
4586 0.002421
4587 0.002318
4588 0.002507
4589 0.002554
4590 0.002718
4591 0.002626
4592 0.002593
4593 0.002920
4594 0.003262
4595 0.003463
4596 0.003346
4597 0.003049
4598 0.002714
4599 0.002544
4600 0.002688
4601 0.002499
4602 0.002610
4603 0.002354
4604 0.002456
4605 0.002665
4606 0.003045
4607 0.003157
4608 0.003373
4609 0.003321
4610 0.003280
4611 0.002982
4612 0.003004
4613 0.003085
4614 0.003387
4615 0.003272
4616 0.003060
4617 0.002837
4618 0.002656
4619 0.002905
4620 0.002845
4621 0.002972
4622 0.003122
4623 0.003015
4624 0.002915
4625 0.002915
4626 0.003148
4627 0.003359
4628 0.003848
4629 0.004254
4630 0.004124
4631 0.003854
4632 0.003525
4633 0.003864
4634 0.003873
4635 0.003771
4636 0.003542
4637 0.003057
4638 0.002537
4639 0.002574
4640 0.003076
4641 0.004067
4642 0.004240
4643 0.004394
4644 0.003968
4645 0.003890
4646 0.003587
4647 0.003378
4648 0.003144
4649 0.003289
4650 0.003676
4651 0.004934
4652 0.005597
4653 0.005493
4654 0.004617
4655 0.003754
4656 0.003270
4657 0.003559
4658 0.003922
4659 0.004345
4660 0.004448
4661 0.004431
4662 0.004523
4663 0.004585
4664 0.004916
4665 0.005397
4666 0.006043
4667 0.005959
4668 0.006226
4669 0.006034
4670 0.005160
4671 0.004534
4672 0.004277
4673 0.005068
4674 0.005941
4675 0.006079
4676 0.005965
4677 0.005186
4678 0.004649
4679 0.005186
4680 0.005540
4681 0.006359
4682 0.005857
4683 0.005944
4684 0.005099
4685 0.005129
4686 0.004880
4687 0.005720
4688 0.006507
4689 0.007119
4690 0.006587
4691 0.006020
4692 0.005230
4693 0.005295
4694 0.005915
4695 0.006550
4696 0.007331
4697 0.007916
4698 0.008194
4699 0.007348
4700 0.007347
4701 0.007070
4702 0.006806
4703 0.006429
4704 0.005820
4705 0.005948
4706 0.005676
4707 0.005880
4708 0.006435
4709 0.006838
4710 0.006349
4711 0.006823
4712 0.007437
4713 0.007098
4714 0.006851
4715 0.006601
4716 0.006672
4717 0.008055
4718 0.008977
4719 0.008535
4720 0.006976
4721 0.007015
4722 0.007742
4723 0.007722
4724 0.008197
4725 0.007437
4726 0.007046
4727 0.006469
4728 0.006910
4729 0.006562
4730 0.006279
4731 0.005191
4732 0.005581
4733 0.006171
4734 0.006499
4735 0.007044
4736 0.007298
4737 0.008348
4738 0.008740
4739 0.008517
4740 0.008716
4741 0.007761
4742 0.008193
4743 0.008173
4744 0.008109
4745 0.007486
4746 0.006709
4747 0.005975
4748 0.005675
4749 0.005408
4750 0.005780
4751 0.006777
4752 0.006916
4753 0.007025
4754 0.006794
4755 0.007147
4756 0.007650
4757 0.007560
4758 0.007111
4759 0.006732
4760 0.006765
4761 0.007366
4762 0.006762
4763 0.005991
4764 0.005572
4765 0.005890
4766 0.006830
4767 0.007255
4768 0.006488
4769 0.005527
4770 0.006015
4771 0.006439
4772 0.006579
4773 0.006235
4774 0.005844
4775 0.006106
4776 0.006460
4777 0.006650
4778 0.006940
4779 0.006419
4780 0.005628
4781 0.005377
4782 0.005222
4783 0.005489
4784 0.005237
4785 0.005347
4786 0.004638
4787 0.005117
4788 0.005194
4789 0.005858
4790 0.005405
4791 0.005108
4792 0.005269
4793 0.005035
4794 0.004859
4795 0.004502
4796 0.004743
4797 0.005805
4798 0.006282
4799 0.005690
4800 0.005106
4801 0.004442
4802 0.004559
4803 0.004451
4804 0.004568
4805 0.005105
4806 0.005552
4807 0.005562
4808 0.005062
4809 0.004658
4810 0.004315
4811 0.004414
4812 0.004422
4813 0.004730
4814 0.005042
4815 0.004770
4816 0.004228
4817 0.003929
4818 0.004058
4819 0.004317
4820 0.004911
4821 0.005321
4822 0.005168
4823 0.004748
4824 0.005819
4825 0.005807
4826 0.006238
4827 0.005938
4828 0.005157
4829 0.004707
4830 0.004596
4831 0.004998
4832 0.005592
4833 0.005445
4834 0.004860
4835 0.004562
4836 0.004631
4837 0.004749
4838 0.004832
4839 0.004662
4840 0.005185
4841 0.005034
4842 0.004755
4843 0.004698
4844 0.004803
4845 0.005482
4846 0.005929
4847 0.005586
4848 0.004883
4849 0.004694
4850 0.004839
4851 0.005085
4852 0.004988
4853 0.004880
4854 0.004115
4855 0.003676
4856 0.003772
4857 0.004219
4858 0.003985
4859 0.003679
4860 0.003645
4861 0.003977
4862 0.004425
4863 0.004155
4864 0.004001
4865 0.004367
4866 0.004878
4867 0.005425
4868 0.004993
4869 0.004641
4870 0.004646
4871 0.004536
4872 0.004867
4873 0.004766
4874 0.004367
4875 0.004209
4876 0.004504
4877 0.004202
4878 0.003326
4879 0.002933
4880 0.003262
4881 0.003859
4882 0.003974
4883 0.003867
4884 0.003539
4885 0.003509
4886 0.003514
4887 0.003791
4888 0.003939
4889 0.003746
4890 0.003785
4891 0.003370
4892 0.003651
4893 0.003612
4894 0.003822
4895 0.003805
4896 0.003943
4897 0.004107
4898 0.003818
4899 0.003798
4900 0.003440
4901 0.003266
4902 0.003641
4903 0.003941
4904 0.004140
4905 0.003705
4906 0.003836
4907 0.003507
4908 0.003048
4909 0.002927
4910 0.002893
4911 0.003330
4912 0.003861
4913 0.003724
4914 0.003356
4915 0.003417
4916 0.003651
4917 0.004185
4918 0.004651
4919 0.004223
4920 0.003658
4921 0.003217
4922 0.003030
4923 0.003094
4924 0.003166
4925 0.003346
4926 0.003368
4927 0.003478
4928 0.003438
4929 0.003340
4930 0.003048
4931 0.003128
4932 0.003850
4933 0.003989
4934 0.004257
4935 0.004073
4936 0.004308
4937 0.003625
4938 0.003275
4939 0.003309
4940 0.003311
4941 0.003460
4942 0.003740
4943 0.003755
4944 0.003728
4945 0.003690
4946 0.003513
4947 0.003133
4948 0.002568
4949 0.002697
4950 0.003388
4951 0.004106
4952 0.004745
4953 0.004396
4954 0.004378
4955 0.004027
4956 0.004709
4957 0.005097
4958 0.005293
4959 0.004945
4960 0.004107
4961 0.003744
4962 0.003552
4963 0.003328
4964 0.003648
4965 0.004262
4966 0.005127
4967 0.004724
4968 0.004896
4969 0.004706
4970 0.005210
4971 0.005071
4972 0.004892
4973 0.005224
4974 0.005494
4975 0.005512
4976 0.004635
4977 0.004800
4978 0.004614
4979 0.005593
4980 0.005999
4981 0.007046
4982 0.007146
4983 0.006291
4984 0.005761
4985 0.005201
4986 0.005166
4987 0.004518
4988 0.004909
4989 0.005501
4990 0.006288
4991 0.007051
4992 0.007957
4993 0.008003
4994 0.008008
4995 0.009152
4996 0.009285
4997 0.009194
4998 0.007671
4999 0.007684
