#ite residual of spi/index_2_1.txt
1 57.931428255
2 39.966260100
3 40.821207104
4 42.131848335
5 42.564584911
6 43.731823230
7 44.414631585
8 44.809421676
9 44.154052852
10 44.525265714
11 46.338415746
12 44.587677532
13 44.269270547
14 45.835240645
15 45.621835438
16 44.508562733
17 44.284734321
18 44.569666575
19 44.046348450
20 43.476704818
21 43.333612722
22 42.238998381
23 42.081993174
24 42.087500805
25 41.430895020
26 42.217314824
27 41.808040414
28 41.652133946
29 41.998759445
30 41.922221048
31 42.512261264
32 43.600730989
33 43.050979146
34 43.067414739
35 43.297490110
36 43.001988258
37 42.875353306
38 42.808008248
39 43.408785865
40 43.356642851
41 42.707759835
42 42.738632899
43 42.112092786
44 42.528515600
45 42.706433483
46 42.099333657
47 43.484943736
48 43.968905874
49 43.322706382
50 42.955531868
51 42.963565276
52 42.410908798
53 41.676172992
54 40.620683530
55 40.835722269
56 41.474239721
57 40.624221813
58 40.436976688
59 40.404054441
60 40.451984660
61 39.922835792
62 39.958678022
63 41.102894197
64 40.968204504
65 40.166839043
66 40.243451427
67 41.320537934
68 41.983125573
69 42.228605696
70 43.147842369
71 44.643851356
72 44.512570983
73 44.500631804
74 44.193273956
75 44.439795624
76 44.606189145
77 43.996474026
78 44.080133746
79 44.190890688
80 44.348335918
81 43.983390177
82 44.369506673
83 45.249755627
84 45.164570032
85 46.481895249
86 46.162150946
87 47.138854655
88 47.336743619
89 46.013013414
90 46.077820982
91 46.997807051
92 47.219462470
93 46.096972976
94 46.554745656
95 47.123679346
96 47.366989345
97 48.512282503
98 49.444092522
99 50.507969626
100 50.531234206
101 51.132661761
102 52.230688936
103 52.500895959
104 51.932253847
105 51.718969511
106 52.959084577
107 53.470438205
108 52.915893069
109 53.563297623
110 53.597957760
111 53.283641860
112 54.248191091
113 56.049231933
114 55.661634889
115 55.258365613
116 55.649952409
117 55.779458236
118 55.367085722
119 55.906220792
120 56.000211228
121 56.356333160
122 56.143787533
123 56.411450833
124 57.914325099
125 57.699275357
126 57.878449290
127 58.856931844
128 58.771477343
129 58.914252462
130 60.368168840
131 60.909173663
132 61.800952662
133 60.509814688
134 60.610379927
135 60.029659202
136 58.790787140
137 57.270649376
138 57.228293935
139 56.493651181
140 56.760952102
141 57.943252207
142 57.626240372
143 58.220360016
144 58.494349388
145 58.467039066
146 58.184264247
147 57.595408637
148 57.321120218
149 57.391204383
150 57.716273850
151 57.036347809
152 57.201006922
153 57.575044182
154 57.760580353
155 57.386332183
156 59.298641417
157 60.576349490
158 60.323864021
159 59.681107897
160 59.858470095
161 58.436740641
162 58.643581926
163 58.406620398
164 56.372272735
165 55.874080090
166 56.027755558
167 54.995522106
168 54.971851269
169 55.193216448
170 55.549821964
171 56.276019247
172 57.253365576
173 59.654416790
174 58.511170754
175 57.572062374
176 58.007136796
177 57.264656240
178 57.075580736
179 57.033246919
180 57.088429425
181 56.830650380
182 57.206346672
183 57.130927928
184 57.007653866
185 56.772270461
186 56.855863944
187 57.199342835
188 57.481329426
189 57.435552677
190 57.009571148
191 56.839279287
192 57.236584999
193 57.841986384
194 57.993215234
195 57.968427512
196 58.971933799
197 59.461587239
198 58.610373678
199 57.918858370
200 58.309620394
201 59.023116555
202 58.828472584
203 59.244046920
204 59.174578820
205 60.392782896
206 61.128468811
207 60.075749372
208 59.721803689
209 60.143060995
210 59.182578804
211 57.927787310
212 58.386090226
213 57.549253144
214 56.700315296
215 57.578370995
216 57.830181067
217 56.151175555
218 56.692598414
219 56.227466018
220 57.204870684
221 58.142735374
222 58.196807271
223 58.395929739
224 58.725697180
225 58.591994432
226 58.074451131
227 58.772801158
228 59.943999538
229 59.405438336
230 58.682680208
231 59.617560745
232 58.940900734
233 60.216354096
234 60.393506071
235 59.808153760
236 59.029527643
237 58.398324004
238 57.741432819
239 56.748894845
240 57.865989437
241 56.787513650
242 57.007549086
243 56.882366910
244 56.692978008
245 55.305524616
246 54.160549234
247 54.465783459
248 55.184763555
249 54.856136948
250 56.016739563
251 56.961215781
252 56.863353122
253 59.085893249
254 58.731722685
255 57.741113483
256 57.964156389
257 57.199278071
258 57.271830381
259 57.885148163
260 58.648635413
261 58.060357257
262 58.284720141
263 57.771408774
264 57.456333353
265 56.870542781
266 56.450748819
267 55.791527054
268 56.752705024
269 55.875524444
270 55.808096516
271 54.834577322
272 54.576097258
273 56.825623549
274 55.762964533
275 55.599945930
276 55.865214149
277 55.506402229
278 54.416771455
279 54.264611456
280 52.457435870
281 51.294768693
282 51.361197814
283 52.498976734
284 51.426169207
285 50.746372930
286 51.383387398
287 51.243301248
288 51.403097689
289 50.637352161
290 52.124864611
291 50.906221468
292 49.861086501
293 50.147206563
294 49.025039633
295 48.645303083
296 48.600799157
297 47.546076012
298 47.158713949
299 46.299207250
300 45.712142833
301 45.229390886
302 43.515339736
303 43.579864167
304 42.319203968
305 41.867273636
306 40.131285862
307 38.623853665
308 38.033211330
309 38.004818307
310 37.908032711
311 37.656584086
312 38.111593932
313 37.504433440
314 37.784877385
315 37.022271455
316 36.531293073
317 35.883852101
318 34.372723730
319 34.136383940
320 33.782331402
321 32.973549398
322 32.418366238
323 31.849084351
324 31.383232690
325 30.490838122
326 30.674442903
327 30.162394549
328 29.976770151
329 29.136599372
330 28.672377348
331 28.576757070
332 28.799397480
333 28.193959704
334 28.630071242
335 28.912280782
336 28.448311148
337 28.684543047
338 29.216687461
339 29.447719059
340 29.073560823
341 29.211122818
342 28.760749598
343 28.638136031
344 28.517856704
345 29.187211206
346 29.499411517
347 29.567306349
348 30.460220319
349 30.601572140
350 31.693723865
351 31.864891704
352 32.036279839
353 32.141983257
354 32.576659055
355 32.615454580
356 31.305700201
357 31.137080972
358 30.633999615
359 30.927499995
360 30.644232274
361 30.667417623
362 30.123377250
363 30.316237902
364 30.550897894
365 30.201835858
366 30.121521903
367 29.772818998
368 30.691213402
369 30.557094664
370 30.750482504
371 30.251779031
372 30.507207765
373 30.141502342
374 30.572629781
375 30.915224220
376 30.730220711
377 31.033690237
378 29.862585844
379 29.482419238
380 28.804956798
381 28.413832270
382 28.176944119
383 27.260325716
384 27.545960434
385 27.397511384
386 27.079173774
387 26.871336154
388 27.051119213
389 27.043148503
390 26.116710119
391 25.735830526
392 25.011121121
393 24.014682434
394 24.151010459
395 23.840715775
396 23.049579246
397 22.948958338
398 22.548835654
399 22.703260728
400 22.066202981
401 22.652341706
402 22.218998296
403 22.525943432
404 22.298357957
405 22.286647431
406 22.108596896
407 21.613445156
408 20.918879867
409 20.745080834
410 20.963491041
411 20.679560831
412 21.038270179
413 20.621360231
414 20.247379012
415 19.852199380
416 20.108564921
417 20.231216219
418 19.800077670
419 20.392301132
420 20.667816955
421 20.571990931
422 20.513008304
423 20.013987666
424 19.420205294
425 18.898987119
426 18.002792412
427 18.394353036
428 18.023307723
429 17.706173494
430 18.036871038
431 17.711719925
432 17.739277027
433 17.840583717
434 17.775160424
435 17.518313256
436 16.867915332
437 16.937491478
438 16.890005208
439 17.027778157
440 17.150948047
441 16.854153857
442 16.944815277
443 17.103543906
444 16.771039439
445 16.457750071
446 16.269912482
447 15.776442227
448 15.959062295
449 15.506739660
450 15.475127887
451 15.238373994
452 15.020070084
453 14.438843802
454 14.655017941
455 14.554498363
456 14.433991590
457 14.166999956
458 14.261112004
459 14.160601091
460 14.547737905
461 14.976994842
462 14.663282511
463 14.819533136
464 14.915429550
465 14.917604468
466 15.117177869
467 15.083260680
468 14.557328098
469 14.617165584
470 14.608363445
471 14.366996716
472 14.493359996
473 14.919457975
474 14.425211973
475 14.218800702
476 14.272070974
477 13.846393029
478 14.281746791
479 14.003043023
480 13.746746866
481 13.582654842
482 13.902075320
483 14.101161946
484 14.048838368
485 14.042826976
486 14.341395672
487 14.320859017
488 14.182216832
489 14.080347510
490 14.045165102
491 14.029299366
492 14.274633724
493 14.495148933
494 13.870789572
495 13.924771800
496 13.834790722
497 13.913590993
498 13.540353709
499 13.602198417
500 13.578818160
501 13.457314977
502 13.325866654
503 13.116995948
504 13.141466965
505 12.777294210
506 12.817438814
507 13.077007037
508 13.200721403
509 13.016171167
510 12.878733905
511 12.772830318
512 12.964595363
513 12.611374264
514 12.768288176
515 12.796209594
516 12.550483190
517 12.392100401
518 12.649031703
519 12.143670057
520 11.902216641
521 11.744946112
522 11.428077413
523 11.460209704
524 11.390830755
525 11.025658148
526 10.903026304
527 11.055532775
528 10.958376292
529 10.993495769
530 10.910566987
531 10.997164283
532 11.124718587
533 11.441472338
534 11.603686980
535 11.550562073
536 11.030698429
537 10.781513458
538 11.091237539
539 11.085723302
540 11.154675420
541 11.541623447
542 11.286640747
543 11.263840645
544 11.253394336
545 11.138572717
546 11.086073397
547 11.187595803
548 11.220478770
549 10.853389666
550 10.716317723
551 10.601915605
552 10.295572706
553 10.372406185
554 10.277583697
555 10.087784873
556 10.340456560
557 9.963729516
558 9.894939095
559 9.965463536
560 9.994469207
561 9.933776694
562 10.011423478
563 10.255489143
564 10.576122452
565 10.553977497
566 10.834179209
567 10.839127772
568 10.919342268
569 11.111905720
570 11.373969922
571 11.605835117
572 11.230229596
573 11.368200421
574 11.459506949
575 11.602811593
576 11.610533522
577 11.830554176
578 11.365758512
579 11.452692677
580 11.053522320
581 11.156481121
582 11.119463508
583 10.930055788
584 11.111075222
585 10.844285563
586 10.555278399
587 10.218384719
588 10.119218315
589 9.778084586
590 10.098676336
591 9.882609426
592 9.675798778
593 9.569606824
594 9.610299143
595 9.596668557
596 9.587220612
597 9.631309218
598 9.601049256
599 9.209750953
600 9.123517976
601 9.150893677
602 9.105156547
603 9.408067441
604 9.332966906
605 9.581195930
606 9.663207631
607 9.979698473
608 9.888651836
609 9.578700032
610 9.762365178
611 9.647553781
612 9.616257615
613 10.181006308
614 10.268924529
615 10.616823729
616 10.649551966
617 10.712231011
618 10.556741999
619 10.058979290
620 9.826644037
621 10.122836574
622 10.099881632
623 10.093792739
624 9.551172710
625 9.094599500
626 8.831369402
627 8.242243215
628 7.695991385
629 7.540185218
630 7.518989392
631 7.517934397
632 7.418808054
633 7.338374016
634 7.245253230
635 7.375210650
636 7.167101690
637 7.119294968
638 6.954505678
639 6.950328371
640 7.041664600
641 6.702991940
642 7.021043787
643 6.702192270
644 5.857778200
645 5.983322632
646 6.692716454
647 7.403307704
648 7.764336177
649 6.171031200
650 6.089853845
651 6.287080126
652 5.476906480
653 5.727736311
654 5.594226332
655 5.888826218
656 5.518350683
657 6.133389947
658 6.076210977
659 6.457784419
660 6.585737896
661 6.962226674
662 6.780286001
663 6.814776613
664 6.949633806
665 7.382789655
666 7.617249437
667 7.402532263
668 7.357217830
669 7.263801968
670 7.344638818
671 7.226006188
672 6.985965904
673 7.036929649
674 6.772058663
675 7.031689404
676 6.742230085
677 6.576069602
678 6.684895551
679 6.688463383
680 6.908614129
681 7.126694419
682 7.130676449
683 7.186523300
684 7.360399509
685 7.185551672
686 7.077113618
687 7.075600996
688 6.889171035
689 6.881408644
690 6.846739999
691 6.647395934
692 6.767371268
693 7.036744820
694 7.019027480
695 6.995703906
696 7.120367752
697 7.034440719
698 6.658953269
699 6.797576582
700 6.656549591
701 6.681322463
702 6.623705504
703 6.608590479
704 6.336254011
705 6.314999925
706 6.224118478
707 6.017805050
708 6.044363309
709 5.945592886
710 6.061168922
711 6.114656560
712 6.335241272
713 6.340116908
714 6.405096138
715 6.547880590
716 6.717534493
717 6.439952752
718 6.412436878
719 6.308817429
720 6.292585093
721 6.310675395
722 6.269379169
723 6.249377498
724 6.268990854
725 6.266629374
726 6.363526352
727 6.366164401
728 6.149508272
729 6.166000063
730 5.911919530
731 5.806595121
732 5.863007370
733 6.056046943
734 5.949124158
735 5.865593371
736 5.931553588
737 5.820596359
738 5.979850400
739 6.077215012
740 6.023995107
741 6.064096540
742 6.187700991
743 6.116873118
744 6.292733306
745 6.150355867
746 6.072733288
747 6.100109474
748 6.085951346
749 5.819511966
750 5.901418443
751 5.828549267
752 5.695568772
753 5.711745346
754 5.662076265
755 5.356827754
756 5.093722338
757 5.115479200
758 5.026566371
759 5.050821831
760 5.010876286
761 5.035202386
762 5.040511579
763 5.157782262
764 5.097262947
765 5.148810627
766 4.883746892
767 4.735548799
768 4.729403834
769 4.648960850
770 4.616418059
771 4.684588368
772 4.665091199
773 4.598344206
774 4.534472525
775 4.383511935
776 4.265480140
777 4.205465275
778 4.080193985
779 4.067801562
780 4.017777957
781 3.966560512
782 3.941134587
783 3.826286860
784 3.760594300
785 3.734044383
786 3.706648601
787 3.640891105
788 3.495785371
789 3.478196064
790 3.449098994
791 3.403398056
792 3.342302488
793 3.257943283
794 3.207763366
795 3.270399886
796 3.270190272
797 3.289906010
798 3.364508725
799 3.292941906
800 3.233860010
801 3.154910892
802 3.171189640
803 3.162134583
804 3.102644406
805 3.072780947
806 3.040740959
807 3.004239443
808 2.980870265
809 3.022185971
810 2.986039442
811 2.999190157
812 2.915198992
813 2.897796720
814 2.944649678
815 2.912694148
816 2.946030415
817 3.016642963
818 3.054884986
819 3.154329518
820 3.242148810
821 3.230361118
822 3.268016366
823 3.166862454
824 3.184804851
825 3.080247771
826 2.982018003
827 2.924646247
828 2.825477307
829 2.706726961
830 2.746194771
831 2.754745182
832 2.727649656
833 2.778091440
834 2.749800823
835 2.728276358
836 2.775129531
837 2.759041894
838 2.752385736
839 2.704650788
840 2.700187982
841 2.721685709
842 2.704787822
843 2.674578230
844 2.579050168
845 2.589185381
846 2.555884548
847 2.565157708
848 2.579862261
849 2.548666936
850 2.589875128
851 2.512427402
852 2.473326443
853 2.412420481
854 2.347345714
855 2.292718346
856 2.287461995
857 2.202771789
858 2.219454395
859 2.164537456
860 2.121609811
861 2.146346498
862 2.123322543
863 2.145872559
864 2.077028572
865 2.088588151
866 2.042164017
867 2.021316617
868 2.044738389
869 2.051809693
870 2.020608589
871 1.985131122
872 1.934319238
873 1.940925975
874 1.900414059
875 1.878818696
876 1.847216557
877 1.777033642
878 1.709897014
879 1.685673658
880 1.726106719
881 1.711073830
882 1.680327915
883 1.635202016
884 1.635373740
885 1.661735666
886 1.643049653
887 1.639970424
888 1.603527958
889 1.568990963
890 1.545853584
891 1.552333845
892 1.512934929
893 1.492799318
894 1.494916563
895 1.479806941
896 1.491395156
897 1.510356011
898 1.562828583
899 1.586669302
900 1.609653849
901 1.612409433
902 1.581241463
903 1.548089817
904 1.519764616
905 1.502627730
906 1.522290682
907 1.521084678
908 1.514099596
909 1.543188119
910 1.555307187
911 1.558391939
912 1.515793143
913 1.509776632
914 1.527428768
915 1.567853761
916 1.593488323
917 1.594428937
918 1.584166900
919 1.552983975
920 1.565828988
921 1.582037929
922 1.619050182
923 1.620978913
924 1.658599739
925 1.636810652
926 1.649368609
927 1.614939189
928 1.602570962
929 1.585807930
930 1.530722623
931 1.518474099
932 1.531352766
933 1.539258188
934 1.570538298
935 1.618138148
936 1.624179219
937 1.592838866
938 1.573850110
939 1.543502058
940 1.517080347
941 1.503366381
942 1.499041478
943 1.516044302
944 1.530622089
945 1.503816620
946 1.449110280
947 1.423942529
948 1.383513233
949 1.362862178
950 1.330394366
951 1.342310473
952 1.318250280
953 1.359657705
954 1.406842893
955 1.419802238
956 1.394714245
957 1.353184686
958 1.396925061
959 1.388867164
960 1.371255965
961 1.421741517
962 1.374963247
963 1.361734393
964 1.337687388
965 1.303688907
966 1.324483416
967 1.274794031
968 1.275888418
969 1.278514389
970 1.261223720
971 1.260331956
972 1.230516227
973 1.195676958
974 1.151598141
975 1.134081659
976 1.110563098
977 1.091344193
978 1.056047058
979 1.028917056
980 1.029155106
981 1.015682725
982 1.002045182
983 0.994117444
984 0.991214501
985 0.976422646
986 0.967611500
987 0.933591385
988 0.916868656
989 0.905854379
990 0.881582802
991 0.901301080
992 0.891885151
993 0.869409033
994 0.858057606
995 0.843279497
996 0.840283139
997 0.830070941
998 0.806589927
999 0.799428995
1000 0.788198287
1001 0.767464002
1002 0.760040855
1003 0.725253593
1004 0.696383375
1005 0.684929430
1006 0.685788592
1007 0.699836484
1008 0.674960415
1009 0.694268961
1010 0.678921602
1011 0.676219722
1012 0.657929930
1013 0.671108433
1014 0.693154057
1015 0.705518219
1016 0.700724615
1017 0.700644894
1018 0.704969886
1019 0.698242384
1020 0.716803205
1021 0.710319705
1022 0.707114401
1023 0.713975466
1024 0.725722393
1025 0.704951640
1026 0.695973713
1027 0.676577286
1028 0.655755088
1029 0.649313284
1030 0.645379030
1031 0.650670875
1032 0.636720492
1033 0.625191629
1034 0.612870496
1035 0.617049574
1036 0.622041414
1037 0.599736129
1038 0.588926096
1039 0.566692422
1040 0.551691923
1041 0.537833611
1042 0.546616722
1043 0.541431505
1044 0.538974069
1045 0.525969663
1046 0.520711855
1047 0.497410070
1048 0.486734684
1049 0.481537325
1050 0.474773841
1051 0.465725900
1052 0.449899443
1053 0.440712002
1054 0.423958633
1055 0.420299653
1056 0.413102410
1057 0.410375636
1058 0.404540422
1059 0.397388590
1060 0.392379215
1061 0.384451055
1062 0.371365622
1063 0.366490625
1064 0.366448135
1065 0.359933567
1066 0.360366967
1067 0.363368181
1068 0.356689691
1069 0.353736748
1070 0.357290168
1071 0.347384756
1072 0.340700424
1073 0.333837183
1074 0.328361697
1075 0.322128674
1076 0.320367077
1077 0.314563232
1078 0.311474625
1079 0.305585524
1080 0.304465501
1081 0.303856657
1082 0.294417365
1083 0.289529881
1084 0.286389830
1085 0.279730648
1086 0.281077686
1087 0.277909189
1088 0.279388002
1089 0.270423844
1090 0.273819573
1091 0.270088794
1092 0.275052514
1093 0.271509233
1094 0.255929865
1095 0.253349237
1096 0.252313236
1097 0.255224513
1098 0.256624957
1099 0.255326370
1100 0.248391549
1101 0.244044508
1102 0.247971300
1103 0.250695376
1104 0.249246185
1105 0.246566181
1106 0.242898084
1107 0.237635287
1108 0.236201239
1109 0.238556232
1110 0.237579000
1111 0.234338112
1112 0.233660172
1113 0.233096146
1114 0.240681359
1115 0.241161596
1116 0.237631830
1117 0.241741638
1118 0.242318897
1119 0.246058899
1120 0.247776394
1121 0.238737934
1122 0.235213815
1123 0.237600975
1124 0.237949124
1125 0.244294885
1126 0.239828470
1127 0.234676712
1128 0.235828198
1129 0.233695235
1130 0.231904588
1131 0.226892724
1132 0.229902486
1133 0.230847766
1134 0.230976523
1135 0.224573657
1136 0.224715144
1137 0.219276224
1138 0.216050171
1139 0.217716096
1140 0.210161083
1141 0.207543047
1142 0.201269696
1143 0.195253129
1144 0.190071477
1145 0.185401926
1146 0.178989801
1147 0.180355498
1148 0.173310856
1149 0.174404838
1150 0.171034559
1151 0.173784637
1152 0.169081020
1153 0.167835083
1154 0.167945119
1155 0.167937202
1156 0.168387487
1157 0.171600594
1158 0.172397721
1159 0.167872929
1160 0.174839190
1161 0.172662737
1162 0.172998384
1163 0.166319380
1164 0.165612586
1165 0.164919020
1166 0.160579808
1167 0.160137221
1168 0.162353299
1169 0.162640132
1170 0.163756921
1171 0.159403691
1172 0.157666040
1173 0.158737187
1174 0.161440800
1175 0.164089261
1176 0.166523360
1177 0.164072765
1178 0.163411916
1179 0.162998059
1180 0.166890055
1181 0.168170956
1182 0.162260623
1183 0.157861070
1184 0.152952004
1185 0.149068474
1186 0.149818653
1187 0.148128821
1188 0.149496871
1189 0.148330896
1190 0.149382685
1191 0.147267275
1192 0.144217766
1193 0.144564915
1194 0.145399771
1195 0.145572551
1196 0.143642570
1197 0.147692367
1198 0.146357658
1199 0.148350817
1200 0.151459143
1201 0.150335698
1202 0.148268216
1203 0.144648664
1204 0.141649156
1205 0.134945779
1206 0.128016114
1207 0.127939938
1208 0.122674705
1209 0.116620679
1210 0.117822312
1211 0.115235206
1212 0.116146883
1213 0.116222180
1214 0.115339895
1215 0.113597066
1216 0.111690838
1217 0.111000554
1218 0.107709344
1219 0.102880453
1220 0.103736692
1221 0.102548558
1222 0.097185875
1223 0.101151121
1224 0.099693535
1225 0.099187262
1226 0.097272710
1227 0.092820966
1228 0.088072155
1229 0.086965489
1230 0.086515542
1231 0.086769720
1232 0.086992683
1233 0.082153539
1234 0.081890586
1235 0.079699378
1236 0.079209664
1237 0.079162044
1238 0.077943641
1239 0.077737175
1240 0.078519082
1241 0.078928915
1242 0.078342021
1243 0.077399202
1244 0.076556774
1245 0.076842879
1246 0.076702392
1247 0.077508780
1248 0.076913384
1249 0.075818148
1250 0.074452164
1251 0.071689220
1252 0.073997262
1253 0.073565127
1254 0.073351314
1255 0.072961242
1256 0.073038914
1257 0.070278317
1258 0.069275579
1259 0.066595794
1260 0.068224417
1261 0.067432381
1262 0.065892764
1263 0.066437956
1264 0.066735927
1265 0.065087982
1266 0.064047278
1267 0.062673510
1268 0.063170773
1269 0.061488462
1270 0.058820953
1271 0.058937972
1272 0.058414987
1273 0.058225612
1274 0.056291633
1275 0.053487917
1276 0.052850526
1277 0.052857344
1278 0.049777744
1279 0.048968991
1280 0.048099627
1281 0.048660214
1282 0.047999425
1283 0.046722124
1284 0.046810187
1285 0.046183632
1286 0.047545911
1287 0.047274957
1288 0.047469681
1289 0.048173013
1290 0.045917524
1291 0.043252182
1292 0.043720861
1293 0.041875391
1294 0.041604836
1295 0.041596905
1296 0.041098030
1297 0.041749506
1298 0.041120023
1299 0.040045431
1300 0.039967241
1301 0.040427819
1302 0.039794193
1303 0.038520094
1304 0.038963575
1305 0.038337541
1306 0.037743762
1307 0.039405961
1308 0.039154901
1309 0.038105004
1310 0.037450752
1311 0.037358301
1312 0.037255948
1313 0.035709502
1314 0.034331971
1315 0.033358264
1316 0.033355097
1317 0.033253085
1318 0.032795336
1319 0.032183035
1320 0.032026961
1321 0.031360678
1322 0.030457190
1323 0.029536896
1324 0.028433241
1325 0.027681269
1326 0.027702694
1327 0.027715435
1328 0.027586098
1329 0.026878605
1330 0.026848130
1331 0.026974526
1332 0.026763029
1333 0.025939862
1334 0.025551160
1335 0.025099008
1336 0.024795007
1337 0.023513496
1338 0.023095577
1339 0.022598830
1340 0.022242052
1341 0.022046125
1342 0.022032900
1343 0.021971749
1344 0.022289952
1345 0.021868004
1346 0.022196871
1347 0.022247636
1348 0.021827459
1349 0.021916789
1350 0.021883808
1351 0.021460059
1352 0.020867893
1353 0.020743586
1354 0.020350598
1355 0.019604246
1356 0.019179419
1357 0.019258761
1358 0.018574574
1359 0.018238345
1360 0.017768040
1361 0.016746901
1362 0.016940954
1363 0.016589385
1364 0.015962752
1365 0.015737021
1366 0.015682290
1367 0.015284818
1368 0.015601604
1369 0.015674304
1370 0.015546942
1371 0.015088502
1372 0.014602172
1373 0.014122661
1374 0.013938307
1375 0.013641002
1376 0.013738508
1377 0.013527778
1378 0.013694350
1379 0.013507996
1380 0.013493672
1381 0.013675772
1382 0.013820069
1383 0.014207883
1384 0.014160814
1385 0.014279027
1386 0.013942852
1387 0.014069557
1388 0.014020486
1389 0.013819847
1390 0.013448070
1391 0.013259408
1392 0.013114088
1393 0.013097903
1394 0.013185501
1395 0.013126859
1396 0.013328885
1397 0.013523517
1398 0.013650595
1399 0.013681818
1400 0.013825658
1401 0.014245319
1402 0.014104875
1403 0.013886275
1404 0.013603977
1405 0.013461233
1406 0.013147028
1407 0.013027620
1408 0.013045732
1409 0.013101590
1410 0.013078069
1411 0.013309024
1412 0.013439312
1413 0.013096381
1414 0.013390552
1415 0.013218829
1416 0.013115372
1417 0.013085352
1418 0.012909852
1419 0.012807063
1420 0.012638989
1421 0.012362495
1422 0.012159531
1423 0.011908738
1424 0.011699856
1425 0.011605587
1426 0.011343677
1427 0.010962196
1428 0.010871389
1429 0.010611090
1430 0.010455943
1431 0.010195867
1432 0.010085393
1433 0.009862079
1434 0.009282630
1435 0.009086200
1436 0.009016026
1437 0.008787280
1438 0.008646582
1439 0.008513013
1440 0.008402230
1441 0.008146589
1442 0.008162845
1443 0.007986135
1444 0.007739602
1445 0.007785038
1446 0.007653343
1447 0.007490720
1448 0.007312966
1449 0.007242958
1450 0.007022711
1451 0.006935004
1452 0.006867979
1453 0.006880384
1454 0.006802419
1455 0.006760187
1456 0.006642531
1457 0.006561355
1458 0.006472022
1459 0.006443866
1460 0.006285424
1461 0.006307026
1462 0.006196081
1463 0.005983514
1464 0.005948923
1465 0.005992297
1466 0.005884531
1467 0.005887277
1468 0.005718379
1469 0.005710372
1470 0.005576624
1471 0.005571519
1472 0.005414747
1473 0.005204219
1474 0.005064907
1475 0.004919942
1476 0.004988791
1477 0.004906920
1478 0.004993806
1479 0.005047368
1480 0.005000043
1481 0.004921421
1482 0.004857580
1483 0.004762223
1484 0.004732740
1485 0.004703302
1486 0.004654887
1487 0.004635512
1488 0.004589208
1489 0.004612508
1490 0.004478420
1491 0.004502343
1492 0.004551653
1493 0.004641018
1494 0.004550843
1495 0.004428757
1496 0.004240956
1497 0.004170474
1498 0.004105316
1499 0.004061779
1500 0.003976266
1501 0.003839293
1502 0.003811109
1503 0.003815181
1504 0.003867963
1505 0.003942738
1506 0.003900456
1507 0.003931395
1508 0.003819597
1509 0.003818538
1510 0.003692689
1511 0.003633874
1512 0.003528850
1513 0.003420259
1514 0.003421679
1515 0.003457847
1516 0.003379725
1517 0.003351827
1518 0.003313232
1519 0.003232552
1520 0.003226825
1521 0.003194637
1522 0.003190920
1523 0.003195299
1524 0.003135618
1525 0.003052765
1526 0.003007168
1527 0.002972770
1528 0.002929840
1529 0.002999192
1530 0.002990792
1531 0.002954088
1532 0.002895910
1533 0.002907972
1534 0.002867665
1535 0.002817478
1536 0.002784869
1537 0.002735015
1538 0.002691474
1539 0.002673018
1540 0.002695539
1541 0.002747144
1542 0.002740057
1543 0.002656969
1544 0.002630753
1545 0.002613797
1546 0.002647750
1547 0.002697184
1548 0.002757970
1549 0.002736932
1550 0.002752540
1551 0.002723914
1552 0.002701963
1553 0.002770860
1554 0.002763073
1555 0.002784893
1556 0.002834431
1557 0.002852546
1558 0.002832770
1559 0.002831031
1560 0.002810527
1561 0.002787478
1562 0.002809816
1563 0.002800331
1564 0.002832427
1565 0.002842157
1566 0.002820422
1567 0.002836555
1568 0.002861990
1569 0.002870175
1570 0.002875465
1571 0.002866736
1572 0.002824233
1573 0.002834296
1574 0.002839266
1575 0.002834017
1576 0.002881866
1577 0.002868215
1578 0.002814254
1579 0.002804141
1580 0.002827753
1581 0.002865654
1582 0.002856483
1583 0.002867784
1584 0.002873305
1585 0.002838581
1586 0.002826841
1587 0.002837864
1588 0.002838106
1589 0.002812376
1590 0.002819618
1591 0.002851184
1592 0.002815208
1593 0.002796181
1594 0.002874341
1595 0.002821594
1596 0.002770690
1597 0.002698864
1598 0.002679885
1599 0.002671593
1600 0.002698203
1601 0.002704372
1602 0.002665630
1603 0.002697722
1604 0.002640108
1605 0.002706291
1606 0.002663155
1607 0.002695875
1608 0.002728132
1609 0.002780250
1610 0.002742173
1611 0.002700338
1612 0.002665833
1613 0.002665357
1614 0.002655842
1615 0.002665580
1616 0.002680625
1617 0.002601305
1618 0.002620084
1619 0.002547733
1620 0.002622076
1621 0.002628276
1622 0.002630166
1623 0.002589912
1624 0.002568260
1625 0.002577589
1626 0.002552891
1627 0.002545277
1628 0.002427147
1629 0.002357455
1630 0.002318532
1631 0.002389822
1632 0.002401748
1633 0.002423608
1634 0.002399734
1635 0.002366142
1636 0.002369241
1637 0.002404865
1638 0.002425197
1639 0.002435550
1640 0.002434224
1641 0.002382489
1642 0.002369853
1643 0.002342206
1644 0.002339941
1645 0.002289470
1646 0.002287916
1647 0.002300605
1648 0.002274973
1649 0.002200190
1650 0.002221951
1651 0.002177044
1652 0.002174649
1653 0.002135330
1654 0.002093830
1655 0.002046451
1656 0.002088837
1657 0.002057535
1658 0.002064618
1659 0.002015118
1660 0.002022463
1661 0.002051673
1662 0.002021249
1663 0.001974059
1664 0.001908288
1665 0.001914598
1666 0.001900361
1667 0.001944824
1668 0.001960498
1669 0.001901098
1670 0.001855934
1671 0.001839390
1672 0.001821146
1673 0.001843328
1674 0.001826416
1675 0.001836255
1676 0.001848528
1677 0.001831935
1678 0.001830085
1679 0.001810857
1680 0.001783378
1681 0.001761792
1682 0.001767544
1683 0.001781574
1684 0.001816578
1685 0.001842671
1686 0.001844006
1687 0.001815989
1688 0.001751841
1689 0.001714520
1690 0.001706785
1691 0.001683268
1692 0.001694794
1693 0.001680187
1694 0.001629633
1695 0.001657491
1696 0.001656637
1697 0.001664447
1698 0.001686029
1699 0.001692011
1700 0.001721331
1701 0.001653832
1702 0.001654977
1703 0.001652079
1704 0.001654941
1705 0.001693141
1706 0.001713394
1707 0.001649896
1708 0.001625634
1709 0.001618348
1710 0.001615045
1711 0.001623973
1712 0.001620118
1713 0.001618464
1714 0.001606641
1715 0.001603421
1716 0.001630974
1717 0.001632937
1718 0.001652451
1719 0.001619905
1720 0.001609102
1721 0.001551614
1722 0.001527417
1723 0.001500559
1724 0.001509452
1725 0.001496868
1726 0.001489807
1727 0.001489771
1728 0.001470297
1729 0.001430807
1730 0.001431292
1731 0.001411276
1732 0.001400165
1733 0.001372413
1734 0.001353781
1735 0.001347467
1736 0.001319729
1737 0.001309329
1738 0.001305757
1739 0.001308271
1740 0.001298870
1741 0.001298475
1742 0.001270787
1743 0.001258367
1744 0.001257421
1745 0.001237491
1746 0.001236236
1747 0.001197129
1748 0.001183994
1749 0.001185222
1750 0.001200286
1751 0.001233763
1752 0.001226419
1753 0.001199925
1754 0.001189085
1755 0.001200056
1756 0.001192347
1757 0.001205234
1758 0.001176033
1759 0.001180869
1760 0.001172987
1761 0.001178203
1762 0.001176114
1763 0.001172992
1764 0.001163532
1765 0.001156477
1766 0.001141446
1767 0.001130596
1768 0.001101254
1769 0.001097017
1770 0.001104048
1771 0.001103501
1772 0.001113520
1773 0.001104838
1774 0.001083581
1775 0.001067149
1776 0.001055203
1777 0.001067035
1778 0.001035708
1779 0.001008596
1780 0.000978405
1781 0.000971461
1782 0.000974292
1783 0.000977706
1784 0.000976725
1785 0.000991101
1786 0.000961238
1787 0.000937792
1788 0.000931246
1789 0.000911658
1790 0.000887886
1791 0.000876684
1792 0.000859523
1793 0.000834469
1794 0.000829676
1795 0.000819269
1796 0.000831805
1797 0.000815851
1798 0.000829360
1799 0.000820949
1800 0.000815163
1801 0.000806877
1802 0.000799582
1803 0.000800589
1804 0.000807301
1805 0.000802140
1806 0.000798551
1807 0.000799255
1808 0.000792928
1809 0.000778328
1810 0.000749988
1811 0.000733334
1812 0.000727313
1813 0.000722245
1814 0.000722660
1815 0.000719061
1816 0.000730321
1817 0.000721692
1818 0.000735527
1819 0.000716816
1820 0.000711321
1821 0.000721120
1822 0.000711180
1823 0.000710620
1824 0.000695159
1825 0.000691771
1826 0.000678526
1827 0.000688919
1828 0.000672318
1829 0.000660657
1830 0.000665039
1831 0.000645595
1832 0.000641886
1833 0.000632169
1834 0.000615718
1835 0.000601458
1836 0.000598343
1837 0.000596902
1838 0.000591465
1839 0.000583532
1840 0.000584364
1841 0.000582626
1842 0.000573849
1843 0.000559380
1844 0.000556841
1845 0.000549538
1846 0.000538472
1847 0.000527630
1848 0.000518197
1849 0.000499318
1850 0.000488032
1851 0.000484923
1852 0.000471083
1853 0.000466280
1854 0.000458434
1855 0.000448767
1856 0.000438456
1857 0.000432665
1858 0.000437609
1859 0.000429169
1860 0.000423217
1861 0.000425950
1862 0.000420529
1863 0.000419195
1864 0.000419507
1865 0.000423971
1866 0.000416129
1867 0.000409286
1868 0.000398102
1869 0.000396836
1870 0.000393858
1871 0.000393035
1872 0.000393095
1873 0.000395670
1874 0.000394882
1875 0.000384152
1876 0.000381989
1877 0.000376502
1878 0.000374243
1879 0.000372432
1880 0.000365527
1881 0.000372728
1882 0.000367839
1883 0.000359547
1884 0.000351210
1885 0.000350221
1886 0.000355458
1887 0.000345570
1888 0.000337428
1889 0.000331009
1890 0.000333768
1891 0.000335948
1892 0.000328732
1893 0.000325972
1894 0.000323940
1895 0.000317984
1896 0.000311999
1897 0.000307159
1898 0.000303400
1899 0.000306008
1900 0.000301029
1901 0.000299904
1902 0.000298196
1903 0.000298231
1904 0.000294444
1905 0.000291427
1906 0.000290122
1907 0.000290752
1908 0.000289216
1909 0.000288909
1910 0.000294528
1911 0.000293492
1912 0.000297432
1913 0.000302807
1914 0.000303133
1915 0.000301929
1916 0.000297810
1917 0.000291837
1918 0.000298640
1919 0.000292086
1920 0.000287559
1921 0.000284479
1922 0.000280646
1923 0.000283768
1924 0.000288332
1925 0.000279343
1926 0.000279795
1927 0.000276877
1928 0.000278740
1929 0.000280404
1930 0.000272892
1931 0.000269677
1932 0.000269202
1933 0.000268801
1934 0.000269763
1935 0.000270538
1936 0.000276726
1937 0.000273758
1938 0.000272752
1939 0.000277512
1940 0.000276753
1941 0.000275602
1942 0.000274886
1943 0.000282862
1944 0.000281762
1945 0.000278085
1946 0.000282336
1947 0.000272561
1948 0.000273436
1949 0.000267720
1950 0.000262004
1951 0.000262679
1952 0.000263513
1953 0.000268108
1954 0.000266990
1955 0.000258688
1956 0.000260999
1957 0.000263870
1958 0.000266280
1959 0.000265976
1960 0.000257851
1961 0.000254678
1962 0.000251191
1963 0.000245121
1964 0.000248137
1965 0.000249318
1966 0.000249204
1967 0.000251714
1968 0.000251266
1969 0.000251999
1970 0.000253738
1971 0.000251749
1972 0.000249766
1973 0.000246234
1974 0.000241525
1975 0.000239335
1976 0.000232882
1977 0.000230188
1978 0.000225603
1979 0.000223636
1980 0.000216680
1981 0.000213977
1982 0.000217423
1983 0.000215438
1984 0.000218695
1985 0.000218928
1986 0.000215038
1987 0.000218134
1988 0.000221096
1989 0.000216676
1990 0.000217585
1991 0.000215687
1992 0.000213035
1993 0.000215915
1994 0.000216328
1995 0.000216967
1996 0.000217828
1997 0.000212228
1998 0.000208221
1999 0.000203401
2000 0.000202642
2001 0.000200129
2002 0.000193012
2003 0.000195626
2004 0.000195698
2005 0.000194025
2006 0.000190291
2007 0.000187476
2008 0.000185824
2009 0.000187700
2010 0.000184139
2011 0.000182815
2012 0.000182036
2013 0.000184299
2014 0.000182530
2015 0.000182126
2016 0.000182617
2017 0.000182513
2018 0.000180875
2019 0.000182233
2020 0.000180738
2021 0.000178970
2022 0.000181126
2023 0.000178530
2024 0.000177191
2025 0.000172741
2026 0.000171546
2027 0.000173021
2028 0.000175884
2029 0.000177557
2030 0.000178664
2031 0.000177508
2032 0.000177559
2033 0.000176076
2034 0.000178344
2035 0.000179103
2036 0.000179117
2037 0.000178067
2038 0.000174568
2039 0.000176785
2040 0.000174182
2041 0.000169763
2042 0.000168183
2043 0.000168876
2044 0.000171020
2045 0.000173009
2046 0.000173029
2047 0.000174879
2048 0.000177373
2049 0.000179690
2050 0.000186531
2051 0.000187387
2052 0.000186762
2053 0.000189149
2054 0.000185853
2055 0.000187769
2056 0.000186604
2057 0.000186787
2058 0.000190751
2059 0.000189763
2060 0.000187144
2061 0.000192379
2062 0.000196527
2063 0.000198545
2064 0.000204870
2065 0.000202988
2066 0.000205308
2067 0.000204613
2068 0.000205092
2069 0.000208591
2070 0.000214251
2071 0.000215168
2072 0.000213439
2073 0.000210765
2074 0.000212084
2075 0.000213786
2076 0.000215813
2077 0.000215690
2078 0.000214879
2079 0.000217254
2080 0.000215957
2081 0.000215537
2082 0.000216779
2083 0.000217086
2084 0.000220782
2085 0.000223027
2086 0.000225473
2087 0.000224780
2088 0.000227755
2089 0.000231653
2090 0.000231422
2091 0.000231086
2092 0.000231484
2093 0.000235401
2094 0.000236155
2095 0.000236871
2096 0.000239939
2097 0.000240850
2098 0.000244863
2099 0.000246423
2100 0.000250357
2101 0.000257882
2102 0.000256094
2103 0.000260421
2104 0.000256290
2105 0.000263777
2106 0.000266574
2107 0.000263467
2108 0.000269025
2109 0.000272687
2110 0.000270376
2111 0.000269528
2112 0.000266605
2113 0.000270027
2114 0.000275948
2115 0.000275747
2116 0.000272934
2117 0.000269436
2118 0.000270942
2119 0.000264685
2120 0.000270455
2121 0.000266723
2122 0.000260994
2123 0.000256604
2124 0.000253547
2125 0.000256055
2126 0.000256518
2127 0.000257018
2128 0.000260882
2129 0.000262254
2130 0.000262486
2131 0.000259136
2132 0.000255047
2133 0.000256007
2134 0.000250584
2135 0.000248171
2136 0.000246675
2137 0.000241924
2138 0.000244768
2139 0.000246927
2140 0.000246261
2141 0.000240542
2142 0.000238357
2143 0.000234603
2144 0.000235656
2145 0.000227739
2146 0.000223800
2147 0.000219474
2148 0.000214322
2149 0.000212306
2150 0.000211635
2151 0.000208131
2152 0.000209062
2153 0.000207751
2154 0.000205988
2155 0.000205815
2156 0.000208800
2157 0.000206823
2158 0.000201562
2159 0.000195088
2160 0.000189988
2161 0.000188185
2162 0.000188711
2163 0.000187242
2164 0.000191167
2165 0.000193481
2166 0.000193459
2167 0.000192571
2168 0.000190224
2169 0.000186869
2170 0.000188632
2171 0.000191799
2172 0.000194331
2173 0.000192434
2174 0.000194480
2175 0.000189121
2176 0.000189059
2177 0.000190476
2178 0.000188228
2179 0.000188078
2180 0.000187364
2181 0.000182095
2182 0.000179196
2183 0.000175116
2184 0.000172102
2185 0.000166452
2186 0.000163327
2187 0.000162037
2188 0.000164728
2189 0.000164772
2190 0.000167319
2191 0.000164618
2192 0.000162991
2193 0.000164901
2194 0.000164405
2195 0.000162152
2196 0.000160236
2197 0.000158101
2198 0.000156548
2199 0.000156836
2200 0.000155270
2201 0.000149461
2202 0.000145534
2203 0.000145479
2204 0.000143020
2205 0.000143422
2206 0.000142376
2207 0.000140212
2208 0.000138072
2209 0.000136100
2210 0.000133566
2211 0.000133451
2212 0.000131830
2213 0.000132171
2214 0.000131755
2215 0.000131527
2216 0.000130778
2217 0.000130101
2218 0.000130593
2219 0.000127334
2220 0.000126531
2221 0.000124860
2222 0.000122745
2223 0.000119395
2224 0.000115953
2225 0.000113181
2226 0.000112124
2227 0.000110011
2228 0.000108012
2229 0.000106333
2230 0.000104947
2231 0.000106055
2232 0.000104753
2233 0.000105610
2234 0.000102294
2235 0.000103375
2236 0.000102772
2237 0.000102889
2238 0.000101209
2239 0.000098985
2240 0.000096841
2241 0.000093908
2242 0.000095286
2243 0.000094302
2244 0.000092613
2245 0.000090808
2246 0.000089582
2247 0.000088528
2248 0.000087606
2249 0.000084652
2250 0.000081626
2251 0.000080599
2252 0.000079052
2253 0.000078479
2254 0.000077449
2255 0.000076888
2256 0.000076036
2257 0.000076002
2258 0.000074178
2259 0.000073108
2260 0.000071915
2261 0.000069754
2262 0.000069243
2263 0.000067935
2264 0.000066178
2265 0.000064114
2266 0.000062590
2267 0.000061743
2268 0.000062021
2269 0.000062163
2270 0.000062627
2271 0.000061305
2272 0.000061383
2273 0.000060555
2274 0.000060709
2275 0.000059042
2276 0.000057672
2277 0.000057336
2278 0.000057486
2279 0.000057838
2280 0.000057555
2281 0.000057439
2282 0.000057528
2283 0.000057885
2284 0.000057549
2285 0.000057118
2286 0.000056762
2287 0.000057155
2288 0.000056303
2289 0.000056733
2290 0.000056330
2291 0.000055875
2292 0.000056187
2293 0.000055882
2294 0.000056554
2295 0.000055149
2296 0.000053579
2297 0.000052819
2298 0.000052189
2299 0.000052504
2300 0.000052326
2301 0.000051111
2302 0.000050362
2303 0.000050564
2304 0.000049789
2305 0.000049720
2306 0.000049111
2307 0.000048343
2308 0.000048085
2309 0.000048346
2310 0.000047708
2311 0.000046573
2312 0.000046135
2313 0.000045612
2314 0.000044933
2315 0.000044633
2316 0.000044095
2317 0.000043677
2318 0.000043067
2319 0.000043084
2320 0.000041503
2321 0.000040578
2322 0.000040778
2323 0.000040749
2324 0.000039535
2325 0.000038824
2326 0.000038217
2327 0.000037337
2328 0.000038081
2329 0.000036884
2330 0.000035274
2331 0.000035118
2332 0.000034487
2333 0.000034357
2334 0.000033962
2335 0.000032925
2336 0.000032517
2337 0.000032427
2338 0.000031924
2339 0.000031584
2340 0.000031084
2341 0.000030403
2342 0.000030290
2343 0.000030040
2344 0.000030239
2345 0.000029903
2346 0.000029295
2347 0.000028986
2348 0.000028883
2349 0.000029226
2350 0.000028494
2351 0.000027927
2352 0.000027887
2353 0.000027758
2354 0.000028016
2355 0.000027770
2356 0.000026992
2357 0.000026502
2358 0.000026502
2359 0.000026604
2360 0.000026576
2361 0.000026196
2362 0.000025112
2363 0.000024773
2364 0.000024365
2365 0.000024038
2366 0.000023833
2367 0.000023559
2368 0.000023005
2369 0.000022755
2370 0.000022607
2371 0.000022630
2372 0.000022502
2373 0.000023131
2374 0.000023021
2375 0.000022636
2376 0.000022218
2377 0.000022288
2378 0.000022131
2379 0.000022239
2380 0.000021966
2381 0.000021971
2382 0.000021743
2383 0.000021341
2384 0.000021093
2385 0.000020981
2386 0.000020573
2387 0.000020329
2388 0.000020286
2389 0.000020291
2390 0.000020933
2391 0.000020885
2392 0.000020472
2393 0.000020262
2394 0.000020108
2395 0.000020264
2396 0.000020437
2397 0.000019891
2398 0.000019748
2399 0.000019647
2400 0.000019640
2401 0.000019641
2402 0.000019248
2403 0.000019289
2404 0.000019245
2405 0.000019550
2406 0.000019101
2407 0.000018391
2408 0.000017830
2409 0.000017287
2410 0.000017266
2411 0.000017154
2412 0.000016844
2413 0.000016097
2414 0.000015836
2415 0.000015394
2416 0.000015106
2417 0.000014745
2418 0.000014502
2419 0.000014425
2420 0.000014558
2421 0.000014778
2422 0.000014635
2423 0.000014560
2424 0.000014521
2425 0.000014615
2426 0.000014712
2427 0.000014909
2428 0.000014450
2429 0.000014162
2430 0.000014004
2431 0.000013941
2432 0.000013815
2433 0.000013680
2434 0.000013471
2435 0.000013639
2436 0.000013482
2437 0.000013352
2438 0.000013383
2439 0.000013259
2440 0.000013242
2441 0.000013271
2442 0.000013366
2443 0.000013120
2444 0.000013135
2445 0.000012941
2446 0.000012730
2447 0.000012384
2448 0.000012367
2449 0.000012308
2450 0.000012310
2451 0.000011901
2452 0.000011646
2453 0.000011358
2454 0.000011265
2455 0.000011293
2456 0.000011393
2457 0.000011316
2458 0.000011333
2459 0.000011386
2460 0.000011023
2461 0.000010995
2462 0.000010853
2463 0.000010893
2464 0.000010875
2465 0.000010855
2466 0.000010817
2467 0.000011073
2468 0.000011108
2469 0.000011234
2470 0.000011453
2471 0.000011459
2472 0.000011664
2473 0.000011553
2474 0.000011511
2475 0.000011287
2476 0.000011473
2477 0.000011629
2478 0.000011625
2479 0.000011589
2480 0.000011549
2481 0.000011667
2482 0.000011801
2483 0.000011706
2484 0.000011551
2485 0.000011632
2486 0.000011670
2487 0.000012151
2488 0.000012224
2489 0.000012351
2490 0.000012487
2491 0.000012889
2492 0.000013021
2493 0.000012784
2494 0.000012877
2495 0.000013045
2496 0.000013206
2497 0.000013120
2498 0.000013354
2499 0.000013232
2500 0.000013252
2501 0.000013408
2502 0.000013571
2503 0.000013772
2504 0.000013904
2505 0.000013968
2506 0.000013978
2507 0.000013967
2508 0.000014110
2509 0.000014076
2510 0.000013981
2511 0.000014120
2512 0.000014218
2513 0.000014333
2514 0.000014281
2515 0.000014617
2516 0.000014577
2517 0.000014626
2518 0.000014620
2519 0.000014815
2520 0.000015011
2521 0.000014898
2522 0.000014844
2523 0.000014656
2524 0.000014482
2525 0.000014479
2526 0.000014474
2527 0.000014408
2528 0.000014440
2529 0.000014202
2530 0.000013944
2531 0.000014141
2532 0.000014114
2533 0.000013747
2534 0.000013466
2535 0.000013565
2536 0.000013502
2537 0.000013373
2538 0.000013318
2539 0.000013176
2540 0.000013271
2541 0.000013076
2542 0.000013119
2543 0.000012892
2544 0.000012837
2545 0.000012826
2546 0.000012969
2547 0.000013046
2548 0.000012827
2549 0.000012961
2550 0.000012936
2551 0.000013043
2552 0.000013217
2553 0.000013063
2554 0.000012889
2555 0.000012951
2556 0.000013088
2557 0.000013081
2558 0.000013166
2559 0.000013480
2560 0.000013843
2561 0.000013846
2562 0.000013735
2563 0.000013569
2564 0.000013645
2565 0.000013817
2566 0.000013802
2567 0.000013765
2568 0.000013640
2569 0.000013828
2570 0.000013840
2571 0.000013964
2572 0.000013927
2573 0.000014188
2574 0.000014207
2575 0.000014283
2576 0.000014104
2577 0.000013837
2578 0.000013947
2579 0.000014022
2580 0.000014182
2581 0.000014142
2582 0.000014183
2583 0.000014292
2584 0.000014161
2585 0.000014228
2586 0.000014318
2587 0.000014405
2588 0.000014378
2589 0.000014417
2590 0.000014602
2591 0.000014453
2592 0.000014666
2593 0.000014720
2594 0.000014419
2595 0.000014357
2596 0.000014238
2597 0.000014227
2598 0.000013886
2599 0.000013552
2600 0.000013269
2601 0.000013051
2602 0.000012849
2603 0.000012756
2604 0.000012756
2605 0.000012917
2606 0.000012919
2607 0.000013007
2608 0.000013202
2609 0.000013058
2610 0.000012928
2611 0.000012766
2612 0.000012595
2613 0.000012411
2614 0.000012256
2615 0.000012098
2616 0.000012037
2617 0.000011998
2618 0.000012054
2619 0.000012172
2620 0.000012305
2621 0.000012305
2622 0.000012371
2623 0.000012337
2624 0.000012472
2625 0.000012607
2626 0.000012468
2627 0.000012368
2628 0.000012495
2629 0.000012695
2630 0.000012601
2631 0.000012360
2632 0.000012257
2633 0.000012170
2634 0.000012470
2635 0.000012450
2636 0.000012237
2637 0.000012246
2638 0.000012338
2639 0.000012276
2640 0.000011970
2641 0.000011785
2642 0.000011821
2643 0.000012049
2644 0.000011951
2645 0.000011700
2646 0.000011612
2647 0.000011565
2648 0.000011551
2649 0.000011562
2650 0.000011569
2651 0.000011591
2652 0.000011962
2653 0.000012150
2654 0.000012291
2655 0.000012318
2656 0.000012465
2657 0.000012579
2658 0.000012676
2659 0.000012706
2660 0.000012714
2661 0.000012497
2662 0.000012224
2663 0.000012122
2664 0.000011913
2665 0.000011867
2666 0.000011807
2667 0.000011842
2668 0.000011887
2669 0.000012003
2670 0.000011918
2671 0.000012023
2672 0.000011942
2673 0.000011869
2674 0.000011688
2675 0.000011654
2676 0.000011559
2677 0.000011436
2678 0.000011287
2679 0.000011099
2680 0.000011034
2681 0.000011178
2682 0.000011477
2683 0.000011664
2684 0.000011314
2685 0.000011136
2686 0.000011026
2687 0.000010916
2688 0.000010738
2689 0.000010702
2690 0.000010609
2691 0.000010587
2692 0.000010659
2693 0.000010398
2694 0.000009944
2695 0.000009892
2696 0.000009667
2697 0.000009655
2698 0.000009475
2699 0.000009449
2700 0.000009343
2701 0.000009277
2702 0.000009193
2703 0.000008947
2704 0.000008975
2705 0.000008899
2706 0.000008625
2707 0.000008441
2708 0.000008311
2709 0.000008108
2710 0.000008014
2711 0.000007987
2712 0.000007828
2713 0.000007733
2714 0.000007628
2715 0.000007627
2716 0.000007477
2717 0.000007435
2718 0.000007343
2719 0.000007380
2720 0.000007383
2721 0.000007463
2722 0.000007342
2723 0.000007320
2724 0.000007292
2725 0.000007298
2726 0.000007334
2727 0.000007348
2728 0.000007325
2729 0.000007146
2730 0.000007183
2731 0.000007214
2732 0.000007265
2733 0.000007190
2734 0.000007177
2735 0.000007088
2736 0.000006995
2737 0.000006989
2738 0.000006901
2739 0.000006897
2740 0.000006833
2741 0.000006826
2742 0.000006719
2743 0.000006710
2744 0.000006584
2745 0.000006642
2746 0.000006540
2747 0.000006492
2748 0.000006379
2749 0.000006422
2750 0.000006457
2751 0.000006431
2752 0.000006455
2753 0.000006313
2754 0.000006346
2755 0.000006353
2756 0.000006306
2757 0.000006202
2758 0.000006232
2759 0.000006158
2760 0.000006175
2761 0.000006144
2762 0.000006147
2763 0.000006097
2764 0.000006225
2765 0.000006222
2766 0.000006144
2767 0.000006080
2768 0.000005979
2769 0.000006029
2770 0.000006123
2771 0.000006205
2772 0.000006121
2773 0.000006080
2774 0.000006010
2775 0.000006030
2776 0.000006041
2777 0.000006187
2778 0.000006248
2779 0.000006029
2780 0.000006002
2781 0.000005988
2782 0.000006079
2783 0.000006022
2784 0.000005938
2785 0.000005937
2786 0.000005927
2787 0.000005956
2788 0.000005936
2789 0.000005900
2790 0.000005778
2791 0.000005696
2792 0.000005561
2793 0.000005478
2794 0.000005461
2795 0.000005376
2796 0.000005265
2797 0.000005131
2798 0.000004927
2799 0.000004822
2800 0.000004813
2801 0.000004811
2802 0.000004700
2803 0.000004669
2804 0.000004614
2805 0.000004464
2806 0.000004418
2807 0.000004324
2808 0.000004234
2809 0.000004151
2810 0.000004007
2811 0.000003941
2812 0.000003960
2813 0.000003886
2814 0.000003847
2815 0.000003743
2816 0.000003647
2817 0.000003589
2818 0.000003598
2819 0.000003540
2820 0.000003496
2821 0.000003478
2822 0.000003464
2823 0.000003429
2824 0.000003436
2825 0.000003466
2826 0.000003472
2827 0.000003461
2828 0.000003365
2829 0.000003385
2830 0.000003392
2831 0.000003434
2832 0.000003423
2833 0.000003415
2834 0.000003443
2835 0.000003467
2836 0.000003450
2837 0.000003443
2838 0.000003386
2839 0.000003395
2840 0.000003435
2841 0.000003457
2842 0.000003431
2843 0.000003433
2844 0.000003405
2845 0.000003425
2846 0.000003501
2847 0.000003541
2848 0.000003590
2849 0.000003575
2850 0.000003564
2851 0.000003592
2852 0.000003659
2853 0.000003704
2854 0.000003628
2855 0.000003589
2856 0.000003600
2857 0.000003592
2858 0.000003628
2859 0.000003642
2860 0.000003601
2861 0.000003587
2862 0.000003580
2863 0.000003567
2864 0.000003617
2865 0.000003621
2866 0.000003621
2867 0.000003544
2868 0.000003569
2869 0.000003575
2870 0.000003525
2871 0.000003505
2872 0.000003522
2873 0.000003478
2874 0.000003524
2875 0.000003547
2876 0.000003567
2877 0.000003648
2878 0.000003677
2879 0.000003740
2880 0.000003702
2881 0.000003650
2882 0.000003572
2883 0.000003502
2884 0.000003535
2885 0.000003557
2886 0.000003508
2887 0.000003487
2888 0.000003408
2889 0.000003394
2890 0.000003404
2891 0.000003432
2892 0.000003442
2893 0.000003430
2894 0.000003425
2895 0.000003438
2896 0.000003465
2897 0.000003501
2898 0.000003596
2899 0.000003573
2900 0.000003504
2901 0.000003426
2902 0.000003421
2903 0.000003452
2904 0.000003417
2905 0.000003408
2906 0.000003461
2907 0.000003497
2908 0.000003566
2909 0.000003606
2910 0.000003623
2911 0.000003663
2912 0.000003660
2913 0.000003638
2914 0.000003606
2915 0.000003523
2916 0.000003480
2917 0.000003435
2918 0.000003391
2919 0.000003455
2920 0.000003497
2921 0.000003508
2922 0.000003498
2923 0.000003502
2924 0.000003498
2925 0.000003479
2926 0.000003485
2927 0.000003521
2928 0.000003540
2929 0.000003618
2930 0.000003602
2931 0.000003565
2932 0.000003552
2933 0.000003546
2934 0.000003537
2935 0.000003540
2936 0.000003624
2937 0.000003665
2938 0.000003726
2939 0.000003740
2940 0.000003772
2941 0.000003796
2942 0.000003807
2943 0.000003783
2944 0.000003757
2945 0.000003745
2946 0.000003753
2947 0.000003775
2948 0.000003823
2949 0.000003768
2950 0.000003727
2951 0.000003618
2952 0.000003549
2953 0.000003585
2954 0.000003584
2955 0.000003560
2956 0.000003559
2957 0.000003558
2958 0.000003614
2959 0.000003599
2960 0.000003562
2961 0.000003564
2962 0.000003548
2963 0.000003607
2964 0.000003665
2965 0.000003609
2966 0.000003550
2967 0.000003480
2968 0.000003443
2969 0.000003393
2970 0.000003391
2971 0.000003354
2972 0.000003412
2973 0.000003472
2974 0.000003533
2975 0.000003514
2976 0.000003536
2977 0.000003496
2978 0.000003560
2979 0.000003594
2980 0.000003626
2981 0.000003681
2982 0.000003613
2983 0.000003630
2984 0.000003625
2985 0.000003609
2986 0.000003609
2987 0.000003608
2988 0.000003627
2989 0.000003608
2990 0.000003656
2991 0.000003681
2992 0.000003667
2993 0.000003660
2994 0.000003753
2995 0.000003803
2996 0.000003833
2997 0.000003835
2998 0.000003789
2999 0.000003743
3000 0.000003690
3001 0.000003627
3002 0.000003599
3003 0.000003625
3004 0.000003578
3005 0.000003589
3006 0.000003564
3007 0.000003519
3008 0.000003473
3009 0.000003421
3010 0.000003390
3011 0.000003405
3012 0.000003402
3013 0.000003426
3014 0.000003479
3015 0.000003442
3016 0.000003433
3017 0.000003401
3018 0.000003452
3019 0.000003458
3020 0.000003493
3021 0.000003412
3022 0.000003331
3023 0.000003323
3024 0.000003300
3025 0.000003272
3026 0.000003288
3027 0.000003282
3028 0.000003286
3029 0.000003281
3030 0.000003246
3031 0.000003230
3032 0.000003254
3033 0.000003234
3034 0.000003239
3035 0.000003190
3036 0.000003129
3037 0.000003153
3038 0.000003143
3039 0.000003218
3040 0.000003230
3041 0.000003204
3042 0.000003173
3043 0.000003138
3044 0.000003131
3045 0.000003154
3046 0.000003197
3047 0.000003182
3048 0.000003178
3049 0.000003143
3050 0.000003118
3051 0.000003121
3052 0.000003113
3053 0.000003102
3054 0.000003087
3055 0.000002983
3056 0.000002925
3057 0.000002875
3058 0.000002863
3059 0.000002841
3060 0.000002847
3061 0.000002847
3062 0.000002826
3063 0.000002787
3064 0.000002763
3065 0.000002784
3066 0.000002718
3067 0.000002665
3068 0.000002583
3069 0.000002586
3070 0.000002545
3071 0.000002482
3072 0.000002445
3073 0.000002402
3074 0.000002391
3075 0.000002357
3076 0.000002338
3077 0.000002286
3078 0.000002255
3079 0.000002235
3080 0.000002205
3081 0.000002186
3082 0.000002137
3083 0.000002058
3084 0.000002005
3085 0.000001991
3086 0.000001952
3087 0.000001952
3088 0.000001980
3089 0.000001973
3090 0.000001905
3091 0.000001861
3092 0.000001838
3093 0.000001813
3094 0.000001770
3095 0.000001779
3096 0.000001750
3097 0.000001732
3098 0.000001722
3099 0.000001698
3100 0.000001683
3101 0.000001676
3102 0.000001666
3103 0.000001649
3104 0.000001671
3105 0.000001653
3106 0.000001654
3107 0.000001647
3108 0.000001636
3109 0.000001628
3110 0.000001623
3111 0.000001636
3112 0.000001613
3113 0.000001592
3114 0.000001577
3115 0.000001590
3116 0.000001593
3117 0.000001633
3118 0.000001668
3119 0.000001699
3120 0.000001676
3121 0.000001661
3122 0.000001649
3123 0.000001653
3124 0.000001660
3125 0.000001626
3126 0.000001626
3127 0.000001606
3128 0.000001582
3129 0.000001559
3130 0.000001563
3131 0.000001527
3132 0.000001499
3133 0.000001500
3134 0.000001490
3135 0.000001467
3136 0.000001435
3137 0.000001440
3138 0.000001432
3139 0.000001430
3140 0.000001405
3141 0.000001382
3142 0.000001348
3143 0.000001333
3144 0.000001323
3145 0.000001303
3146 0.000001280
3147 0.000001257
3148 0.000001235
3149 0.000001201
3150 0.000001180
3151 0.000001158
3152 0.000001151
3153 0.000001129
3154 0.000001122
3155 0.000001106
3156 0.000001089
3157 0.000001055
3158 0.000001041
3159 0.000001028
3160 0.000001016
3161 0.000001001
3162 0.000000971
3163 0.000000940
3164 0.000000934
3165 0.000000931
3166 0.000000916
3167 0.000000898
3168 0.000000884
3169 0.000000885
3170 0.000000894
3171 0.000000876
3172 0.000000848
3173 0.000000836
3174 0.000000824
3175 0.000000804
3176 0.000000802
3177 0.000000801
3178 0.000000796
3179 0.000000767
3180 0.000000730
3181 0.000000712
3182 0.000000700
3183 0.000000687
3184 0.000000680
3185 0.000000670
3186 0.000000653
3187 0.000000650
3188 0.000000631
3189 0.000000628
3190 0.000000618
3191 0.000000603
3192 0.000000582
3193 0.000000573
3194 0.000000564
3195 0.000000556
3196 0.000000548
3197 0.000000528
3198 0.000000522
3199 0.000000507
3200 0.000000498
3201 0.000000489
3202 0.000000478
3203 0.000000465
3204 0.000000461
3205 0.000000455
3206 0.000000455
3207 0.000000439
3208 0.000000427
3209 0.000000424
3210 0.000000418
3211 0.000000426
3212 0.000000422
3213 0.000000414
3214 0.000000401
3215 0.000000392
3216 0.000000389
3217 0.000000391
3218 0.000000379
3219 0.000000365
3220 0.000000357
3221 0.000000351
3222 0.000000351
3223 0.000000343
3224 0.000000336
3225 0.000000327
3226 0.000000322
3227 0.000000313
3228 0.000000303
3229 0.000000301
3230 0.000000292
3231 0.000000281
3232 0.000000279
3233 0.000000279
3234 0.000000277
3235 0.000000275
3236 0.000000270
3237 0.000000263
3238 0.000000255
3239 0.000000252
3240 0.000000249
3241 0.000000243
3242 0.000000238
3243 0.000000235
3244 0.000000232
3245 0.000000227
3246 0.000000224
3247 0.000000218
3248 0.000000212
3249 0.000000210
3250 0.000000209
3251 0.000000211
3252 0.000000208
3253 0.000000205
3254 0.000000206
3255 0.000000204
3256 0.000000203
3257 0.000000203
3258 0.000000202
3259 0.000000201
3260 0.000000199
3261 0.000000197
3262 0.000000194
3263 0.000000194
3264 0.000000191
3265 0.000000188
3266 0.000000186
3267 0.000000187
3268 0.000000187
3269 0.000000188
3270 0.000000184
3271 0.000000180
3272 0.000000177
3273 0.000000175
3274 0.000000176
3275 0.000000175
3276 0.000000172
3277 0.000000170
3278 0.000000169
3279 0.000000165
3280 0.000000162
3281 0.000000160
3282 0.000000157
3283 0.000000158
3284 0.000000159
3285 0.000000158
3286 0.000000151
3287 0.000000145
3288 0.000000144
3289 0.000000141
3290 0.000000139
3291 0.000000138
3292 0.000000139
3293 0.000000137
3294 0.000000134
3295 0.000000133
3296 0.000000130
3297 0.000000127
3298 0.000000127
3299 0.000000126
3300 0.000000125
3301 0.000000124
3302 0.000000124
3303 0.000000124
3304 0.000000123
3305 0.000000121
3306 0.000000119
3307 0.000000119
3308 0.000000119
3309 0.000000118
3310 0.000000118
3311 0.000000117
3312 0.000000116
3313 0.000000117
3314 0.000000116
3315 0.000000114
3316 0.000000111
3317 0.000000110
3318 0.000000109
3319 0.000000108
3320 0.000000107
3321 0.000000106
3322 0.000000106
3323 0.000000106
3324 0.000000105
3325 0.000000104
3326 0.000000104
3327 0.000000105
3328 0.000000105
3329 0.000000103
3330 0.000000101
3331 0.000000099
3332 0.000000097
3333 0.000000095
3334 0.000000094
3335 0.000000093
3336 0.000000091
3337 0.000000088
3338 0.000000088
3339 0.000000088
3340 0.000000087
3341 0.000000087
3342 0.000000085
3343 0.000000084
3344 0.000000082
3345 0.000000081
3346 0.000000080
3347 0.000000079
3348 0.000000077
3349 0.000000076
3350 0.000000075
3351 0.000000076
3352 0.000000074
3353 0.000000073
3354 0.000000073
3355 0.000000072
3356 0.000000070
3357 0.000000068
3358 0.000000067
3359 0.000000066
3360 0.000000064
3361 0.000000063
3362 0.000000061
3363 0.000000060
3364 0.000000058
3365 0.000000058
3366 0.000000057
3367 0.000000056
3368 0.000000056
3369 0.000000056
3370 0.000000055
3371 0.000000055
3372 0.000000054
3373 0.000000053
3374 0.000000052
3375 0.000000051
3376 0.000000050
3377 0.000000050
3378 0.000000049
3379 0.000000049
3380 0.000000049
3381 0.000000048
3382 0.000000047
3383 0.000000046
3384 0.000000045
3385 0.000000044
3386 0.000000044
3387 0.000000044
3388 0.000000043
3389 0.000000043
3390 0.000000043
3391 0.000000042
3392 0.000000042
3393 0.000000041
3394 0.000000041
3395 0.000000040
3396 0.000000040
3397 0.000000041
3398 0.000000040
3399 0.000000040
3400 0.000000040
3401 0.000000039
3402 0.000000040
3403 0.000000039
3404 0.000000039
3405 0.000000039
3406 0.000000039
3407 0.000000038
3408 0.000000038
3409 0.000000038
3410 0.000000038
3411 0.000000037
3412 0.000000037
3413 0.000000036
3414 0.000000036
3415 0.000000035
3416 0.000000035
3417 0.000000034
3418 0.000000034
3419 0.000000034
3420 0.000000033
3421 0.000000032
3422 0.000000032
3423 0.000000031
3424 0.000000031
3425 0.000000030
3426 0.000000030
3427 0.000000029
3428 0.000000029
3429 0.000000029
3430 0.000000028
3431 0.000000027
3432 0.000000026
3433 0.000000026
3434 0.000000025
3435 0.000000025
3436 0.000000024
3437 0.000000024
3438 0.000000023
3439 0.000000023
3440 0.000000022
3441 0.000000022
3442 0.000000022
3443 0.000000021
3444 0.000000021
3445 0.000000020
3446 0.000000020
3447 0.000000020
3448 0.000000020
3449 0.000000019
3450 0.000000019
3451 0.000000019
3452 0.000000019
3453 0.000000018
3454 0.000000018
3455 0.000000018
3456 0.000000018
3457 0.000000018
3458 0.000000018
3459 0.000000018
3460 0.000000018
3461 0.000000018
3462 0.000000018
3463 0.000000018
3464 0.000000018
3465 0.000000018
3466 0.000000018
3467 0.000000018
3468 0.000000018
3469 0.000000017
3470 0.000000017
3471 0.000000018
3472 0.000000018
3473 0.000000018
3474 0.000000018
3475 0.000000018
3476 0.000000018
3477 0.000000018
3478 0.000000018
3479 0.000000017
3480 0.000000017
3481 0.000000017
3482 0.000000016
3483 0.000000017
3484 0.000000017
3485 0.000000016
3486 0.000000016
3487 0.000000016
3488 0.000000016
3489 0.000000016
3490 0.000000015
3491 0.000000015
3492 0.000000016
3493 0.000000016
3494 0.000000016
3495 0.000000016
3496 0.000000016
3497 0.000000015
3498 0.000000015
3499 0.000000015
3500 0.000000015
3501 0.000000015
3502 0.000000015
3503 0.000000015
3504 0.000000015
3505 0.000000015
3506 0.000000015
3507 0.000000015
3508 0.000000014
3509 0.000000014
3510 0.000000014
3511 0.000000014
3512 0.000000014
3513 0.000000014
3514 0.000000014
3515 0.000000013
3516 0.000000013
3517 0.000000013
3518 0.000000013
3519 0.000000013
3520 0.000000013
3521 0.000000013
3522 0.000000012
3523 0.000000012
3524 0.000000012
3525 0.000000012
3526 0.000000012
3527 0.000000011
3528 0.000000011
3529 0.000000011
3530 0.000000011
3531 0.000000011
3532 0.000000011
3533 0.000000011
3534 0.000000011
3535 0.000000011
3536 0.000000011
3537 0.000000011
3538 0.000000011
3539 0.000000010
3540 0.000000011
3541 0.000000011
3542 0.000000011
3543 0.000000011
3544 0.000000011
3545 0.000000011
3546 0.000000011
3547 0.000000011
3548 0.000000011
3549 0.000000011
3550 0.000000011
3551 0.000000010
3552 0.000000010
3553 0.000000010
3554 0.000000010
3555 0.000000010
