#ite residual of mtx/thermal2.mtx
1 45.559433
2 29.110542
3 33.937393
4 32.170574
5 33.111347
6 32.610931
7 32.869811
8 31.330391
9 29.723238
10 21.212826
11 16.946279
12 21.804237
13 19.373913
14 20.115121
15 19.943241
16 19.098865
17 18.098484
18 16.117852
19 13.748243
20 14.019580
21 16.053947
22 14.622813
23 14.809760
24 14.461311
25 13.650766
26 12.863274
27 11.640775
28 11.156673
29 12.160883
30 12.384817
31 11.640610
32 11.775571
33 11.390769
34 10.834774
35 10.294397
36 10.093992
37 9.993606
38 10.824680
39 10.154026
40 9.877741
41 9.983343
42 9.505900
43 9.369230
44 9.061844
45 9.216269
46 9.304760
47 9.639369
48 8.967450
49 8.907493
50 8.957618
51 8.490661
52 8.505127
53 8.395534
54 8.696627
55 8.631808
56 8.591199
57 8.176613
58 8.269183
59 8.152178
60 7.851310
61 8.047818
62 7.906056
63 8.081854
64 7.873431
65 7.752282
66 7.611894
67 7.705325
68 7.583656
69 7.494817
70 7.653329
71 7.551912
72 7.583859
73 7.405822
74 7.277819
75 7.242829
76 7.322022
77 7.222707
78 7.329196
79 7.394132
80 7.318000
81 7.200268
82 7.081738
83 7.123782
84 7.118183
85 7.097880
86 7.005024
87 7.126096
88 7.020387
89 7.014422
90 7.072633
91 7.034829
92 7.031938
93 6.972138
94 6.922463
95 6.857121
96 6.900733
97 6.813430
98 6.733986
99 6.713702
100 6.702071
101 6.750065
102 6.729379
103 6.704655
104 6.725579
105 6.693226
106 6.580955
107 6.601556
108 6.540294
109 6.595061
110 6.604523
111 6.622720
112 6.582115
113 6.561529
114 6.528206
115 6.465846
116 6.511661
117 6.458546
118 6.472392
119 6.446541
120 6.418217
121 6.467350
122 6.463201
123 6.442347
124 6.457021
125 6.445359
126 6.409545
127 6.365576
128 6.329983
129 6.308822
130 6.310352
131 6.372789
132 6.442123
133 6.512369
134 6.427520
135 6.349519
136 6.286428
137 6.297378
138 6.317513
139 6.294508
140 6.262706
141 6.225602
142 6.255762
143 6.272600
144 6.280392
145 6.285382
146 6.232848
147 6.237675
148 6.203118
149 6.187127
150 6.199458
151 6.142920
152 6.218279
153 6.087501
154 6.151933
155 6.043921
156 5.732064
157 4.098431
158 4.443882
159 4.299485
160 4.370020
161 4.380767
162 4.332774
163 4.255583
164 4.161952
165 3.690411
166 3.523132
167 3.776254
168 3.642422
169 3.671794
170 3.630748
171 3.594287
172 3.511927
173 3.442958
174 3.317548
175 3.318875
176 3.429834
177 3.328543
178 3.364288
179 3.350012
180 3.373003
181 3.353112
182 3.329167
183 3.307607
184 3.257373
185 3.278432
186 3.288097
187 3.309543
188 3.319038
189 3.364014
190 3.436605
191 3.411344
192 3.392030
193 3.297236
194 3.373731
195 3.424395
196 3.397492
197 3.525277
198 3.530571
199 3.600204
200 3.536163
201 3.465938
202 3.464991
203 3.622309
204 3.609601
205 3.682078
206 3.799258
207 3.793603
208 3.796505
209 3.661894
210 3.663409
211 3.767677
212 3.905982
213 3.834123
214 3.935195
215 3.997829
216 3.878574
217 3.862940
218 3.787148
219 3.886711
220 4.038686
221 4.110417
222 4.068412
223 4.197873
224 4.071002
225 4.016020
226 3.975035
227 4.075090
228 4.178280
229 4.301445
230 4.259723
231 4.275095
232 4.315924
233 4.162771
234 4.216698
235 4.234192
236 4.370476
237 4.396404
238 4.389635
239 4.326709
240 4.409910
241 4.378304
242 4.258044
243 4.316598
244 4.315486
245 4.368002
246 4.347196
247 4.304671
248 4.241345
249 4.271037
250 4.169004
251 4.131072
252 4.303992
253 4.220637
254 4.248855
255 4.211097
256 4.248041
257 4.224256
258 4.171031
259 4.088493
260 4.058170
261 4.119941
262 3.991728
263 3.963434
264 3.907288
265 3.892856
266 3.884284
267 3.854296
268 3.882312
269 3.909994
270 3.854777
271 3.732203
272 3.733290
273 3.724265
274 3.638425
275 3.597335
276 3.574864
277 3.619034
278 3.588513
279 3.549573
280 3.481246
281 3.479236
282 3.434462
283 3.337758
284 3.401079
285 3.362676
286 3.361115
287 3.283034
288 3.213370
289 3.167969
290 3.123657
291 3.076596
292 3.050642
293 3.126305
294 2.997433
295 2.913973
296 2.824213
297 2.799745
298 2.788344
299 2.777276
300 2.732799
301 2.761580
302 2.761804
303 2.569973
304 2.556688
305 2.476250
306 2.457026
307 2.433777
308 2.404693
309 2.363553
310 2.345648
311 2.248517
312 2.053093
313 2.068943
314 2.026110
315 2.014242
316 2.004853
317 1.974295
318 1.976857
319 1.963203
320 1.913948
321 1.862981
322 1.841983
323 1.801388
324 1.784734
325 1.768825
326 1.732607
327 1.732459
328 1.727392
329 1.745718
330 1.710087
331 1.667838
332 1.656491
333 1.637105
334 1.637844
335 1.618336
336 1.631459
337 1.634221
338 1.634920
339 1.545884
340 1.556725
341 1.551335
342 1.533608
343 1.545880
344 1.539185
345 1.551811
346 1.530273
347 1.497488
348 1.455836
349 1.485624
350 1.460802
351 1.464027
352 1.474510
353 1.481041
354 1.468070
355 1.451597
356 1.431107
357 1.454919
358 1.464991
359 1.459372
360 1.487731
361 1.504650
362 1.517865
363 1.496267
364 1.473396
365 1.459643
366 1.472769
367 1.466220
368 1.468512
369 1.474866
370 1.476932
371 1.466957
372 1.483045
373 1.487658
374 1.468992
375 1.470877
376 1.464298
377 1.459471
378 1.457599
379 1.475423
380 1.482201
381 1.494981
382 1.484226
383 1.462630
384 1.457776
385 1.462579
386 1.460412
387 1.475184
388 1.509248
389 1.518770
390 1.523848
391 1.464520
392 1.430620
393 1.415120
394 1.416259
395 1.405909
396 1.422818
397 1.439330
398 1.402827
399 1.386022
400 1.329385
401 1.347401
402 1.356543
403 1.365051
404 1.359205
405 1.381060
406 1.349573
407 1.305965
408 1.278896
409 1.249132
410 1.282988
411 1.277210
412 1.267404
413 1.265003
414 1.281448
415 1.224943
416 1.197629
417 1.184921
418 1.167510
419 1.187319
420 1.149978
421 1.147894
422 1.148731
423 1.145920
424 1.079906
425 1.087897
426 1.065530
427 1.083401
428 1.079187
429 1.044834
430 1.058759
431 1.036664
432 1.009577
433 0.967204
434 0.985898
435 0.952505
436 0.957941
437 0.934049
438 0.915570
439 0.929738
440 0.896134
441 0.878148
442 0.867165
443 0.870553
444 0.840511
445 0.845168
446 0.823123
447 0.836901
448 0.830582
449 0.794637
450 0.779896
451 0.772784
452 0.759859
453 0.753533
454 0.755913
455 0.740787
456 0.742936
457 0.719048
458 0.713873
459 0.710527
460 0.710769
461 0.699545
462 0.704965
463 0.695826
464 0.681318
465 0.668808
466 0.656791
467 0.654124
468 0.650801
469 0.646981
470 0.637093
471 0.640321
472 0.632950
473 0.629504
474 0.633937
475 0.641585
476 0.640409
477 0.638470
478 0.639583
479 0.643722
480 0.651334
481 0.653729
482 0.661352
483 0.667185
484 0.669594
485 0.655187
486 0.663095
487 0.667586
488 0.673198
489 0.679322
490 0.684670
491 0.697378
492 0.711601
493 0.710947
494 0.715851
495 0.730195
496 0.738312
497 0.744691
498 0.752592
499 0.755227
500 0.752775
501 0.747823
502 0.721311
503 0.697834
504 0.668092
505 0.634935
506 0.599178
507 0.564940
508 0.533557
509 0.514784
510 0.507908
511 0.496520
512 0.489349
513 0.474745
514 0.457616
515 0.444234
516 0.426723
517 0.409545
518 0.397647
519 0.386239
520 0.372108
521 0.360921
522 0.354609
523 0.344082
524 0.334692
525 0.318409
526 0.303194
527 0.292957
528 0.282834
529 0.272246
530 0.267095
531 0.266012
532 0.257073
533 0.250673
534 0.239691
535 0.234235
536 0.231175
537 0.224715
538 0.218021
539 0.212243
540 0.207347
541 0.195773
542 0.190519
543 0.182921
544 0.180045
545 0.175119
546 0.168496
547 0.164642
548 0.161025
549 0.155931
550 0.147182
551 0.144610
552 0.139182
553 0.137112
554 0.132648
555 0.128322
556 0.125965
557 0.121250
558 0.115790
559 0.110805
560 0.109197
561 0.105589
562 0.103724
563 0.099196
564 0.096524
565 0.092930
566 0.088763
567 0.085177
568 0.082926
569 0.081311
570 0.078557
571 0.076884
572 0.073190
573 0.070887
574 0.068142
575 0.064550
576 0.062806
577 0.061050
578 0.059569
579 0.058066
580 0.055774
581 0.053597
582 0.051300
583 0.049108
584 0.047359
585 0.046417
586 0.045636
587 0.044537
588 0.042975
589 0.040856
590 0.039487
591 0.038187
592 0.037412
593 0.036974
594 0.036665
595 0.036557
596 0.036103
597 0.034269
598 0.032851
599 0.031962
600 0.031085
601 0.030653
602 0.029916
603 0.029384
604 0.028682
605 0.027946
606 0.026715
607 0.026762
608 0.026169
609 0.026208
610 0.026009
611 0.025625
612 0.026257
613 0.025728
614 0.025210
615 0.024349
616 0.024814
617 0.024319
618 0.024403
619 0.024523
620 0.024340
621 0.025140
622 0.024411
623 0.024442
624 0.024608
625 0.025097
626 0.024927
627 0.025416
628 0.025672
629 0.025889
630 0.026449
631 0.025923
632 0.026305
633 0.026470
634 0.026223
635 0.026264
636 0.026710
637 0.026495
638 0.026555
639 0.025939
640 0.025506
641 0.025025
642 0.024237
643 0.022881
644 0.022235
645 0.021136
646 0.019594
647 0.018419
648 0.016828
649 0.015356
650 0.013802
651 0.012152
652 0.010570
653 0.009360
654 0.007926
655 0.006555
656 0.005470
657 0.004539
658 0.003779
659 0.003213
660 0.002822
661 0.002583
662 0.002510
663 0.002485
664 0.002562
665 0.002703
666 0.002813
667 0.002886
668 0.002929
669 0.002907
670 0.002854
671 0.002755
672 0.002624
673 0.002593
674 0.002615
675 0.002637
676 0.002674
677 0.002750
678 0.002743
679 0.002729
680 0.002639
681 0.002608
682 0.002590
683 0.002611
684 0.002620
685 0.002707
686 0.002810
687 0.002812
688 0.002866
689 0.002848
690 0.002889
691 0.002893
692 0.002897
693 0.002890
694 0.002933
695 0.002982
696 0.002939
697 0.002943
698 0.002861
699 0.002858
700 0.002846
701 0.002861
702 0.002900
703 0.002934
704 0.002933
705 0.002886
706 0.002914
707 0.002910
708 0.002951
709 0.002994
710 0.003032
711 0.003064
712 0.003078
713 0.003058
714 0.003066
715 0.003064
716 0.003086
717 0.003143
718 0.003189
719 0.003220
720 0.003201
721 0.003139
722 0.003073
723 0.003040
724 0.002974
725 0.002953
726 0.002949
727 0.002949
728 0.002924
729 0.002911
730 0.002902
731 0.002905
732 0.002889
733 0.002858
734 0.002833
735 0.002811
736 0.002785
737 0.002729
738 0.002698
739 0.002659
740 0.002613
741 0.002552
742 0.002501
743 0.002432
744 0.002399
745 0.002332
746 0.002297
747 0.002282
748 0.002232
749 0.002184
750 0.002132
751 0.002101
752 0.002052
753 0.002025
754 0.001997
755 0.001971
756 0.001947
757 0.001890
758 0.001863
759 0.001851
760 0.001832
761 0.001834
762 0.001827
763 0.001784
764 0.001724
765 0.001668
766 0.001601
767 0.001550
768 0.001502
769 0.001462
770 0.001427
771 0.001386
772 0.001330
773 0.001275
774 0.001239
775 0.001194
776 0.001171
777 0.001140
778 0.001110
779 0.001081
780 0.001035
781 0.000997
782 0.000958
783 0.000948
784 0.000927
785 0.000930
786 0.000937
787 0.000938
788 0.000939
789 0.000931
790 0.000945
791 0.000950
792 0.000977
793 0.000980
794 0.001005
795 0.001001
796 0.000972
797 0.000941
798 0.000903
799 0.000882
800 0.000853
801 0.000843
802 0.000814
803 0.000817
804 0.000782
805 0.000757
806 0.000733
807 0.000714
808 0.000692
809 0.000670
810 0.000651
811 0.000630
812 0.000620
813 0.000582
814 0.000568
815 0.000551
816 0.000540
817 0.000527
818 0.000521
819 0.000513
820 0.000522
821 0.000521
822 0.000529
823 0.000550
824 0.000552
825 0.000554
826 0.000551
827 0.000558
828 0.000558
829 0.000566
830 0.000565
831 0.000580
832 0.000600
833 0.000599
834 0.000599
835 0.000599
836 0.000596
837 0.000583
838 0.000581
839 0.000579
840 0.000597
841 0.000607
842 0.000613
843 0.000618
844 0.000611
845 0.000599
846 0.000587
847 0.000581
848 0.000582
849 0.000591
850 0.000591
851 0.000583
852 0.000576
853 0.000570
854 0.000562
855 0.000562
856 0.000566
857 0.000564
858 0.000563
859 0.000556
860 0.000558
861 0.000552
862 0.000547
863 0.000545
864 0.000541
865 0.000534
866 0.000522
867 0.000514
868 0.000513
869 0.000505
870 0.000504
871 0.000498
872 0.000493
873 0.000488
874 0.000479
875 0.000476
876 0.000471
877 0.000469
878 0.000459
879 0.000457
880 0.000444
881 0.000438
882 0.000426
883 0.000419
884 0.000416
885 0.000413
886 0.000408
887 0.000398
888 0.000397
889 0.000384
890 0.000379
891 0.000371
892 0.000371
893 0.000362
894 0.000361
895 0.000351
896 0.000345
897 0.000338
898 0.000326
899 0.000326
900 0.000316
901 0.000309
902 0.000302
903 0.000294
904 0.000289
905 0.000279
906 0.000269
907 0.000261
908 0.000256
909 0.000251
910 0.000241
911 0.000236
912 0.000229
913 0.000224
914 0.000216
915 0.000209
916 0.000204
917 0.000201
918 0.000196
919 0.000191
920 0.000193
921 0.000193
922 0.000198
923 0.000203
924 0.000207
925 0.000210
926 0.000212
927 0.000214
928 0.000214
929 0.000217
930 0.000214
931 0.000213
932 0.000209
933 0.000208
934 0.000207
935 0.000207
936 0.000211
937 0.000218
938 0.000223
939 0.000221
940 0.000225
941 0.000225
942 0.000225
943 0.000223
944 0.000225
945 0.000229
946 0.000236
947 0.000237
948 0.000236
949 0.000241
950 0.000242
951 0.000249
952 0.000248
953 0.000246
954 0.000241
955 0.000236
956 0.000230
957 0.000226
958 0.000223
959 0.000219
960 0.000216
961 0.000216
962 0.000214
963 0.000211
964 0.000206
965 0.000199
966 0.000197
967 0.000191
968 0.000189
969 0.000186
970 0.000184
971 0.000183
972 0.000181
973 0.000182
974 0.000181
975 0.000180
976 0.000180
977 0.000178
978 0.000179
979 0.000178
980 0.000179
981 0.000178
982 0.000178
983 0.000178
984 0.000176
985 0.000177
986 0.000176
987 0.000178
988 0.000180
989 0.000178
990 0.000178
991 0.000178
992 0.000178
993 0.000179
994 0.000178
995 0.000175
996 0.000178
997 0.000178
998 0.000178
999 0.000176
1000 0.000175
1001 0.000174
1002 0.000175
1003 0.000173
1004 0.000172
1005 0.000174
1006 0.000173
1007 0.000172
1008 0.000171
1009 0.000172
1010 0.000171
1011 0.000171
1012 0.000171
1013 0.000172
1014 0.000174
1015 0.000170
1016 0.000171
1017 0.000170
1018 0.000170
1019 0.000168
1020 0.000168
1021 0.000167
1022 0.000168
1023 0.000169
1024 0.000168
1025 0.000172
1026 0.000173
1027 0.000172
1028 0.000174
1029 0.000175
1030 0.000175
1031 0.000176
1032 0.000174
1033 0.000173
1034 0.000173
1035 0.000169
1036 0.000166
1037 0.000165
1038 0.000163
1039 0.000161
1040 0.000159
1041 0.000155
1042 0.000154
1043 0.000151
1044 0.000146
1045 0.000143
1046 0.000141
1047 0.000138
1048 0.000135
1049 0.000131
1050 0.000128
1051 0.000125
1052 0.000121
1053 0.000118
1054 0.000118
1055 0.000117
1056 0.000115
1057 0.000116
1058 0.000115
1059 0.000115
1060 0.000113
1061 0.000113
1062 0.000113
1063 0.000115
1064 0.000113
1065 0.000110
1066 0.000108
1067 0.000104
1068 0.000102
1069 0.000099
1070 0.000100
1071 0.000098
1072 0.000098
1073 0.000096
1074 0.000095
1075 0.000095
1076 0.000093
1077 0.000093
1078 0.000093
1079 0.000093
1080 0.000091
1081 0.000089
1082 0.000088
1083 0.000087
1084 0.000086
1085 0.000084
1086 0.000084
1087 0.000082
1088 0.000080
1089 0.000078
1090 0.000076
1091 0.000074
1092 0.000073
1093 0.000072
1094 0.000071
1095 0.000071
1096 0.000069
1097 0.000067
1098 0.000066
1099 0.000065
1100 0.000063
1101 0.000063
1102 0.000062
1103 0.000062
1104 0.000061
1105 0.000059
1106 0.000058
1107 0.000057
1108 0.000056
1109 0.000055
1110 0.000055
1111 0.000054
1112 0.000053
1113 0.000052
1114 0.000051
1115 0.000049
1116 0.000049
1117 0.000048
1118 0.000047
1119 0.000047
1120 0.000046
1121 0.000045
1122 0.000044
1123 0.000043
1124 0.000043
1125 0.000042
1126 0.000042
1127 0.000041
1128 0.000041
1129 0.000040
1130 0.000039
1131 0.000039
1132 0.000038
1133 0.000037
1134 0.000037
1135 0.000037
1136 0.000036
1137 0.000036
1138 0.000035
1139 0.000034
1140 0.000033
1141 0.000033
1142 0.000032
1143 0.000032
1144 0.000031
1145 0.000030
1146 0.000030
1147 0.000029
1148 0.000029
1149 0.000028
1150 0.000028
1151 0.000027
1152 0.000027
1153 0.000026
1154 0.000026
1155 0.000026
1156 0.000026
1157 0.000026
1158 0.000025
1159 0.000025
1160 0.000025
1161 0.000025
1162 0.000025
1163 0.000025
1164 0.000024
1165 0.000024
1166 0.000024
1167 0.000024
1168 0.000024
1169 0.000023
1170 0.000023
1171 0.000022
1172 0.000022
1173 0.000021
1174 0.000021
1175 0.000021
1176 0.000020
1177 0.000020
1178 0.000020
1179 0.000019
1180 0.000019
1181 0.000018
1182 0.000018
1183 0.000017
1184 0.000017
1185 0.000017
1186 0.000016
1187 0.000016
1188 0.000016
1189 0.000015
1190 0.000015
1191 0.000015
1192 0.000015
1193 0.000015
1194 0.000015
1195 0.000015
1196 0.000015
1197 0.000014
1198 0.000014
1199 0.000014
1200 0.000013
1201 0.000013
1202 0.000013
1203 0.000013
1204 0.000013
1205 0.000013
1206 0.000012
1207 0.000012
1208 0.000012
1209 0.000012
1210 0.000012
1211 0.000012
1212 0.000012
1213 0.000012
1214 0.000012
1215 0.000012
1216 0.000012
1217 0.000012
1218 0.000012
1219 0.000012
1220 0.000012
1221 0.000012
1222 0.000012
1223 0.000012
1224 0.000012
1225 0.000012
1226 0.000012
1227 0.000012
1228 0.000012
1229 0.000012
1230 0.000012
1231 0.000012
1232 0.000012
1233 0.000012
1234 0.000012
1235 0.000011
1236 0.000011
1237 0.000011
1238 0.000011
1239 0.000011
1240 0.000011
1241 0.000011
1242 0.000011
1243 0.000011
1244 0.000010
1245 0.000010
1246 0.000010
1247 0.000010
1248 0.000010
1249 0.000010
1250 0.000010
1251 0.000010
1252 0.000010
1253 0.000010
1254 0.000010
1255 0.000010
1256 0.000009
1257 0.000009
1258 0.000009
1259 0.000009
1260 0.000009
1261 0.000009
1262 0.000008
1263 0.000008
1264 0.000008
1265 0.000008
1266 0.000008
1267 0.000008
1268 0.000008
1269 0.000007
1270 0.000007
1271 0.000007
1272 0.000007
1273 0.000007
1274 0.000007
1275 0.000007
1276 0.000007
1277 0.000006
1278 0.000006
1279 0.000006
1280 0.000006
1281 0.000006
1282 0.000006
1283 0.000006
1284 0.000006
1285 0.000006
1286 0.000005
1287 0.000005
1288 0.000005
1289 0.000005
1290 0.000005
1291 0.000005
1292 0.000005
1293 0.000005
1294 0.000005
1295 0.000005
1296 0.000005
1297 0.000005
1298 0.000005
1299 0.000005
1300 0.000005
1301 0.000005
1302 0.000005
1303 0.000005
1304 0.000005
1305 0.000004
1306 0.000004
1307 0.000004
1308 0.000004
1309 0.000004
1310 0.000004
1311 0.000004
1312 0.000004
1313 0.000004
1314 0.000004
1315 0.000003
1316 0.000003
1317 0.000003
1318 0.000003
1319 0.000003
1320 0.000003
1321 0.000003
1322 0.000003
1323 0.000003
1324 0.000003
1325 0.000003
1326 0.000003
1327 0.000003
1328 0.000003
1329 0.000003
1330 0.000003
1331 0.000003
1332 0.000003
1333 0.000003
1334 0.000002
1335 0.000002
1336 0.000002
1337 0.000002
1338 0.000002
1339 0.000002
1340 0.000002
1341 0.000002
1342 0.000002
1343 0.000002
1344 0.000002
1345 0.000002
1346 0.000002
1347 0.000002
1348 0.000002
1349 0.000002
1350 0.000002
1351 0.000002
1352 0.000002
1353 0.000002
1354 0.000002
1355 0.000002
1356 0.000002
1357 0.000002
1358 0.000002
1359 0.000002
1360 0.000002
1361 0.000002
1362 0.000002
1363 0.000002
1364 0.000002
1365 0.000002
1366 0.000002
1367 0.000002
1368 0.000002
1369 0.000002
1370 0.000002
1371 0.000002
1372 0.000002
1373 0.000002
1374 0.000002
1375 0.000002
1376 0.000002
1377 0.000002
1378 0.000002
1379 0.000002
1380 0.000002
1381 0.000002
1382 0.000002
1383 0.000002
1384 0.000002
1385 0.000002
1386 0.000002
1387 0.000002
1388 0.000002
1389 0.000002
1390 0.000002
1391 0.000002
1392 0.000002
1393 0.000002
1394 0.000002
1395 0.000002
1396 0.000002
1397 0.000002
1398 0.000001
1399 0.000001
1400 0.000001
1401 0.000001
1402 0.000001
1403 0.000001
1404 0.000001
1405 0.000001
1406 0.000001
1407 0.000001
1408 0.000001
1409 0.000001
1410 0.000001
1411 0.000001
1412 0.000001
1413 0.000001
1414 0.000001
1415 0.000001
1416 0.000001
1417 0.000001
1418 0.000001
1419 0.000001
1420 0.000001
1421 0.000001
1422 0.000001
1423 0.000001
1424 0.000001
1425 0.000001
1426 0.000001
1427 0.000001
1428 0.000001
1429 0.000001
1430 0.000001
1431 0.000001
