#ite residual of mtx/thermal2.mtx
1 42.781912
2 27.510008
3 31.902929
4 30.256098
5 31.163454
6 30.746436
7 31.105675
8 29.533656
9 27.967027
10 19.582699
11 15.361791
12 20.098346
13 17.756225
14 18.405259
15 18.274300
16 17.412899
17 16.303925
18 14.374360
19 11.872035
20 12.310506
21 13.956924
22 12.824254
23 12.896684
24 12.598812
25 11.889480
26 10.740414
27 9.790355
28 9.109851
29 10.600438
30 10.301393
31 9.745103
32 9.867370
33 9.264870
34 8.793687
35 8.063704
36 7.963065
37 7.811062
38 8.776188
39 8.012937
40 7.623096
41 7.756524
42 7.000783
43 6.930469
44 6.450968
45 6.833043
46 6.997156
47 7.245429
48 6.490113
49 6.462818
50 6.456348
51 5.861298
52 5.898480
53 5.805152
54 6.128894
55 6.134146
56 5.997093
57 5.486084
58 5.545147
59 5.381770
60 5.009584
61 5.191017
62 5.105496
63 5.317952
64 5.076060
65 4.864585
66 4.618756
67 4.759506
68 4.540458
69 4.450956
70 4.688921
71 4.597489
72 4.618276
73 4.323443
74 4.163516
75 4.135308
76 4.202693
77 4.004464
78 4.206861
79 4.275047
80 4.142707
81 4.003582
82 3.777242
83 3.822041
84 3.828187
85 3.777388
86 3.721195
87 3.898542
88 3.723011
89 3.620863
90 3.498267
91 3.484962
92 3.545220
93 3.599548
94 3.533799
95 3.557096
96 3.602782
97 3.351198
98 3.259636
99 3.180258
100 3.218698
101 3.262222
102 3.226810
103 3.214057
104 3.231090
105 3.196387
106 2.941169
107 3.004439
108 2.945112
109 3.030910
110 3.044795
111 2.992188
112 3.005647
113 2.954423
114 2.832919
115 2.723996
116 2.832112
117 2.794935
118 2.847486
119 2.796932
120 2.756824
121 2.772926
122 2.694526
123 2.598630
124 2.660746
125 2.703669
126 2.672496
127 2.665092
128 2.577680
129 2.573776
130 2.511648
131 2.479188
132 2.482420
133 2.617637
134 2.549738
135 2.492243
136 2.468348
137 2.410841
138 2.439948
139 2.365232
140 2.350808
141 2.383021
142 2.448391
143 2.379743
144 2.350516
145 2.343743
146 2.286882
147 2.295271
148 2.234508
149 2.279411
150 2.313042
151 2.304498
152 2.210496
153 2.224270
154 2.169214
155 2.139471
156 2.147501
157 2.120495
158 2.177892
159 2.134861
160 2.097659
161 2.039964
162 2.054498
163 1.993722
164 1.978669
165 1.966390
166 1.949590
167 1.976500
168 1.901217
169 1.869358
170 1.848565
171 1.841420
172 1.810687
173 1.849654
174 1.859615
175 1.827282
176 1.822379
177 1.721611
178 1.698741
179 1.685623
180 1.683110
181 1.656506
182 1.678953
183 1.685683
184 1.659076
185 1.644888
186 1.583250
187 1.579105
188 1.568033
189 1.543851
190 1.535890
191 1.542970
192 1.510460
193 1.490277
194 1.443401
195 1.431755
196 1.433836
197 1.420263
198 1.404388
199 1.396406
200 1.411125
201 1.356989
202 1.352712
203 1.319020
204 1.318319
205 1.325557
206 1.293883
207 1.297049
208 1.287472
209 1.264735
210 1.215827
211 1.212428
212 1.197560
213 1.209165
214 1.194795
215 1.175782
216 1.173915
217 1.163899
218 1.129677
219 1.115386
220 1.117862
221 1.107414
222 1.111096
223 1.078590
224 1.068419
225 1.049406
226 1.023532
227 0.997510
228 0.997359
229 1.001080
230 0.991772
231 0.988261
232 0.949259
233 0.954636
234 0.933867
235 0.913039
236 0.912728
237 0.913528
238 0.901015
239 0.884581
240 0.871448
241 0.850853
242 0.846145
243 0.823481
244 0.813474
245 0.820891
246 0.821254
247 0.797404
248 0.792279
249 0.779371
250 0.770515
251 0.762103
252 0.739973
253 0.733610
254 0.728385
255 0.714943
256 0.691957
257 0.689427
258 0.673281
259 0.669449
260 0.656714
261 0.642208
262 0.652503
263 0.629852
264 0.615260
265 0.598411
266 0.598769
267 0.589553
268 0.586012
269 0.580110
270 0.564036
271 0.565730
272 0.543093
273 0.534920
274 0.525492
275 0.515842
276 0.507606
277 0.505397
278 0.496329
279 0.492132
280 0.482964
281 0.463753
282 0.458275
283 0.451155
284 0.443801
285 0.436790
286 0.433558
287 0.425362
288 0.419674
289 0.402676
290 0.391335
291 0.389620
292 0.384868
293 0.380156
294 0.374388
295 0.366155
296 0.354097
297 0.345667
298 0.330486
299 0.325685
300 0.321561
301 0.313292
302 0.306044
303 0.298911
304 0.290637
305 0.280635
306 0.272949
307 0.263236
308 0.263211
309 0.255478
310 0.248576
311 0.244690
312 0.239180
313 0.232472
314 0.222959
315 0.214931
316 0.212479
317 0.206723
318 0.205534
319 0.198409
320 0.196176
321 0.192015
322 0.183189
323 0.181368
324 0.175725
325 0.173315
326 0.171428
327 0.164022
328 0.165370
329 0.160490
330 0.156670
331 0.149731
332 0.145581
333 0.142547
334 0.138996
335 0.135567
336 0.128567
337 0.127586
338 0.122064
339 0.117809
340 0.115378
341 0.112330
342 0.110233
343 0.107305
344 0.103168
345 0.100118
346 0.097350
347 0.093521
348 0.091262
349 0.088493
350 0.086068
351 0.082393
352 0.079614
353 0.075955
354 0.073346
355 0.070575
356 0.067841
357 0.067355
358 0.064693
359 0.062543
360 0.059928
361 0.057453
362 0.055480
363 0.053527
364 0.051372
365 0.050102
366 0.049061
367 0.047158
368 0.045564
369 0.044299
370 0.042671
371 0.041228
372 0.040012
373 0.038796
374 0.038085
375 0.037144
376 0.035126
377 0.034042
378 0.032530
379 0.031698
380 0.030315
381 0.029388
382 0.028153
383 0.027548
384 0.026230
385 0.025074
386 0.024327
387 0.023166
388 0.022426
389 0.021479
390 0.020825
391 0.020115
392 0.019386
393 0.018342
394 0.017441
395 0.016795
396 0.016054
397 0.015439
398 0.014809
399 0.014279
400 0.013871
401 0.013436
402 0.012765
403 0.012278
404 0.011815
405 0.011318
406 0.010858
407 0.010368
408 0.009965
409 0.009565
410 0.009098
411 0.008734
412 0.008474
413 0.008160
414 0.007913
415 0.007642
416 0.007457
417 0.007230
418 0.006990
419 0.006693
420 0.006551
421 0.006418
422 0.006242
423 0.006120
424 0.005932
425 0.005798
426 0.005665
427 0.005564
428 0.005488
429 0.005501
430 0.005437
431 0.005351
432 0.005337
433 0.005270
434 0.005231
435 0.005109
436 0.004990
437 0.004904
438 0.004770
439 0.004531
440 0.004346
441 0.004347
442 0.004192
443 0.004096
444 0.004136
445 0.003963
446 0.004035
447 0.003893
448 0.003837
449 0.003818
450 0.003646
451 0.003614
452 0.003498
453 0.003460
454 0.003416
455 0.003277
456 0.003186
457 0.003047
458 0.002982
459 0.002853
460 0.002751
461 0.002663
462 0.002534
463 0.002435
464 0.002317
465 0.002188
466 0.002115
467 0.002024
468 0.001933
469 0.001922
470 0.001838
471 0.001867
472 0.001742
473 0.001725
474 0.001643
475 0.001589
476 0.001501
477 0.001437
478 0.001393
479 0.001316
480 0.001262
481 0.001201
482 0.001146
483 0.001111
484 0.001052
485 0.001016
486 0.000979
487 0.000942
488 0.000898
489 0.000852
490 0.000824
491 0.000794
492 0.000774
493 0.000747
494 0.000725
495 0.000708
496 0.000677
497 0.000650
498 0.000629
499 0.000611
500 0.000594
501 0.000573
502 0.000547
503 0.000511
504 0.000478
505 0.000459
506 0.000435
507 0.000412
508 0.000404
509 0.000376
510 0.000372
511 0.000352
512 0.000343
513 0.000323
514 0.000305
515 0.000295
516 0.000281
517 0.000272
518 0.000259
519 0.000251
520 0.000240
521 0.000231
522 0.000221
523 0.000211
524 0.000209
525 0.000203
526 0.000197
527 0.000191
528 0.000183
529 0.000180
530 0.000170
531 0.000165
532 0.000160
533 0.000158
534 0.000154
535 0.000150
536 0.000148
537 0.000144
538 0.000143
539 0.000141
540 0.000141
541 0.000141
542 0.000140
543 0.000138
544 0.000138
545 0.000138
546 0.000138
547 0.000138
548 0.000139
549 0.000144
550 0.000147
551 0.000149
552 0.000149
553 0.000151
554 0.000153
555 0.000156
556 0.000161
557 0.000165
558 0.000173
559 0.000176
560 0.000179
561 0.000184
562 0.000188
563 0.000192
564 0.000197
565 0.000203
566 0.000208
567 0.000216
568 0.000221
569 0.000225
570 0.000232
571 0.000237
572 0.000241
573 0.000248
574 0.000254
575 0.000259
576 0.000262
577 0.000260
578 0.000261
579 0.000262
580 0.000260
581 0.000259
582 0.000257
583 0.000249
584 0.000241
585 0.000230
586 0.000221
587 0.000212
588 0.000200
589 0.000190
590 0.000179
591 0.000169
592 0.000156
593 0.000146
594 0.000136
595 0.000127
596 0.000119
597 0.000111
598 0.000105
599 0.000099
600 0.000092
601 0.000086
602 0.000081
603 0.000075
604 0.000071
605 0.000067
606 0.000064
607 0.000061
608 0.000058
609 0.000056
610 0.000055
611 0.000054
612 0.000054
613 0.000053
614 0.000053
615 0.000054
616 0.000055
617 0.000057
618 0.000058
619 0.000060
620 0.000061
621 0.000063
622 0.000066
623 0.000067
624 0.000071
625 0.000074
626 0.000077
627 0.000081
628 0.000085
629 0.000087
630 0.000090
631 0.000090
632 0.000090
633 0.000088
634 0.000085
635 0.000081
636 0.000077
637 0.000071
638 0.000066
639 0.000060
640 0.000054
641 0.000049
642 0.000044
643 0.000039
644 0.000036
645 0.000034
646 0.000032
647 0.000030
648 0.000030
649 0.000031
650 0.000032
651 0.000035
652 0.000038
653 0.000043
654 0.000048
655 0.000051
656 0.000053
657 0.000054
658 0.000052
659 0.000049
660 0.000044
661 0.000040
662 0.000037
663 0.000034
664 0.000033
665 0.000032
666 0.000033
667 0.000034
668 0.000035
669 0.000035
670 0.000034
671 0.000032
672 0.000030
673 0.000029
674 0.000028
675 0.000028
676 0.000029
677 0.000029
678 0.000029
679 0.000028
680 0.000027
681 0.000026
682 0.000025
683 0.000025
684 0.000024
685 0.000024
686 0.000023
687 0.000022
688 0.000022
689 0.000021
690 0.000020
691 0.000019
692 0.000019
693 0.000018
694 0.000018
695 0.000018
696 0.000017
697 0.000017
698 0.000016
699 0.000016
700 0.000016
701 0.000015
702 0.000015
703 0.000014
704 0.000014
705 0.000014
706 0.000013
707 0.000013
708 0.000013
709 0.000012
710 0.000012
711 0.000012
712 0.000012
713 0.000012
714 0.000011
715 0.000011
716 0.000011
717 0.000011
718 0.000011
719 0.000010
720 0.000010
721 0.000010
722 0.000010
723 0.000010
724 0.000009
725 0.000009
726 0.000009
727 0.000009
728 0.000009
729 0.000009
730 0.000008
731 0.000008
732 0.000008
733 0.000008
734 0.000008
735 0.000008
736 0.000008
737 0.000008
738 0.000008
739 0.000008
740 0.000008
741 0.000007
742 0.000007
743 0.000007
744 0.000007
745 0.000007
746 0.000007
747 0.000007
748 0.000006
749 0.000006
750 0.000006
751 0.000006
752 0.000006
753 0.000006
754 0.000006
755 0.000005
756 0.000005
757 0.000005
758 0.000005
759 0.000005
760 0.000005
761 0.000005
762 0.000005
763 0.000005
764 0.000005
765 0.000005
766 0.000005
767 0.000005
768 0.000005
769 0.000005
770 0.000005
771 0.000006
772 0.000006
773 0.000006
774 0.000006
775 0.000006
776 0.000006
777 0.000007
778 0.000007
779 0.000007
780 0.000007
781 0.000007
782 0.000007
783 0.000007
784 0.000007
785 0.000007
786 0.000006
787 0.000006
788 0.000006
789 0.000006
790 0.000006
791 0.000006
792 0.000006
793 0.000006
794 0.000006
795 0.000006
796 0.000006
797 0.000006
798 0.000006
799 0.000005
800 0.000005
801 0.000005
802 0.000005
803 0.000005
804 0.000005
805 0.000005
806 0.000005
807 0.000004
808 0.000004
809 0.000004
810 0.000004
811 0.000004
812 0.000004
813 0.000004
814 0.000004
815 0.000004
816 0.000004
817 0.000004
818 0.000003
819 0.000003
820 0.000003
821 0.000003
822 0.000003
823 0.000003
824 0.000003
825 0.000003
826 0.000003
827 0.000003
828 0.000003
829 0.000003
830 0.000003
831 0.000002
832 0.000002
833 0.000002
834 0.000002
835 0.000002
836 0.000002
837 0.000002
838 0.000002
839 0.000002
840 0.000002
841 0.000002
842 0.000002
843 0.000002
844 0.000001
845 0.000001
846 0.000001
847 0.000001
848 0.000001
849 0.000001
850 0.000001
851 0.000001
852 0.000001
853 0.000001
