#ite residual of mtx/G3_circuit.mtx
1 10.807662
2 7.619936
3 9.915409
4 13.004309
5 11.136131
6 9.416194
7 12.047417
8 8.988977
9 7.420799
10 6.323186
11 3.628458
12 3.070119
13 2.257353
14 3.372963
15 2.037824
16 1.967226
17 2.280799
18 2.206891
19 1.407500
20 0.935194
21 0.874739
22 1.574879
23 1.751670
24 1.675692
25 2.213726
26 1.541933
27 1.524092
28 1.344665
29 1.324018
30 1.727812
31 1.391738
32 1.199294
33 1.364764
34 1.121894
35 0.954148
36 1.014319
37 0.894320
38 1.183581
39 1.069484
40 1.059866
41 1.076342
42 0.815600
43 0.918453
44 0.700356
45 0.783365
46 0.766292
47 0.776557
48 0.673904
49 0.651899
50 0.528279
51 0.573026
52 0.507885
53 0.437814
54 0.427027
55 0.386784
56 0.371478
57 0.313119
58 0.277280
59 0.261524
60 0.265652
61 0.225840
62 0.196773
63 0.171534
64 0.160043
65 0.166694
66 0.145926
67 0.142526
68 0.149460
69 0.124860
70 0.120965
71 0.122884
72 0.110075
73 0.123057
74 0.089606
75 0.089122
76 0.073147
77 0.076184
78 0.062936
79 0.061892
80 0.063301
81 0.057094
82 0.054008
83 0.048766
84 0.040698
85 0.041490
86 0.037314
87 0.035381
88 0.036069
89 0.031819
90 0.027874
91 0.025761
92 0.021610
93 0.021790
94 0.020733
95 0.018179
96 0.014413
97 0.013522
98 0.011754
99 0.010017
100 0.008669
101 0.007402
102 0.006754
103 0.005703
104 0.005152
105 0.004193
106 0.004192
107 0.003124
108 0.002788
109 0.002160
110 0.002040
111 0.001713
112 0.001657
113 0.001541
114 0.001562
115 0.001781
116 0.001867
117 0.001903
118 0.002021
119 0.002085
120 0.001882
121 0.002164
122 0.001815
123 0.002126
124 0.001817
125 0.001490
126 0.001550
127 0.001296
128 0.001486
129 0.001253
130 0.001311
131 0.001200
132 0.001074
133 0.001135
134 0.001035
135 0.001045
136 0.000884
137 0.000983
138 0.000894
139 0.000905
140 0.000878
141 0.000884
142 0.000930
143 0.000904
144 0.000860
145 0.000878
146 0.000883
147 0.000875
148 0.000798
149 0.000742
150 0.000685
151 0.000667
152 0.000608
153 0.000576
154 0.000584
155 0.000612
156 0.000567
157 0.000492
158 0.000454
159 0.000459
160 0.000436
161 0.000401
162 0.000417
163 0.000421
164 0.000436
165 0.000399
166 0.000414
167 0.000438
168 0.000460
169 0.000439
170 0.000479
171 0.000469
172 0.000472
173 0.000456
174 0.000399
175 0.000361
176 0.000348
177 0.000327
178 0.000315
179 0.000269
180 0.000252
181 0.000234
182 0.000206
183 0.000192
184 0.000174
185 0.000159
186 0.000140
187 0.000130
188 0.000120
189 0.000117
190 0.000105
191 0.000103
192 0.000101
193 0.000102
194 0.000108
195 0.000118
196 0.000126
197 0.000129
198 0.000142
199 0.000152
200 0.000152
201 0.000139
202 0.000147
203 0.000152
204 0.000155
205 0.000143
206 0.000139
207 0.000144
208 0.000130
209 0.000137
210 0.000134
211 0.000138
212 0.000133
213 0.000134
214 0.000129
215 0.000124
216 0.000124
217 0.000113
218 0.000102
219 0.000090
220 0.000081
221 0.000077
222 0.000065
223 0.000057
224 0.000055
225 0.000053
226 0.000047
227 0.000045
228 0.000044
229 0.000040
230 0.000036
231 0.000033
232 0.000034
233 0.000034
234 0.000035
235 0.000033
236 0.000033
237 0.000031
238 0.000032
239 0.000031
240 0.000032
241 0.000030
242 0.000032
243 0.000032
244 0.000029
245 0.000027
246 0.000026
247 0.000023
248 0.000021
249 0.000018
250 0.000018
251 0.000016
252 0.000014
253 0.000014
254 0.000012
255 0.000012
256 0.000011
257 0.000011
258 0.000011
259 0.000011
260 0.000011
261 0.000011
262 0.000010
263 0.000010
264 0.000009
265 0.000009
266 0.000008
267 0.000008
268 0.000008
269 0.000008
270 0.000007
271 0.000007
272 0.000006
273 0.000006
274 0.000006
275 0.000005
276 0.000005
277 0.000005
278 0.000005
279 0.000005
280 0.000004
281 0.000004
282 0.000004
283 0.000004
284 0.000003
285 0.000003
286 0.000003
287 0.000003
288 0.000002
289 0.000002
290 0.000002
291 0.000002
292 0.000002
293 0.000002
294 0.000002
295 0.000001
296 0.000001
297 0.000001
298 0.000001
299 0.000001
300 0.000001
301 0.000001
302 0.000001
303 0.000001
304 0.000001
305 0.000001
306 0.000001
307 0.000001
