#ite residual of mtx/thermal1.mtx
1 13.322210
2 23.537546
3 18.929405
4 21.136654
5 19.869226
6 20.591045
7 20.193863
8 20.179023
9 20.342744
10 20.072648
11 20.329181
12 19.632953
13 20.501992
14 19.707151
15 20.486569
16 19.475353
17 20.408673
18 19.355698
19 20.141674
20 19.226599
21 20.014271
22 19.230250
23 19.738963
24 19.132609
25 19.355536
26 19.141497
27 19.100052
28 19.248951
29 19.142236
30 19.269259
31 18.803690
32 19.167727
33 18.678985
34 19.069490
35 18.729316
36 19.156485
37 18.630122
38 19.072039
39 18.636265
40 18.964629
41 18.611226
42 18.702793
43 18.450364
44 18.549081
45 18.492664
46 18.301589
47 18.362282
48 18.031862
49 18.247726
50 17.784902
51 18.048464
52 17.802612
53 18.155097
54 17.843828
55 18.176208
56 17.879372
57 17.923307
58 17.733116
59 17.828590
60 17.633769
61 17.694196
62 17.635762
63 17.433982
64 17.494460
65 17.263541
66 17.417162
67 17.127890
68 17.245798
69 16.920351
70 17.224741
71 17.001073
72 17.139486
73 17.017306
74 16.871026
75 16.792937
76 16.844608
77 16.811410
78 16.678515
79 16.716747
80 16.602788
81 16.843401
82 16.569172
83 16.827723
84 16.622399
85 16.713036
86 16.328825
87 16.285398
88 15.990815
89 16.069766
90 16.104122
91 16.097208
92 15.964733
93 15.922377
94 16.002658
95 15.648090
96 15.684858
97 15.736066
98 15.766653
99 15.601623
100 15.792463
101 15.677896
102 15.695336
103 15.401106
104 15.428969
105 15.367811
106 15.356606
107 15.216873
108 15.214656
109 15.238636
110 14.956189
111 15.258624
112 15.142398
113 15.045518
114 14.976035
115 15.294939
116 15.037642
117 14.994686
118 14.884994
119 15.033500
120 14.731365
121 14.662401
122 14.537474
123 14.576671
124 14.492754
125 14.419405
126 14.305392
127 14.150757
128 14.331614
129 14.315748
130 14.244975
131 14.101028
132 14.094192
133 13.919597
134 14.008723
135 13.927731
136 13.837288
137 13.842646
138 13.892093
139 13.772935
140 13.671035
141 13.652319
142 13.533546
143 13.556559
144 13.462515
145 13.488696
146 13.332401
147 13.329362
148 13.293487
149 13.219905
150 13.240351
151 13.185711
152 13.205965
153 13.137247
154 13.144950
155 13.035908
156 12.928181
157 12.753098
158 12.781636
159 12.614095
160 12.652181
161 12.659124
162 12.693203
163 12.554174
164 12.423231
165 12.424622
166 12.360712
167 12.445948
168 12.332485
169 12.352541
170 12.157956
171 12.107206
172 12.057579
173 12.078221
174 12.123783
175 12.243731
176 12.172732
177 12.043729
178 11.884219
179 11.798136
180 11.812131
181 11.696482
182 11.638375
183 11.532938
184 11.568756
185 11.442549
186 11.441305
187 11.330542
188 11.264167
189 11.247395
190 11.214273
191 11.237439
192 11.209325
193 11.171276
194 11.141811
195 11.094486
196 11.048607
197 11.093120
198 10.977616
199 10.924048
200 10.823078
201 10.799833
202 10.726311
203 10.789038
204 10.724807
205 10.707352
206 10.626014
207 10.602115
208 10.572323
209 10.513390
210 10.425199
211 10.327777
212 10.172308
213 10.043233
214 10.073600
215 9.992395
216 9.980313
217 9.920784
218 9.921814
219 9.845401
220 9.812260
221 9.703005
222 9.632613
223 9.612314
224 9.555848
225 9.487795
226 9.461692
227 9.373693
228 9.306191
229 9.305620
230 9.291082
231 9.315558
232 9.251450
233 9.258890
234 9.088167
235 9.047665
236 9.021993
237 8.980500
238 8.900342
239 8.825545
240 8.782149
241 8.735114
242 8.840393
243 8.780563
244 8.694196
245 8.626049
246 8.632591
247 8.538596
248 8.434814
249 8.393114
250 8.395526
251 8.284241
252 8.201007
253 8.168078
254 8.092340
255 8.080818
256 8.075267
257 7.967307
258 7.853499
259 7.904531
260 7.864793
261 7.842364
262 7.799171
263 7.783659
264 7.704532
265 7.639944
266 7.534544
267 7.510747
268 7.429575
269 7.338501
270 7.384716
271 7.322497
272 7.258590
273 7.176277
274 7.181126
275 7.129259
276 7.073166
277 6.977751
278 6.977560
279 6.954124
280 6.874564
281 6.849420
282 6.830670
283 6.764794
284 6.693494
285 6.667711
286 6.620264
287 6.583475
288 6.479985
289 6.465660
290 6.433269
291 6.352620
292 6.270348
293 6.277737
294 6.241660
295 6.251780
296 6.189391
297 6.151632
298 6.049172
299 5.957145
300 5.906607
301 5.820408
302 5.746932
303 5.691067
304 5.711785
305 5.653401
306 5.595065
307 5.531160
308 5.473687
309 5.426372
310 5.447475
311 5.361032
312 5.283789
313 5.224571
314 5.180223
315 5.165494
316 5.089834
317 5.091536
318 5.068030
319 5.031111
320 4.925190
321 4.889476
322 4.838490
323 4.770482
324 4.705489
325 4.669699
326 4.629185
327 4.603002
328 4.549958
329 4.512896
330 4.507324
331 4.480656
332 4.408015
333 4.321487
334 4.303644
335 4.258057
336 4.165032
337 4.085849
338 4.020469
339 3.946325
340 3.936256
341 3.885730
342 3.837509
343 3.818009
344 3.757076
345 3.714205
346 3.639332
347 3.611858
348 3.581333
349 3.547989
350 3.479402
351 3.455721
352 3.411600
353 3.338778
354 3.284594
355 3.243205
356 3.206672
357 3.142287
358 3.125612
359 3.065506
360 3.007186
361 2.944601
362 2.900219
363 2.845522
364 2.808030
365 2.753911
366 2.702087
367 2.645053
368 2.599492
369 2.546403
370 2.508220
371 2.458235
372 2.414567
373 2.355710
374 2.293761
375 2.249027
376 2.181109
377 2.140971
378 2.105070
379 2.060525
380 2.013359
381 1.959702
382 1.908512
383 1.870819
384 1.830612
385 1.792519
386 1.758212
387 1.715365
388 1.655410
389 1.598353
390 1.549284
391 1.492674
392 1.443937
393 1.401670
394 1.357765
395 1.292065
396 1.229702
397 1.178451
398 1.137950
399 1.082404
400 1.038674
401 0.986437
402 0.938330
403 0.893062
404 0.844419
405 0.800094
406 0.745722
407 0.705094
408 0.657848
409 0.610714
410 0.556209
411 0.503238
412 0.450804
413 0.403362
414 0.357889
415 0.309929
416 0.266362
417 0.223490
418 0.181884
419 0.145754
420 0.116361
421 0.092653
422 0.074552
423 0.061669
424 0.053729
425 0.048714
426 0.046479
427 0.045617
428 0.045128
429 0.043822
430 0.042600
431 0.041112
432 0.039915
433 0.039132
434 0.038228
435 0.037443
436 0.036168
437 0.035152
438 0.034123
439 0.033381
440 0.032668
441 0.031676
442 0.030468
443 0.029683
444 0.028625
445 0.027874
446 0.027268
447 0.026706
448 0.026154
449 0.025623
450 0.025507
451 0.025107
452 0.024970
453 0.024721
454 0.024476
455 0.024092
456 0.023740
457 0.023194
458 0.022861
459 0.022340
460 0.021771
461 0.021422
462 0.020930
463 0.020618
464 0.020083
465 0.019673
466 0.019326
467 0.018942
468 0.018292
469 0.017599
470 0.016882
471 0.016211
472 0.015763
473 0.015561
474 0.015468
475 0.015363
476 0.015044
477 0.014613
478 0.014384
479 0.013993
480 0.013658
481 0.013389
482 0.013153
483 0.012848
484 0.012427
485 0.012148
486 0.011942
487 0.011623
488 0.011432
489 0.011250
490 0.010992
491 0.010743
492 0.010468
493 0.010216
494 0.009962
495 0.009821
496 0.009514
497 0.009288
498 0.009101
499 0.008915
500 0.008614
501 0.008332
502 0.008049
503 0.007796
504 0.007678
505 0.007643
506 0.007628
507 0.007618
508 0.007655
509 0.007583
510 0.007425
511 0.007268
512 0.007106
513 0.006960
514 0.006907
515 0.006904
516 0.006926
517 0.006918
518 0.006940
519 0.006922
520 0.006883
521 0.006860
522 0.006863
523 0.006887
524 0.006961
525 0.006968
526 0.006921
527 0.006943
528 0.006989
529 0.007037
530 0.007106
531 0.007022
532 0.006969
533 0.006927
534 0.006841
535 0.006827
536 0.006879
537 0.006907
538 0.006935
539 0.006885
540 0.006859
541 0.006832
542 0.006757
543 0.006593
544 0.006489
545 0.006404
546 0.006352
547 0.006337
548 0.006284
549 0.006324
550 0.006416
551 0.006495
552 0.006559
553 0.006637
554 0.006652
555 0.006613
556 0.006656
557 0.006651
558 0.006631
559 0.006593
560 0.006532
561 0.006466
562 0.006361
563 0.006242
564 0.006154
565 0.006031
566 0.005901
567 0.005758
568 0.005612
569 0.005432
570 0.005294
571 0.005157
572 0.005099
573 0.005004
574 0.004895
575 0.004781
576 0.004655
577 0.004552
578 0.004449
579 0.004353
580 0.004265
581 0.004166
582 0.004071
583 0.004009
584 0.003893
585 0.003811
586 0.003728
587 0.003730
588 0.003742
589 0.003804
590 0.003894
591 0.003981
592 0.004112
593 0.004167
594 0.004202
595 0.004204
596 0.004197
597 0.004198
598 0.004165
599 0.004184
600 0.004213
601 0.004224
602 0.004216
603 0.004178
604 0.004157
605 0.004181
606 0.004188
607 0.004217
608 0.004223
609 0.004245
610 0.004243
611 0.004246
612 0.004293
613 0.004311
614 0.004302
615 0.004330
616 0.004321
617 0.004337
618 0.004349
619 0.004365
620 0.004380
621 0.004405
622 0.004431
623 0.004417
624 0.004410
625 0.004421
626 0.004461
627 0.004484
628 0.004513
629 0.004542
630 0.004549
631 0.004592
632 0.004653
633 0.004716
634 0.004732
635 0.004779
636 0.004786
637 0.004838
638 0.004830
639 0.004873
640 0.004907
641 0.004963
642 0.005013
643 0.005087
644 0.005169
645 0.005210
646 0.005196
647 0.005188
648 0.005217
649 0.005219
650 0.005190
651 0.005150
652 0.005087
653 0.005039
654 0.005001
655 0.004990
656 0.004951
657 0.004880
658 0.004839
659 0.004790
660 0.004774
661 0.004726
662 0.004659
663 0.004598
664 0.004553
665 0.004519
666 0.004487
667 0.004468
668 0.004377
669 0.004268
670 0.004166
671 0.004115
672 0.004103
673 0.004141
674 0.004172
675 0.004209
676 0.004302
677 0.004407
678 0.004481
679 0.004541
680 0.004523
681 0.004467
682 0.004455
683 0.004447
684 0.004410
685 0.004396
686 0.004434
687 0.004445
688 0.004474
689 0.004490
690 0.004448
691 0.004456
692 0.004459
693 0.004420
694 0.004375
695 0.004357
696 0.004392
697 0.004402
698 0.004379
699 0.004410
700 0.004409
701 0.004405
702 0.004380
703 0.004376
704 0.004350
705 0.004327
706 0.004309
707 0.004307
708 0.004292
709 0.004214
710 0.004125
711 0.004036
712 0.003979
713 0.003894
714 0.003810
715 0.003754
716 0.003685
717 0.003646
718 0.003577
719 0.003508
720 0.003452
721 0.003358
722 0.003273
723 0.003187
724 0.003116
725 0.003061
726 0.002998
727 0.002953
728 0.002926
729 0.002881
730 0.002860
731 0.002871
732 0.002859
733 0.002863
734 0.002851
735 0.002825
736 0.002747
737 0.002664
738 0.002596
739 0.002494
740 0.002399
741 0.002315
742 0.002265
743 0.002233
744 0.002184
745 0.002135
746 0.002076
747 0.002019
748 0.001967
749 0.001908
750 0.001858
751 0.001796
752 0.001720
753 0.001664
754 0.001612
755 0.001559
756 0.001517
757 0.001497
758 0.001498
759 0.001516
760 0.001528
761 0.001530
762 0.001537
763 0.001535
764 0.001513
765 0.001476
766 0.001445
767 0.001428
768 0.001423
769 0.001418
770 0.001417
771 0.001403
772 0.001391
773 0.001382
774 0.001372
775 0.001363
776 0.001358
777 0.001348
778 0.001341
779 0.001329
780 0.001311
781 0.001280
782 0.001262
783 0.001241
784 0.001219
785 0.001202
786 0.001188
787 0.001171
788 0.001152
789 0.001135
790 0.001119
791 0.001105
792 0.001092
793 0.001075
794 0.001051
795 0.001029
796 0.001010
797 0.000993
798 0.000976
799 0.000966
800 0.000962
801 0.000942
802 0.000927
803 0.000921
804 0.000920
805 0.000910
806 0.000900
807 0.000890
808 0.000873
809 0.000864
810 0.000864
811 0.000859
812 0.000854
813 0.000849
814 0.000856
815 0.000851
816 0.000835
817 0.000823
818 0.000821
819 0.000824
820 0.000832
821 0.000831
822 0.000834
823 0.000821
824 0.000805
825 0.000790
826 0.000783
827 0.000777
828 0.000768
829 0.000766
830 0.000758
831 0.000755
832 0.000756
833 0.000757
834 0.000758
835 0.000753
836 0.000740
837 0.000723
838 0.000710
839 0.000699
840 0.000689
841 0.000679
842 0.000665
843 0.000655
844 0.000653
845 0.000654
846 0.000646
847 0.000635
848 0.000624
849 0.000612
850 0.000598
851 0.000587
852 0.000579
853 0.000567
854 0.000558
855 0.000546
856 0.000542
857 0.000536
858 0.000522
859 0.000512
860 0.000502
861 0.000495
862 0.000493
863 0.000490
864 0.000485
865 0.000478
866 0.000472
867 0.000467
868 0.000459
869 0.000454
870 0.000448
871 0.000446
872 0.000443
873 0.000437
874 0.000434
875 0.000427
876 0.000427
877 0.000427
878 0.000427
879 0.000426
880 0.000422
881 0.000414
882 0.000408
883 0.000403
884 0.000403
885 0.000397
886 0.000392
887 0.000388
888 0.000382
889 0.000377
890 0.000377
891 0.000376
892 0.000375
893 0.000373
894 0.000370
895 0.000363
896 0.000355
897 0.000353
898 0.000347
899 0.000344
900 0.000339
901 0.000338
902 0.000335
903 0.000334
904 0.000331
905 0.000328
906 0.000325
907 0.000325
908 0.000324
909 0.000321
910 0.000319
911 0.000314
912 0.000306
913 0.000297
914 0.000287
915 0.000281
916 0.000278
917 0.000272
918 0.000265
919 0.000258
920 0.000254
921 0.000249
922 0.000243
923 0.000234
924 0.000228
925 0.000223
926 0.000218
927 0.000213
928 0.000208
929 0.000207
930 0.000205
931 0.000199
932 0.000192
933 0.000187
934 0.000182
935 0.000177
936 0.000172
937 0.000168
938 0.000167
939 0.000166
940 0.000164
941 0.000164
942 0.000162
943 0.000160
944 0.000157
945 0.000154
946 0.000150
947 0.000146
948 0.000142
949 0.000137
950 0.000134
951 0.000131
952 0.000129
953 0.000127
954 0.000124
955 0.000123
956 0.000120
957 0.000117
958 0.000114
959 0.000111
960 0.000110
961 0.000109
962 0.000107
963 0.000106
964 0.000104
965 0.000102
966 0.000101
967 0.000100
968 0.000099
969 0.000099
970 0.000099
971 0.000098
972 0.000096
973 0.000096
974 0.000095
975 0.000094
976 0.000093
977 0.000092
978 0.000090
979 0.000090
980 0.000088
981 0.000088
982 0.000088
983 0.000086
984 0.000085
985 0.000084
986 0.000082
987 0.000082
988 0.000082
989 0.000081
990 0.000081
991 0.000080
992 0.000079
993 0.000078
994 0.000077
995 0.000076
996 0.000076
997 0.000075
998 0.000074
999 0.000073
1000 0.000072
1001 0.000071
1002 0.000070
1003 0.000069
1004 0.000068
1005 0.000067
1006 0.000066
1007 0.000065
1008 0.000064
1009 0.000063
1010 0.000062
1011 0.000062
1012 0.000061
1013 0.000059
1014 0.000058
1015 0.000057
1016 0.000057
1017 0.000056
1018 0.000055
1019 0.000055
1020 0.000054
1021 0.000052
1022 0.000050
1023 0.000048
1024 0.000047
1025 0.000046
1026 0.000045
1027 0.000044
1028 0.000044
1029 0.000043
1030 0.000043
1031 0.000042
1032 0.000041
1033 0.000040
1034 0.000039
1035 0.000038
1036 0.000037
1037 0.000036
1038 0.000034
1039 0.000033
1040 0.000032
1041 0.000031
1042 0.000031
1043 0.000030
1044 0.000030
1045 0.000030
1046 0.000029
1047 0.000028
1048 0.000028
1049 0.000027
1050 0.000026
1051 0.000025
1052 0.000025
1053 0.000024
1054 0.000024
1055 0.000023
1056 0.000022
1057 0.000022
1058 0.000021
1059 0.000021
1060 0.000020
1061 0.000020
1062 0.000020
1063 0.000019
1064 0.000019
1065 0.000018
1066 0.000018
1067 0.000018
1068 0.000017
1069 0.000017
1070 0.000017
1071 0.000017
1072 0.000017
1073 0.000017
1074 0.000017
1075 0.000016
1076 0.000016
1077 0.000016
1078 0.000016
1079 0.000015
1080 0.000015
1081 0.000015
1082 0.000015
1083 0.000015
1084 0.000014
1085 0.000014
1086 0.000014
1087 0.000014
1088 0.000014
1089 0.000014
1090 0.000014
1091 0.000013
1092 0.000013
1093 0.000013
1094 0.000013
1095 0.000012
1096 0.000012
1097 0.000012
1098 0.000012
1099 0.000012
1100 0.000011
1101 0.000011
1102 0.000011
1103 0.000010
1104 0.000010
1105 0.000010
1106 0.000010
1107 0.000009
1108 0.000009
1109 0.000009
1110 0.000008
1111 0.000008
1112 0.000008
1113 0.000008
1114 0.000008
1115 0.000007
1116 0.000007
1117 0.000007
1118 0.000007
1119 0.000007
1120 0.000007
1121 0.000007
1122 0.000006
1123 0.000006
1124 0.000006
1125 0.000006
1126 0.000006
1127 0.000006
1128 0.000006
1129 0.000005
1130 0.000005
1131 0.000005
1132 0.000005
1133 0.000005
1134 0.000005
1135 0.000005
1136 0.000005
1137 0.000005
1138 0.000005
1139 0.000005
1140 0.000005
1141 0.000004
1142 0.000004
1143 0.000004
1144 0.000004
1145 0.000004
1146 0.000004
1147 0.000004
1148 0.000004
1149 0.000004
1150 0.000004
1151 0.000004
1152 0.000003
1153 0.000003
1154 0.000003
1155 0.000003
1156 0.000003
1157 0.000003
1158 0.000003
1159 0.000003
1160 0.000003
1161 0.000003
1162 0.000003
1163 0.000003
1164 0.000003
1165 0.000003
1166 0.000003
1167 0.000003
1168 0.000003
1169 0.000003
1170 0.000002
1171 0.000002
1172 0.000002
1173 0.000002
1174 0.000002
1175 0.000002
1176 0.000002
1177 0.000002
1178 0.000002
1179 0.000002
1180 0.000002
1181 0.000002
1182 0.000002
1183 0.000002
1184 0.000002
1185 0.000002
1186 0.000002
1187 0.000002
1188 0.000002
1189 0.000002
1190 0.000002
1191 0.000002
1192 0.000002
1193 0.000002
1194 0.000002
1195 0.000002
1196 0.000002
1197 0.000002
1198 0.000002
1199 0.000002
1200 0.000002
1201 0.000002
1202 0.000002
1203 0.000002
1204 0.000002
1205 0.000002
1206 0.000002
1207 0.000002
1208 0.000002
1209 0.000002
1210 0.000002
1211 0.000002
1212 0.000002
1213 0.000002
1214 0.000002
1215 0.000001
1216 0.000001
1217 0.000001
1218 0.000001
1219 0.000001
1220 0.000001
1221 0.000001
1222 0.000001
1223 0.000001
1224 0.000001
1225 0.000001
1226 0.000001
1227 0.000001
1228 0.000001
1229 0.000001
