#ite residual of mtx/thermal2.mtx
1 42.785257
2 27.510977
3 31.912146
4 30.253770
5 31.146544
6 30.732067
7 31.139381
8 29.526768
9 28.063434
10 19.501353
11 15.408142
12 20.114371
13 17.762330
14 18.378403
15 18.281206
16 17.433123
17 16.415925
18 14.500316
19 12.235040
20 12.091431
21 14.565120
22 12.752900
23 12.998335
24 12.594774
25 11.830506
26 10.990103
27 9.752090
28 9.265074
29 10.215582
30 10.668698
31 9.692639
32 9.838960
33 9.357449
34 8.699229
35 8.114121
36 7.858429
37 7.839972
38 8.729724
39 8.257835
40 7.709133
41 7.796049
42 7.210764
43 6.915660
44 6.540715
45 6.709677
46 6.901188
47 7.278517
48 6.543777
49 6.373805
50 6.473001
51 5.834891
52 5.867101
53 5.766866
54 6.090234
55 6.094390
56 5.951543
57 5.429081
58 5.526990
59 5.318746
60 4.989332
61 5.197164
62 5.117086
63 5.329505
64 5.065031
65 4.843797
66 4.644023
67 4.778658
68 4.546855
69 4.476647
70 4.700390
71 4.608854
72 4.626515
73 4.329049
74 4.166261
75 4.134828
76 4.203952
77 4.006944
78 4.198729
79 4.275835
80 4.139639
81 4.009038
82 3.777101
83 3.821264
84 3.828267
85 3.784001
86 3.717189
87 3.895958
88 3.738542
89 3.621376
90 3.516006
91 3.488709
92 3.562762
93 3.618364
94 3.535307
95 3.534043
96 3.586955
97 3.365073
98 3.256292
99 3.189050
100 3.219194
101 3.264609
102 3.233571
103 3.214455
104 3.235571
105 3.202685
106 2.944554
107 3.009174
108 2.947400
109 3.035944
110 3.046926
111 2.993854
112 3.008834
113 2.953495
114 2.833993
115 2.720092
116 2.829144
117 2.791931
118 2.842480
119 2.794549
120 2.740294
121 2.775438
122 2.700902
123 2.625823
124 2.616619
125 2.722607
126 2.664932
127 2.666010
128 2.592723
129 2.553813
130 2.527189
131 2.470286
132 2.479284
133 2.620771
134 2.628488
135 2.568020
136 2.534385
137 2.447707
138 2.450970
139 2.396854
140 2.349291
141 2.368272
142 2.440703
143 2.392876
144 2.338643
145 2.354290
146 2.283494
147 2.300141
148 2.243444
149 2.266908
150 2.315061
151 2.312542
152 2.228992
153 2.224839
154 2.186489
155 2.148002
156 2.159593
157 2.143208
158 2.187900
159 2.177684
160 2.130628
161 2.051971
162 2.057210
163 1.995590
164 1.971707
165 1.969251
166 1.952746
167 1.985206
168 1.918093
169 1.888224
170 1.849980
171 1.863380
172 1.819006
173 1.843357
174 1.861842
175 1.825494
176 1.831655
177 1.735909
178 1.709650
179 1.681370
180 1.689704
181 1.649445
182 1.657092
183 1.666873
184 1.621455
185 1.617389
186 1.558089
187 1.566349
188 1.561924
189 1.540256
190 1.537086
191 1.542385
192 1.516322
193 1.497405
194 1.456232
195 1.448161
196 1.452633
197 1.444426
198 1.417040
199 1.409033
200 1.414066
201 1.358703
202 1.348365
203 1.312343
204 1.316467
205 1.322237
206 1.295047
207 1.297265
208 1.288277
209 1.265600
210 1.214369
211 1.214230
212 1.196459
213 1.210379
214 1.197332
215 1.177550
216 1.178866
217 1.163692
218 1.132960
219 1.110509
220 1.109928
221 1.095806
222 1.093275
223 1.071077
224 1.053006
225 1.047204
226 1.022173
227 0.999245
228 0.995990
229 0.999321
230 0.994617
231 0.989784
232 0.956478
233 0.952639
234 0.938670
235 0.915822
236 0.909507
237 0.913993
238 0.904836
239 0.882866
240 0.878005
241 0.849815
242 0.850194
243 0.830525
244 0.818463
245 0.829540
246 0.836142
247 0.825503
248 0.796254
249 0.785169
250 0.758950
251 0.755678
252 0.745689
253 0.742313
254 0.750803
255 0.733856
256 0.714201
257 0.692651
258 0.683897
259 0.671556
260 0.663655
261 0.648692
262 0.646337
263 0.643665
264 0.621710
265 0.603064
266 0.599024
267 0.591439
268 0.585678
269 0.582895
270 0.566843
271 0.566382
272 0.547455
273 0.536067
274 0.526993
275 0.517612
276 0.508200
277 0.504835
278 0.500057
279 0.491953
280 0.490611
281 0.471481
282 0.464123
283 0.458329
284 0.449706
285 0.441110
286 0.435238
287 0.430071
288 0.422539
289 0.411549
290 0.394407
291 0.390705
292 0.386915
293 0.380583
294 0.373719
295 0.366341
296 0.355093
297 0.347873
298 0.335224
299 0.325663
300 0.325051
301 0.316202
302 0.310311
303 0.302801
304 0.295624
305 0.285067
306 0.275947
307 0.265744
308 0.262874
309 0.255638
310 0.245948
311 0.240051
312 0.233091
313 0.227027
314 0.219020
315 0.214606
316 0.211974
317 0.209998
318 0.209880
319 0.201450
320 0.201377
321 0.193181
322 0.187953
323 0.182118
324 0.177278
325 0.175495
326 0.171400
327 0.167616
328 0.161596
329 0.160087
330 0.154143
331 0.149340
332 0.146021
333 0.142377
334 0.140443
335 0.137001
336 0.129997
337 0.128295
338 0.123698
339 0.119304
340 0.115724
341 0.113453
342 0.111323
343 0.107766
344 0.105259
345 0.100059
346 0.098814
347 0.094200
348 0.091530
349 0.089645
350 0.086496
351 0.084254
352 0.080487
353 0.077499
354 0.074164
355 0.071600
356 0.068821
357 0.067449
358 0.065964
359 0.063650
360 0.061273
361 0.059648
362 0.057757
363 0.056329
364 0.053664
365 0.051013
366 0.050236
367 0.047981
368 0.046279
369 0.044345
370 0.043107
371 0.041606
372 0.040617
373 0.039851
374 0.038672
375 0.038363
376 0.036553
377 0.034827
378 0.033547
379 0.032281
380 0.031152
381 0.030042
382 0.028851
383 0.027981
384 0.027080
385 0.025617
386 0.024730
387 0.023705
388 0.022726
389 0.021838
390 0.021051
391 0.020237
392 0.019614
393 0.018543
394 0.017654
395 0.016979
396 0.016362
397 0.015823
398 0.015071
399 0.014401
400 0.013739
401 0.013246
402 0.012628
403 0.012236
404 0.011923
405 0.011349
406 0.010826
407 0.010287
408 0.009827
409 0.009377
410 0.008992
411 0.008468
412 0.008188
413 0.007888
414 0.007534
415 0.007321
416 0.006953
417 0.006791
418 0.006451
419 0.006175
420 0.005941
421 0.005807
422 0.005660
423 0.005455
424 0.005349
425 0.005120
426 0.005014
427 0.004865
428 0.004747
429 0.004710
430 0.004636
431 0.004526
432 0.004431
433 0.004338
434 0.004241
435 0.004126
436 0.004019
437 0.003955
438 0.003854
439 0.003691
440 0.003483
441 0.003507
442 0.003281
443 0.003328
444 0.003183
445 0.003144
446 0.003185
447 0.003044
448 0.003097
449 0.002950
450 0.002962
451 0.002858
452 0.002778
453 0.002793
454 0.002705
455 0.002694
456 0.002573
457 0.002484
458 0.002469
459 0.002362
460 0.002322
461 0.002254
462 0.002170
463 0.002133
464 0.002044
465 0.002001
466 0.001938
467 0.001883
468 0.001808
469 0.001758
470 0.001760
471 0.001736
472 0.001746
473 0.001662
474 0.001649
475 0.001596
476 0.001557
477 0.001531
478 0.001495
479 0.001491
480 0.001427
481 0.001416
482 0.001375
483 0.001368
484 0.001353
485 0.001338
486 0.001337
487 0.001345
488 0.001340
489 0.001326
490 0.001343
491 0.001348
492 0.001387
493 0.001397
494 0.001423
495 0.001451
496 0.001474
497 0.001483
498 0.001508
499 0.001549
500 0.001585
501 0.001621
502 0.001635
503 0.001629
504 0.001607
505 0.001655
506 0.001620
507 0.001688
508 0.001613
509 0.001714
510 0.001678
511 0.001728
512 0.001775
513 0.001739
514 0.001781
515 0.001713
516 0.001791
517 0.001780
518 0.001787
519 0.001809
520 0.001781
521 0.001820
522 0.001757
523 0.001772
524 0.001748
525 0.001772
526 0.001759
527 0.001728
528 0.001720
529 0.001664
530 0.001651
531 0.001592
532 0.001580
533 0.001574
534 0.001537
535 0.001504
536 0.001456
537 0.001423
538 0.001372
539 0.001334
540 0.001299
541 0.001268
542 0.001246
543 0.001201
544 0.001168
545 0.001141
546 0.001089
547 0.001059
548 0.001007
549 0.000987
550 0.000960
551 0.000924
552 0.000902
553 0.000869
554 0.000839
555 0.000785
556 0.000762
557 0.000720
558 0.000696
559 0.000668
560 0.000625
561 0.000603
562 0.000571
563 0.000549
564 0.000519
565 0.000499
566 0.000478
567 0.000461
568 0.000450
569 0.000428
570 0.000420
571 0.000409
572 0.000399
573 0.000395
574 0.000396
575 0.000394
576 0.000398
577 0.000395
578 0.000403
579 0.000414
580 0.000428
581 0.000436
582 0.000447
583 0.000458
584 0.000467
585 0.000482
586 0.000490
587 0.000514
588 0.000527
589 0.000542
590 0.000557
591 0.000571
592 0.000583
593 0.000586
594 0.000596
595 0.000595
596 0.000605
597 0.000604
598 0.000601
599 0.000599
600 0.000592
601 0.000573
602 0.000560
603 0.000532
604 0.000514
605 0.000481
606 0.000456
607 0.000427
608 0.000400
609 0.000372
610 0.000345
611 0.000321
612 0.000293
613 0.000272
614 0.000247
615 0.000226
616 0.000206
617 0.000190
618 0.000174
619 0.000161
620 0.000151
621 0.000141
622 0.000136
623 0.000129
624 0.000128
625 0.000130
626 0.000135
627 0.000145
628 0.000158
629 0.000175
630 0.000184
631 0.000192
632 0.000180
633 0.000191
634 0.000194
635 0.000197
636 0.000190
637 0.000208
638 0.000184
639 0.000193
640 0.000175
641 0.000166
642 0.000151
643 0.000134
644 0.000121
645 0.000104
646 0.000094
647 0.000081
648 0.000074
649 0.000066
650 0.000061
651 0.000059
652 0.000058
653 0.000059
654 0.000064
655 0.000069
656 0.000074
657 0.000079
658 0.000081
659 0.000082
660 0.000079
661 0.000074
662 0.000068
663 0.000062
664 0.000057
665 0.000054
666 0.000054
667 0.000055
668 0.000056
669 0.000059
670 0.000058
671 0.000058
672 0.000055
673 0.000052
674 0.000051
675 0.000050
676 0.000051
677 0.000053
678 0.000054
679 0.000055
680 0.000055
681 0.000053
682 0.000053
683 0.000053
684 0.000053
685 0.000053
686 0.000054
687 0.000054
688 0.000053
689 0.000054
690 0.000053
691 0.000053
692 0.000052
693 0.000051
694 0.000051
695 0.000050
696 0.000051
697 0.000051
698 0.000050
699 0.000050
700 0.000050
701 0.000050
702 0.000049
703 0.000050
704 0.000049
705 0.000048
706 0.000047
707 0.000046
708 0.000045
709 0.000045
710 0.000044
711 0.000044
712 0.000044
713 0.000043
714 0.000043
715 0.000042
716 0.000042
717 0.000041
718 0.000041
719 0.000041
720 0.000041
721 0.000041
722 0.000040
723 0.000040
724 0.000039
725 0.000039
726 0.000038
727 0.000038
728 0.000037
729 0.000037
730 0.000037
731 0.000036
732 0.000037
733 0.000036
734 0.000036
735 0.000036
736 0.000036
737 0.000036
738 0.000036
739 0.000036
740 0.000036
741 0.000036
742 0.000036
743 0.000036
744 0.000036
745 0.000036
746 0.000036
747 0.000035
748 0.000034
749 0.000034
750 0.000033
751 0.000033
752 0.000032
753 0.000031
754 0.000030
755 0.000029
756 0.000028
757 0.000027
758 0.000026
759 0.000025
760 0.000024
761 0.000023
762 0.000022
763 0.000021
764 0.000020
765 0.000019
766 0.000019
767 0.000018
768 0.000017
769 0.000017
770 0.000016
771 0.000016
772 0.000015
773 0.000015
774 0.000015
775 0.000015
776 0.000015
777 0.000015
778 0.000014
779 0.000014
780 0.000014
781 0.000014
782 0.000014
783 0.000014
784 0.000013
785 0.000013
786 0.000012
787 0.000012
788 0.000011
789 0.000011
790 0.000010
791 0.000010
792 0.000010
793 0.000010
794 0.000009
795 0.000009
796 0.000009
797 0.000009
798 0.000009
799 0.000009
800 0.000009
801 0.000008
802 0.000008
803 0.000008
804 0.000008
805 0.000008
806 0.000008
807 0.000008
808 0.000008
809 0.000007
810 0.000007
811 0.000007
812 0.000007
813 0.000007
814 0.000007
815 0.000007
816 0.000007
817 0.000007
818 0.000007
819 0.000007
820 0.000006
821 0.000006
822 0.000006
823 0.000006
824 0.000006
825 0.000006
826 0.000006
827 0.000006
828 0.000006
829 0.000006
830 0.000006
831 0.000006
832 0.000006
833 0.000006
834 0.000005
835 0.000005
836 0.000005
837 0.000005
838 0.000005
839 0.000005
840 0.000005
841 0.000005
842 0.000005
843 0.000005
844 0.000005
845 0.000005
846 0.000005
847 0.000005
848 0.000005
849 0.000004
850 0.000004
851 0.000004
852 0.000004
853 0.000004
854 0.000004
855 0.000004
856 0.000004
857 0.000004
858 0.000004
859 0.000003
860 0.000003
861 0.000003
862 0.000003
863 0.000003
864 0.000003
865 0.000003
866 0.000003
867 0.000003
868 0.000003
869 0.000003
870 0.000003
871 0.000003
872 0.000003
873 0.000003
874 0.000002
875 0.000002
876 0.000002
877 0.000002
878 0.000002
879 0.000002
880 0.000002
881 0.000002
882 0.000002
883 0.000002
884 0.000002
885 0.000002
886 0.000002
887 0.000002
888 0.000002
889 0.000002
890 0.000002
891 0.000002
892 0.000002
893 0.000002
894 0.000002
895 0.000002
896 0.000002
897 0.000002
898 0.000002
899 0.000002
900 0.000002
901 0.000002
902 0.000002
903 0.000002
904 0.000002
905 0.000002
906 0.000002
907 0.000002
908 0.000002
909 0.000001
910 0.000001
911 0.000001
912 0.000001
913 0.000001
914 0.000001
915 0.000001
916 0.000001
917 0.000001
918 0.000001
919 0.000001
920 0.000001
921 0.000001
922 0.000001
923 0.000001
924 0.000001
925 0.000001
926 0.000001
927 0.000001
928 0.000001
929 0.000001
930 0.000001
931 0.000001
932 0.000001
933 0.000001
934 0.000001
935 0.000001
936 0.000001
937 0.000001
938 0.000001
939 0.000001
940 0.000001
941 0.000001
942 0.000001
943 0.000001
944 0.000001
945 0.000001
946 0.000001
947 0.000001
948 0.000001
949 0.000001
950 0.000001
951 0.000001
