#ite residual of mtx/thermal2.mtx
1 45.536123
2 29.187992
3 33.955175
4 32.160400
5 33.111130
6 32.646198
7 32.953455
8 31.375996
9 29.766706
10 21.213215
11 16.950658
12 21.835381
13 19.443865
14 20.171398
15 19.980708
16 19.105529
17 18.075569
18 16.124211
19 13.731756
20 14.064137
21 16.086671
22 14.630044
23 14.796873
24 14.445725
25 13.643365
26 12.839362
27 11.649649
28 11.160185
29 12.149021
30 12.408273
31 11.625374
32 11.762605
33 11.374863
34 10.832386
35 10.293422
36 10.103874
37 10.002094
38 10.823243
39 10.161566
40 9.877704
41 9.984589
42 9.505197
43 9.378034
44 9.071436
45 9.221712
46 9.306510
47 9.645087
48 8.969839
49 8.921703
50 8.969733
51 8.501119
52 8.527113
53 8.406168
54 8.710289
55 8.637768
56 8.589878
57 8.177733
58 8.272908
59 8.157501
60 7.859415
61 8.058462
62 7.916090
63 8.083787
64 7.874162
65 7.750511
66 7.615229
67 7.712218
68 7.590116
69 7.503373
70 7.661994
71 7.558471
72 7.584849
73 7.406296
74 7.274396
75 7.247149
76 7.329229
77 7.229351
78 7.344893
79 7.408961
80 7.334747
81 7.212716
82 7.091981
83 7.129420
84 7.124733
85 7.097041
86 7.003140
87 7.120741
88 6.999277
89 6.974615
90 7.000518
91 7.009182
92 7.079149
93 7.057813
94 6.981097
95 6.898344
96 6.932605
97 6.836289
98 6.754747
99 6.726584
100 6.714333
101 6.755172
102 6.733414
103 6.705012
104 6.727586
105 6.696558
106 6.584573
107 6.610063
108 6.549511
109 6.607111
110 6.613185
111 6.630143
112 6.588842
113 6.565451
114 6.528444
115 6.467065
116 6.508245
117 6.456847
118 6.470237
119 6.446921
120 6.420659
121 6.472905
122 6.472883
123 6.453544
124 6.472434
125 6.462814
126 6.429482
127 6.387246
128 6.359328
129 6.335927
130 6.327422
131 6.347090
132 6.381559
133 6.436140
134 6.376794
135 6.320493
136 6.277176
137 6.300865
138 6.332120
139 6.320487
140 6.304722
141 6.273500
142 6.297121
143 6.289400
144 6.282099
145 6.289309
146 6.232144
147 6.244974
148 6.197342
149 6.187131
150 6.191216
151 6.139617
152 6.213682
153 6.078443
154 6.158837
155 6.016072
156 5.799439
157 4.096995
158 4.448806
159 4.297413
160 4.374291
161 4.381447
162 4.333383
163 4.275720
164 4.174889
165 3.773366
166 3.469532
167 3.738371
168 3.614266
169 3.666189
170 3.652769
171 3.638774
172 3.578207
173 3.482875
174 3.373349
175 3.290027
176 3.442337
177 3.319613
178 3.343253
179 3.308904
180 3.325328
181 3.317565
182 3.305574
183 3.295953
184 3.250906
185 3.275649
186 3.283184
187 3.304712
188 3.312567
189 3.357816
190 3.432777
191 3.408456
192 3.391538
193 3.297343
194 3.367935
195 3.423333
196 3.392387
197 3.520718
198 3.526089
199 3.600145
200 3.534382
201 3.466655
202 3.457924
203 3.613960
204 3.614732
205 3.679333
206 3.812589
207 3.814498
208 3.824919
209 3.681009
210 3.665065
211 3.728732
212 3.878206
213 3.799283
214 3.903120
215 3.986221
216 3.870604
217 3.863167
218 3.778611
219 3.884233
220 4.028061
221 4.109250
222 4.059994
223 4.187714
224 4.074223
225 4.004391
226 3.969759
227 4.061548
228 4.169039
229 4.294109
230 4.251551
231 4.266564
232 4.308578
233 4.159195
234 4.222395
235 4.263883
236 4.419917
237 4.454808
238 4.429436
239 4.340206
240 4.374944
241 4.330294
242 4.202933
243 4.266758
244 4.299738
245 4.357504
246 4.344873
247 4.302207
248 4.242601
249 4.284671
250 4.199419
251 4.182127
252 4.341739
253 4.273900
254 4.223560
255 4.135475
256 4.116069
257 4.094335
258 4.097733
259 4.051598
260 4.044516
261 4.120962
262 4.017160
263 3.991531
264 3.936100
265 3.926115
266 3.884117
267 3.871979
268 3.864063
269 3.907624
270 3.873666
271 3.733941
272 3.727531
273 3.713341
274 3.666772
275 3.594625
276 3.597913
277 3.634623
278 3.616125
279 3.570480
280 3.488136
281 3.481471
282 3.434439
283 3.342271
284 3.395910
285 3.374420
286 3.382841
287 3.322663
288 3.267724
289 3.203299
290 3.165055
291 3.113340
292 3.054232
293 3.142801
294 3.048055
295 2.942202
296 2.843583
297 2.799924
298 2.779301
299 2.759778
300 2.721373
301 2.706535
302 2.756575
303 2.550775
304 2.513194
305 2.435328
306 2.430869
307 2.416359
308 2.396039
309 2.357638
310 2.333384
311 2.263161
312 2.043482
313 2.066373
314 2.020100
315 2.015699
316 2.005797
317 1.985368
318 1.985347
319 1.952832
320 1.902950
321 1.851570
322 1.838366
323 1.798203
324 1.785636
325 1.766344
326 1.733156
327 1.729039
328 1.723808
329 1.740752
330 1.711268
331 1.662398
332 1.652190
333 1.630925
334 1.628162
335 1.609451
336 1.617677
337 1.621991
338 1.625488
339 1.538234
340 1.543077
341 1.540949
342 1.522894
343 1.534674
344 1.529436
345 1.545421
346 1.522889
347 1.498222
348 1.448115
349 1.480051
350 1.456641
351 1.455649
352 1.469209
353 1.473435
354 1.464472
355 1.444109
356 1.429292
357 1.433355
358 1.461551
359 1.441930
360 1.455276
361 1.466268
362 1.467804
363 1.466832
364 1.459036
365 1.463254
366 1.475756
367 1.474796
368 1.462289
369 1.464251
370 1.470348
371 1.468236
372 1.496289
373 1.505727
374 1.491211
375 1.469516
376 1.467879
377 1.454100
378 1.450621
379 1.471397
380 1.475004
381 1.493095
382 1.486533
383 1.464043
384 1.457546
385 1.456014
386 1.466713
387 1.454923
388 1.488961
389 1.478812
390 1.488410
391 1.448938
392 1.427243
393 1.426938
394 1.439498
395 1.437146
396 1.435813
397 1.460910
398 1.421360
399 1.416418
400 1.356830
401 1.348110
402 1.364568
403 1.368750
404 1.374355
405 1.374223
406 1.391060
407 1.321064
408 1.315674
409 1.272975
410 1.287679
411 1.300554
412 1.270444
413 1.264625
414 1.264877
415 1.253385
416 1.190664
417 1.200056
418 1.163458
419 1.190703
420 1.166580
421 1.145304
422 1.153509
423 1.150706
424 1.103141
425 1.077734
426 1.078947
427 1.069835
428 1.080459
429 1.035920
430 1.039642
431 1.030448
432 1.008563
433 0.967632
434 0.985273
435 0.955346
436 0.956875
437 0.938401
438 0.910940
439 0.928899
440 0.897462
441 0.879508
442 0.861354
443 0.872043
444 0.840419
445 0.844477
446 0.823521
447 0.829557
448 0.834287
449 0.794315
450 0.780366
451 0.768559
452 0.762447
453 0.747939
454 0.754645
455 0.737792
456 0.738076
457 0.719672
458 0.707467
459 0.705585
460 0.700102
461 0.683293
462 0.684912
463 0.685940
464 0.683952
465 0.675960
466 0.662278
467 0.653740
468 0.651755
469 0.644083
470 0.633364
471 0.631620
472 0.626409
473 0.624434
474 0.622296
475 0.636757
476 0.636436
477 0.635253
478 0.633074
479 0.633026
480 0.637018
481 0.634816
482 0.639960
483 0.645777
484 0.661042
485 0.652722
486 0.668776
487 0.681722
488 0.693530
489 0.693813
490 0.688813
491 0.696876
492 0.705727
493 0.716915
494 0.711302
495 0.728912
496 0.737057
497 0.741835
498 0.749234
499 0.749804
500 0.749414
501 0.739795
502 0.719677
503 0.690421
504 0.667387
505 0.636517
506 0.602407
507 0.571742
508 0.538583
509 0.518543
510 0.509017
511 0.501280
512 0.494648
513 0.484434
514 0.470677
515 0.453026
516 0.438448
517 0.415648
518 0.400052
519 0.386083
520 0.374723
521 0.362907
522 0.356935
523 0.352334
524 0.340279
525 0.331585
526 0.310913
527 0.299747
528 0.288207
529 0.277388
530 0.268738
531 0.266380
532 0.261504
533 0.250741
534 0.243347
535 0.231835
536 0.228979
537 0.219944
538 0.213895
539 0.209945
540 0.206989
541 0.197125
542 0.192305
543 0.187860
544 0.182466
545 0.179118
546 0.169836
547 0.164540
548 0.161037
549 0.157484
550 0.149692
551 0.144882
552 0.141252
553 0.136545
554 0.134076
555 0.128321
556 0.126230
557 0.121794
558 0.116803
559 0.110942
560 0.108698
561 0.105733
562 0.103108
563 0.099714
564 0.095805
565 0.092719
566 0.088455
567 0.084344
568 0.082063
569 0.080510
570 0.077919
571 0.076278
572 0.072673
573 0.070422
574 0.067715
575 0.064152
576 0.062207
577 0.060347
578 0.059074
579 0.057364
580 0.055265
581 0.052855
582 0.050421
583 0.048166
584 0.046349
585 0.045534
586 0.044919
587 0.043912
588 0.042715
589 0.040481
590 0.038995
591 0.037617
592 0.036514
593 0.035961
594 0.035241
595 0.034674
596 0.034231
597 0.032937
598 0.032021
599 0.031665
600 0.030977
601 0.030530
602 0.029738
603 0.028807
604 0.028126
605 0.027286
606 0.026094
607 0.025685
608 0.025318
609 0.025025
610 0.024949
611 0.024236
612 0.024431
613 0.024012
614 0.023737
615 0.023125
616 0.023574
617 0.023455
618 0.023492
619 0.024046
620 0.023642
621 0.024160
622 0.023673
623 0.023328
624 0.023361
625 0.023916
626 0.023873
627 0.024107
628 0.024615
629 0.024636
630 0.025531
631 0.025108
632 0.025511
633 0.025766
634 0.026005
635 0.025616
636 0.026003
637 0.026121
638 0.025845
639 0.025927
640 0.025047
641 0.024934
642 0.024233
643 0.023276
644 0.022180
645 0.021576
646 0.020235
647 0.018850
648 0.017541
649 0.015765
650 0.014328
651 0.012572
652 0.010889
653 0.009587
654 0.008238
655 0.006859
656 0.005682
657 0.004775
658 0.003959
659 0.003344
660 0.002921
661 0.002618
662 0.002521
663 0.002471
664 0.002528
665 0.002655
666 0.002809
667 0.002892
668 0.002945
669 0.002940
670 0.002868
671 0.002822
672 0.002654
673 0.002627
674 0.002612
675 0.002668
676 0.002673
677 0.002740
678 0.002777
679 0.002736
680 0.002697
681 0.002613
682 0.002617
683 0.002610
684 0.002623
685 0.002665
686 0.002776
687 0.002802
688 0.002847
689 0.002851
690 0.002856
691 0.002883
692 0.002892
693 0.002922
694 0.002973
695 0.003043
696 0.003021
697 0.002997
698 0.002950
699 0.002892
700 0.002903
701 0.002895
702 0.002937
703 0.002978
704 0.003014
705 0.002966
706 0.002978
707 0.002994
708 0.003023
709 0.003084
710 0.003114
711 0.003155
712 0.003160
713 0.003152
714 0.003127
715 0.003123
716 0.003121
717 0.003135
718 0.003184
719 0.003211
720 0.003242
721 0.003247
722 0.003219
723 0.003195
724 0.003095
725 0.003042
726 0.003006
727 0.003008
728 0.002977
729 0.002952
730 0.002933
731 0.002935
732 0.002927
733 0.002890
734 0.002867
735 0.002837
736 0.002819
737 0.002762
738 0.002723
739 0.002693
740 0.002655
741 0.002603
742 0.002538
743 0.002489
744 0.002431
745 0.002386
746 0.002329
747 0.002313
748 0.002288
749 0.002224
750 0.002186
751 0.002153
752 0.002128
753 0.002089
754 0.002056
755 0.002020
756 0.001993
757 0.001953
758 0.001897
759 0.001877
760 0.001854
761 0.001824
762 0.001811
763 0.001782
764 0.001737
765 0.001690
766 0.001630
767 0.001571
768 0.001528
769 0.001489
770 0.001457
771 0.001435
772 0.001385
773 0.001342
774 0.001306
775 0.001275
776 0.001227
777 0.001192
778 0.001155
779 0.001122
780 0.001090
781 0.001043
782 0.001009
783 0.000988
784 0.000977
785 0.000968
786 0.000981
787 0.000984
788 0.000990
789 0.000983
790 0.000992
791 0.001000
792 0.001022
793 0.001039
794 0.001052
795 0.001074
796 0.001046
797 0.001021
798 0.000980
799 0.000959
800 0.000929
801 0.000923
802 0.000890
803 0.000891
804 0.000865
805 0.000829
806 0.000809
807 0.000784
808 0.000773
809 0.000748
810 0.000738
811 0.000710
812 0.000706
813 0.000674
814 0.000649
815 0.000640
816 0.000625
817 0.000620
818 0.000608
819 0.000610
820 0.000608
821 0.000625
822 0.000622
823 0.000645
824 0.000663
825 0.000666
826 0.000665
827 0.000669
828 0.000677
829 0.000680
830 0.000690
831 0.000689
832 0.000729
833 0.000745
834 0.000755
835 0.000758
836 0.000753
837 0.000741
838 0.000723
839 0.000728
840 0.000728
841 0.000752
842 0.000751
843 0.000758
844 0.000763
845 0.000754
846 0.000745
847 0.000736
848 0.000741
849 0.000751
850 0.000759
851 0.000749
852 0.000739
853 0.000730
854 0.000718
855 0.000710
856 0.000709
857 0.000710
858 0.000705
859 0.000702
860 0.000700
861 0.000699
862 0.000693
863 0.000689
864 0.000688
865 0.000682
866 0.000674
867 0.000658
868 0.000650
869 0.000643
870 0.000632
871 0.000630
872 0.000620
873 0.000619
874 0.000611
875 0.000604
876 0.000594
877 0.000588
878 0.000582
879 0.000567
880 0.000561
881 0.000542
882 0.000535
883 0.000520
884 0.000516
885 0.000513
886 0.000511
887 0.000501
888 0.000493
889 0.000492
890 0.000475
891 0.000470
892 0.000463
893 0.000455
894 0.000455
895 0.000442
896 0.000435
897 0.000425
898 0.000413
899 0.000407
900 0.000398
901 0.000392
902 0.000379
903 0.000373
904 0.000364
905 0.000353
906 0.000343
907 0.000330
908 0.000325
909 0.000319
910 0.000309
911 0.000300
912 0.000292
913 0.000283
914 0.000274
915 0.000267
916 0.000263
917 0.000262
918 0.000259
919 0.000254
920 0.000256
921 0.000260
922 0.000267
923 0.000274
924 0.000278
925 0.000284
926 0.000290
927 0.000293
928 0.000294
929 0.000297
930 0.000298
931 0.000296
932 0.000295
933 0.000293
934 0.000296
935 0.000297
936 0.000301
937 0.000311
938 0.000320
939 0.000321
940 0.000326
941 0.000329
942 0.000334
943 0.000334
944 0.000337
945 0.000340
946 0.000346
947 0.000350
948 0.000344
949 0.000349
950 0.000347
951 0.000352
952 0.000351
953 0.000349
954 0.000348
955 0.000344
956 0.000338
957 0.000330
958 0.000328
959 0.000322
960 0.000317
961 0.000316
962 0.000313
963 0.000311
964 0.000303
965 0.000296
966 0.000290
967 0.000284
968 0.000280
969 0.000272
970 0.000271
971 0.000268
972 0.000266
973 0.000266
974 0.000263
975 0.000264
976 0.000262
977 0.000261
978 0.000261
979 0.000259
980 0.000261
981 0.000261
982 0.000260
983 0.000261
984 0.000258
985 0.000258
986 0.000254
987 0.000255
988 0.000257
989 0.000257
990 0.000255
991 0.000252
992 0.000251
993 0.000246
994 0.000247
995 0.000244
996 0.000243
997 0.000248
998 0.000245
999 0.000246
1000 0.000244
1001 0.000245
1002 0.000241
1003 0.000241
1004 0.000235
1005 0.000234
1006 0.000235
1007 0.000229
1008 0.000228
1009 0.000225
1010 0.000225
1011 0.000223
1012 0.000225
1013 0.000225
1014 0.000226
1015 0.000223
1016 0.000217
1017 0.000216
1018 0.000214
1019 0.000211
1020 0.000208
1021 0.000208
1022 0.000205
1023 0.000208
1024 0.000205
1025 0.000206
1026 0.000208
1027 0.000206
1028 0.000205
1029 0.000205
1030 0.000204
1031 0.000203
1032 0.000202
1033 0.000199
1034 0.000198
1035 0.000197
1036 0.000190
1037 0.000188
1038 0.000185
1039 0.000183
1040 0.000179
1041 0.000174
1042 0.000171
1043 0.000169
1044 0.000164
1045 0.000158
1046 0.000155
1047 0.000153
1048 0.000147
1049 0.000144
1050 0.000139
1051 0.000137
1052 0.000133
1053 0.000131
1054 0.000130
1055 0.000130
1056 0.000128
1057 0.000124
1058 0.000124
1059 0.000121
1060 0.000120
1061 0.000118
1062 0.000116
1063 0.000116
1064 0.000116
1065 0.000112
1066 0.000110
1067 0.000107
1068 0.000105
1069 0.000103
1070 0.000102
1071 0.000102
1072 0.000101
1073 0.000100
1074 0.000098
1075 0.000098
1076 0.000098
1077 0.000096
1078 0.000095
1079 0.000093
1080 0.000093
1081 0.000091
1082 0.000090
1083 0.000089
1084 0.000088
1085 0.000087
1086 0.000086
1087 0.000084
1088 0.000083
1089 0.000080
1090 0.000078
1091 0.000076
1092 0.000074
1093 0.000074
1094 0.000073
1095 0.000073
1096 0.000071
1097 0.000070
1098 0.000068
1099 0.000067
1100 0.000066
1101 0.000065
1102 0.000065
1103 0.000064
1104 0.000064
1105 0.000062
1106 0.000061
1107 0.000059
1108 0.000058
1109 0.000057
1110 0.000056
1111 0.000056
1112 0.000056
1113 0.000055
1114 0.000054
1115 0.000052
1116 0.000051
1117 0.000050
1118 0.000050
1119 0.000049
1120 0.000049
1121 0.000048
1122 0.000047
1123 0.000046
1124 0.000045
1125 0.000045
1126 0.000044
1127 0.000044
1128 0.000044
1129 0.000043
1130 0.000042
1131 0.000042
1132 0.000041
1133 0.000040
1134 0.000040
1135 0.000040
1136 0.000039
1137 0.000039
1138 0.000038
1139 0.000037
1140 0.000036
1141 0.000036
1142 0.000035
1143 0.000035
1144 0.000034
1145 0.000034
1146 0.000033
1147 0.000032
1148 0.000032
1149 0.000031
1150 0.000031
1151 0.000030
1152 0.000030
1153 0.000030
1154 0.000030
1155 0.000030
1156 0.000029
1157 0.000029
1158 0.000029
1159 0.000028
1160 0.000028
1161 0.000028
1162 0.000028
1163 0.000028
1164 0.000028
1165 0.000028
1166 0.000027
1167 0.000027
1168 0.000027
1169 0.000027
1170 0.000026
1171 0.000026
1172 0.000025
1173 0.000025
1174 0.000024
1175 0.000024
1176 0.000024
1177 0.000023
1178 0.000023
1179 0.000022
1180 0.000022
1181 0.000021
1182 0.000020
1183 0.000020
1184 0.000019
1185 0.000019
1186 0.000018
1187 0.000018
1188 0.000018
1189 0.000018
1190 0.000018
1191 0.000018
1192 0.000018
1193 0.000018
1194 0.000018
1195 0.000018
1196 0.000017
1197 0.000017
1198 0.000016
1199 0.000016
1200 0.000016
1201 0.000015
1202 0.000015
1203 0.000015
1204 0.000015
1205 0.000015
1206 0.000014
1207 0.000014
1208 0.000014
1209 0.000014
1210 0.000014
1211 0.000014
1212 0.000014
1213 0.000014
1214 0.000014
1215 0.000014
1216 0.000014
1217 0.000014
1218 0.000014
1219 0.000014
1220 0.000014
1221 0.000014
1222 0.000013
1223 0.000013
1224 0.000013
1225 0.000013
1226 0.000013
1227 0.000013
1228 0.000013
1229 0.000013
1230 0.000013
1231 0.000013
1232 0.000013
1233 0.000012
1234 0.000012
1235 0.000012
1236 0.000012
1237 0.000012
1238 0.000012
1239 0.000012
1240 0.000011
1241 0.000011
1242 0.000011
1243 0.000011
1244 0.000011
1245 0.000011
1246 0.000011
1247 0.000011
1248 0.000011
1249 0.000011
1250 0.000010
1251 0.000010
1252 0.000010
1253 0.000010
1254 0.000010
1255 0.000010
1256 0.000010
1257 0.000010
1258 0.000010
1259 0.000009
1260 0.000009
1261 0.000009
1262 0.000009
1263 0.000009
1264 0.000008
1265 0.000008
1266 0.000008
1267 0.000008
1268 0.000008
1269 0.000008
1270 0.000008
1271 0.000007
1272 0.000007
1273 0.000007
1274 0.000007
1275 0.000007
1276 0.000007
1277 0.000007
1278 0.000007
1279 0.000007
1280 0.000007
1281 0.000007
1282 0.000006
1283 0.000006
1284 0.000006
1285 0.000006
1286 0.000006
1287 0.000006
1288 0.000006
1289 0.000006
1290 0.000006
1291 0.000006
1292 0.000006
1293 0.000006
1294 0.000006
1295 0.000006
1296 0.000006
1297 0.000006
1298 0.000006
1299 0.000006
1300 0.000006
1301 0.000006
1302 0.000006
1303 0.000005
1304 0.000005
1305 0.000005
1306 0.000005
1307 0.000005
1308 0.000005
1309 0.000005
1310 0.000005
1311 0.000005
1312 0.000005
1313 0.000005
1314 0.000005
1315 0.000004
1316 0.000004
1317 0.000004
1318 0.000004
1319 0.000004
1320 0.000004
1321 0.000004
1322 0.000004
1323 0.000004
1324 0.000004
1325 0.000004
1326 0.000004
1327 0.000004
1328 0.000004
1329 0.000004
1330 0.000004
1331 0.000004
1332 0.000004
1333 0.000004
1334 0.000003
1335 0.000003
1336 0.000003
1337 0.000003
1338 0.000003
1339 0.000003
1340 0.000003
1341 0.000003
1342 0.000003
1343 0.000003
1344 0.000003
1345 0.000003
1346 0.000003
1347 0.000003
1348 0.000003
1349 0.000003
1350 0.000003
1351 0.000003
1352 0.000003
1353 0.000003
1354 0.000003
1355 0.000003
1356 0.000003
1357 0.000003
1358 0.000003
1359 0.000003
1360 0.000003
1361 0.000003
1362 0.000003
1363 0.000003
1364 0.000003
1365 0.000003
1366 0.000003
1367 0.000003
1368 0.000003
1369 0.000003
1370 0.000003
1371 0.000003
1372 0.000003
1373 0.000003
1374 0.000003
1375 0.000003
1376 0.000003
1377 0.000003
1378 0.000003
1379 0.000003
1380 0.000002
1381 0.000002
1382 0.000002
1383 0.000002
1384 0.000002
1385 0.000002
1386 0.000002
1387 0.000002
1388 0.000002
1389 0.000002
1390 0.000002
1391 0.000002
1392 0.000002
1393 0.000002
1394 0.000002
1395 0.000002
1396 0.000002
1397 0.000002
1398 0.000002
1399 0.000002
1400 0.000002
1401 0.000002
1402 0.000002
1403 0.000002
1404 0.000002
1405 0.000002
1406 0.000002
1407 0.000001
1408 0.000001
1409 0.000001
1410 0.000001
1411 0.000001
1412 0.000001
1413 0.000001
1414 0.000001
1415 0.000001
1416 0.000001
1417 0.000001
1418 0.000001
1419 0.000001
1420 0.000001
1421 0.000001
1422 0.000001
1423 0.000001
1424 0.000001
1425 0.000001
1426 0.000001
1427 0.000001
1428 0.000001
1429 0.000001
1430 0.000001
1431 0.000001
1432 0.000001
1433 0.000001
1434 0.000001
1435 0.000001
1436 0.000001
1437 0.000001
1438 0.000001
1439 0.000001
1440 0.000001
1441 0.000001
1442 0.000001
1443 0.000001
1444 0.000001
