#ite residual of mtx/thermal2.mtx
1 9.938998
2 34.527853
3 35.296166
4 43.933806
5 42.721674
6 42.248213
7 43.414529
8 41.981454
9 43.664425
10 42.714279
11 43.465072
12 42.942207
13 42.751180
14 42.642480
15 42.268053
16 42.551280
17 42.422889
18 42.539404
19 42.291293
20 41.668735
21 41.808494
22 41.302302
23 41.769868
24 41.521132
25 41.598416
26 41.750285
27 41.542590
28 42.094028
29 42.055457
30 42.393127
31 41.775181
32 41.649903
33 41.562183
34 41.382935
35 41.403463
36 41.017240
37 41.235816
38 41.105638
39 41.270042
40 41.235965
41 41.174029
42 41.238222
43 41.020070
44 41.129140
45 40.818935
46 40.545365
47 40.428974
48 40.152150
49 40.376629
50 40.382806
51 40.648779
52 40.499880
53 40.392013
54 40.191054
55 39.973717
56 40.188177
57 39.883180
58 40.216755
59 40.057110
60 40.014649
61 39.887183
62 39.710738
63 39.812998
64 39.782508
65 39.917083
66 39.898467
67 39.660251
68 39.626117
69 39.206866
70 39.067058
71 38.701630
72 38.606466
73 38.590026
74 38.581808
75 38.710956
76 38.424958
77 38.372899
78 38.240416
79 37.856342
80 37.794116
81 37.752187
82 37.953951
83 37.620135
84 37.430111
85 37.569393
86 37.549731
87 37.539305
88 37.625436
89 37.691367
90 37.354479
91 37.278685
92 37.492367
93 37.221929
94 37.115814
95 36.854538
96 36.848029
97 36.679059
98 36.678410
99 36.961883
100 36.997066
101 37.342680
102 37.514401
103 37.319479
104 36.830026
105 36.595423
106 36.475511
107 36.109149
108 36.067320
109 36.036634
110 36.118038
111 35.874379
112 35.856533
113 35.934982
114 35.740512
115 35.512402
116 35.323702
117 35.174555
118 35.397132
119 35.502850
120 35.550166
121 35.415286
122 35.272821
123 35.065212
124 34.741563
125 34.708173
126 34.670450
127 34.716875
128 34.655875
129 34.506429
130 34.839319
131 34.791427
132 34.636298
133 34.628305
134 34.630862
135 34.548346
136 34.198350
137 33.940715
138 33.797897
139 33.815463
140 34.011057
141 34.340345
142 34.706474
143 34.250365
144 33.743096
145 33.351214
146 33.472203
147 33.718485
148 33.708576
149 33.610662
150 33.546988
151 33.731852
152 33.609665
153 33.492686
154 33.526547
155 33.511785
156 33.639828
157 33.446662
158 33.641498
159 33.877713
160 34.061578
161 33.812675
162 33.277837
163 32.969733
164 32.635241
165 32.499314
166 32.513244
167 32.404142
168 32.469807
169 32.401441
170 32.390114
171 32.152152
172 32.113342
173 32.072171
174 31.987646
175 32.244447
176 32.316763
177 32.331772
178 32.152701
179 31.987044
180 31.708316
181 31.670950
182 31.964975
183 31.990999
184 31.927395
185 31.752320
186 31.479324
187 31.268280
188 31.049166
189 31.090795
190 30.899847
191 30.822213
192 30.728545
193 30.598479
194 30.720932
195 30.794118
196 30.818086
197 30.638730
198 30.675648
199 30.586001
200 30.411145
201 30.385709
202 30.301309
203 30.251291
204 30.250935
205 30.014275
206 29.995392
207 29.812803
208 29.755798
209 29.826616
210 29.837386
211 29.800521
212 29.730534
213 29.616205
214 29.448657
215 29.406612
216 29.329792
217 29.358518
218 29.206775
219 28.968757
220 28.945429
221 28.836302
222 28.806293
223 28.723050
224 28.775341
225 28.772583
226 28.893465
227 28.899881
228 28.793982
229 28.656689
230 28.573085
231 28.379847
232 28.405349
233 28.278377
234 28.179566
235 28.093651
236 27.959151
237 27.849012
238 27.782393
239 27.922902
240 27.675682
241 27.582215
242 27.638634
243 27.592965
244 27.627750
245 27.634767
246 27.504524
247 27.330920
248 27.335144
249 27.445490
250 27.611628
251 27.752949
252 27.538548
253 27.156543
254 26.958851
255 26.985927
256 26.778964
257 26.670352
258 26.679295
259 26.452775
260 26.445009
261 26.487178
262 26.271915
263 26.168231
264 26.069467
265 26.055915
266 26.084081
267 26.161529
268 26.127643
269 25.938256
270 25.918603
271 25.942786
272 25.974859
273 26.007070
274 26.028856
275 26.029072
276 25.839212
277 25.704563
278 25.550981
279 25.123677
280 24.931543
281 24.879175
282 24.954973
283 24.851947
284 24.607773
285 24.577818
286 24.552130
287 24.422989
288 24.367235
289 24.396794
290 24.336841
291 24.284184
292 24.231277
293 24.158986
294 24.096188
295 24.024035
296 24.020997
297 23.927605
298 23.847880
299 23.658857
300 23.659799
301 23.750021
302 23.749639
303 23.648512
304 23.541464
305 23.571771
306 23.594252
307 23.386006
308 23.250886
309 23.165945
310 23.156864
311 23.053187
312 22.977555
313 22.941936
314 22.901493
315 22.887036
316 22.786282
317 22.806008
318 22.656202
319 22.571210
320 22.623741
321 22.537087
322 22.427213
323 22.408890
324 22.262750
325 22.141163
326 22.241500
327 22.420514
328 22.548293
329 22.518599
330 22.276606
331 22.043304
332 21.817972
333 21.673053
334 21.517348
335 21.411100
336 21.361865
337 21.288440
338 21.265362
339 21.200986
340 21.119240
341 20.978719
342 20.930115
343 20.984439
344 20.833479
345 20.745571
346 20.805501
347 20.725880
348 20.649248
349 20.558278
350 20.494563
351 20.515544
352 20.557502
353 20.522009
354 20.417772
355 20.406299
356 20.334940
357 20.181727
358 20.029893
359 19.937391
360 19.887443
361 19.817593
362 19.717961
363 19.501860
364 19.437272
365 19.495112
366 19.508442
367 19.447332
368 19.357523
369 19.354939
370 19.254850
371 19.182071
372 19.088629
373 18.962806
374 18.912440
375 18.893387
376 18.751941
377 18.765090
378 18.718769
379 18.603965
380 18.440932
381 18.465672
382 18.427033
383 18.267135
384 18.270683
385 18.337716
386 18.411122
387 18.497440
388 18.344994
389 18.199093
390 18.041575
391 18.002525
392 18.141678
393 18.277893
394 18.295914
395 18.102854
396 17.803789
397 17.551823
398 17.414369
399 17.410278
400 17.372395
401 17.444730
402 17.500994
403 17.413569
404 17.186762
405 16.977050
406 16.773265
407 16.632801
408 16.609481
409 16.559896
410 16.591134
411 16.526555
412 16.477475
413 16.515099
414 16.442083
415 16.325592
416 16.204770
417 16.169494
418 16.180525
419 16.118428
420 15.982048
421 15.807254
422 15.804800
423 15.746361
424 15.670324
425 15.676754
426 15.660403
427 15.537449
428 15.323604
429 15.246721
430 15.262624
431 15.337835
432 15.315437
433 15.233145
434 15.122407
435 15.038616
436 14.920887
437 14.789694
438 14.762016
439 14.687192
440 14.659428
441 14.545356
442 14.534215
443 14.475248
444 14.374985
445 14.297572
446 14.289613
447 14.162803
448 14.095371
449 14.013194
450 13.971908
451 13.938684
452 13.851673
453 13.750746
454 13.625291
455 13.618727
456 13.616214
457 13.634011
458 13.531733
459 13.377035
460 13.288515
461 13.179931
462 13.172446
463 13.169985
464 13.061097
465 12.990783
466 12.968378
467 12.958198
468 12.941610
469 12.844586
470 12.721960
471 12.657000
472 12.711531
473 12.793167
474 12.796401
475 12.673717
476 12.439479
477 12.314794
478 12.216079
479 12.117535
480 12.055489
481 11.981610
482 11.916362
483 11.848932
484 11.761105
485 11.735676
486 11.659207
487 11.585471
488 11.530835
489 11.510966
490 11.487116
491 11.452888
492 11.356332
493 11.221261
494 11.173642
495 11.091064
496 11.024422
497 10.947011
498 10.881087
499 10.855137
500 10.825744
501 10.754957
502 10.660367
503 10.575299
504 10.493108
505 10.401504
506 10.401493
507 10.421867
508 10.476605
509 10.433572
510 10.322128
511 10.172044
512 9.994240
513 9.911279
514 9.875901
515 9.804781
516 9.675055
517 9.584917
518 9.567874
519 9.588504
520 9.527953
521 9.463034
522 9.336116
523 9.188323
524 9.124961
525 9.110135
526 9.051897
527 9.015593
528 8.947749
529 8.875212
530 8.789022
531 8.704622
532 8.653021
533 8.612620
534 8.548536
535 8.432228
536 8.327592
537 8.262613
538 8.187958
539 8.123166
540 8.113640
541 8.104422
542 8.075582
543 8.003711
544 7.931717
545 7.845237
546 7.735997
547 7.667401
548 7.612243
549 7.570939
550 7.544636
551 7.527039
552 7.458222
553 7.377635
554 7.269141
555 7.171168
556 7.089889
557 7.057602
558 7.034818
559 6.936092
560 6.839127
561 6.772217
562 6.680407
563 6.600684
564 6.537142
565 6.468465
566 6.407285
567 6.372940
568 6.293524
569 6.235188
570 6.200221
571 6.127832
572 6.044702
573 5.967093
574 5.883061
575 5.839958
576 5.796261
577 5.740744
578 5.658246
579 5.605754
580 5.512482
581 5.450732
582 5.395380
583 5.350390
584 5.272885
585 5.197340
586 5.095175
587 5.025742
588 4.971761
589 4.913422
590 4.860043
591 4.782069
592 4.713109
593 4.634056
594 4.584237
595 4.535538
596 4.473131
597 4.415068
598 4.363504
599 4.315868
600 4.266665
601 4.211521
602 4.163169
603 4.088544
604 4.027587
605 3.980828
606 3.917097
607 3.857190
608 3.796644
609 3.719497
610 3.641148
611 3.555679
612 3.461407
613 3.386681
614 3.321794
615 3.263643
616 3.200097
617 3.142360
618 3.093140
619 3.025393
620 2.977397
621 2.936240
622 2.895800
623 2.814327
624 2.719972
625 2.646528
626 2.582811
627 2.533211
628 2.502946
629 2.435289
630 2.347020
631 2.255086
632 2.168696
633 2.111636
634 2.052476
635 1.990658
636 1.921873
637 1.854436
638 1.779256
639 1.717950
640 1.646718
641 1.583203
642 1.513611
643 1.449728
644 1.390173
645 1.331099
646 1.264508
647 1.199738
648 1.133244
649 1.069391
650 1.004052
651 0.936458
652 0.867824
653 0.803723
654 0.741602
655 0.677540
656 0.618563
657 0.558060
658 0.497018
659 0.440330
660 0.382944
661 0.330886
662 0.283250
663 0.239840
664 0.199623
665 0.164728
666 0.136664
667 0.113405
668 0.095205
669 0.082040
670 0.072672
671 0.067728
672 0.066401
673 0.067800
674 0.070968
675 0.074500
676 0.077234
677 0.077431
678 0.074958
679 0.071406
680 0.067559
681 0.065059
682 0.064514
683 0.065193
684 0.066794
685 0.067831
686 0.067485
687 0.065960
688 0.063445
689 0.061378
690 0.060558
691 0.060209
692 0.060332
693 0.060365
694 0.060123
695 0.059229
696 0.058526
697 0.058211
698 0.058166
699 0.058145
700 0.057690
701 0.057100
702 0.056563
703 0.055627
704 0.054629
705 0.053714
706 0.052639
707 0.051529
708 0.050475
709 0.049476
710 0.048551
711 0.047895
712 0.047227
713 0.046706
714 0.045990
715 0.045496
716 0.045175
717 0.045035
718 0.044717
719 0.044323
720 0.043906
721 0.043640
722 0.043627
723 0.043307
724 0.042907
725 0.042737
726 0.042645
727 0.042352
728 0.042218
729 0.041841
730 0.041366
731 0.040820
732 0.040179
733 0.039431
734 0.038897
735 0.038441
736 0.038079
737 0.037771
738 0.037589
739 0.037623
740 0.037648
741 0.037475
742 0.037361
743 0.037183
744 0.037225
745 0.037213
746 0.036840
747 0.036182
748 0.035436
749 0.034667
750 0.033956
751 0.033219
752 0.032492
753 0.031929
754 0.031103
755 0.030442
756 0.029870
757 0.029454
758 0.028906
759 0.028417
760 0.027872
761 0.027365
762 0.026767
763 0.026158
764 0.025679
765 0.025284
766 0.024876
767 0.024474
768 0.024096
769 0.023632
770 0.023160
771 0.022716
772 0.022278
773 0.021885
774 0.021638
775 0.021311
776 0.020856
777 0.020432
778 0.020118
779 0.019928
780 0.019820
781 0.019579
782 0.019044
783 0.018510
784 0.018031
785 0.017675
786 0.017275
787 0.016838
788 0.016544
789 0.016297
790 0.016083
791 0.015932
792 0.015819
793 0.015792
794 0.015856
795 0.015967
796 0.016187
797 0.016477
798 0.016976
799 0.017605
800 0.018187
801 0.018863
802 0.019525
803 0.020062
804 0.020472
805 0.020694
806 0.020862
807 0.020804
808 0.020694
809 0.020582
810 0.020640
811 0.020690
812 0.020769
813 0.020892
814 0.021053
815 0.021264
816 0.021378
817 0.021402
818 0.021407
819 0.021507
820 0.021667
821 0.021862
822 0.022109
823 0.022237
824 0.022339
825 0.022459
826 0.022545
827 0.022492
828 0.022316
829 0.022241
830 0.022157
831 0.022274
832 0.022336
833 0.022288
834 0.022323
835 0.022502
836 0.022798
837 0.023132
838 0.023310
839 0.023314
840 0.023299
841 0.023415
842 0.023438
843 0.023436
844 0.023487
845 0.023413
846 0.023239
847 0.023105
848 0.023029
849 0.023049
850 0.023113
851 0.023190
852 0.022923
853 0.022560
854 0.022276
855 0.021950
856 0.021623
857 0.021517
858 0.021449
859 0.021337
860 0.021073
861 0.020844
862 0.020688
863 0.020627
864 0.020498
865 0.020449
866 0.020292
867 0.020201
868 0.020101
869 0.020082
870 0.019867
871 0.019714
872 0.019677
873 0.019447
874 0.019209
875 0.018883
876 0.018634
877 0.018528
878 0.018340
879 0.018298
880 0.018280
881 0.018323
882 0.018475
883 0.018533
884 0.018428
885 0.018180
886 0.017959
887 0.017774
888 0.017683
889 0.017530
890 0.017412
891 0.017378
892 0.017315
893 0.017377
894 0.017396
895 0.017443
896 0.017405
897 0.017445
898 0.017395
899 0.017208
900 0.017057
901 0.016912
902 0.016746
903 0.016697
904 0.016532
905 0.016447
906 0.016386
907 0.016324
908 0.016278
909 0.016032
910 0.015780
911 0.015609
912 0.015598
913 0.015475
914 0.015304
915 0.015124
916 0.015038
917 0.014899
918 0.014809
919 0.014723
920 0.014636
921 0.014625
922 0.014532
923 0.014423
924 0.014334
925 0.014294
926 0.014352
927 0.014510
928 0.014831
929 0.015144
930 0.015402
931 0.015767
932 0.016295
933 0.016950
934 0.017553
935 0.018236
936 0.018743
937 0.019085
938 0.019122
939 0.019132
940 0.019152
941 0.019003
942 0.018999
943 0.019168
944 0.019334
945 0.019712
946 0.019997
947 0.020061
948 0.020107
949 0.020184
950 0.020088
951 0.019812
952 0.019678
953 0.019603
954 0.019723
955 0.019861
956 0.019785
957 0.019679
958 0.019614
959 0.019532
960 0.019572
961 0.019635
962 0.019527
963 0.019485
964 0.019375
965 0.019283
966 0.019139
967 0.018947
968 0.018748
969 0.018645
970 0.018624
971 0.018525
972 0.018316
973 0.018084
974 0.017822
975 0.017605
976 0.017412
977 0.017173
978 0.017009
979 0.016853
980 0.016766
981 0.016775
982 0.016782
983 0.016738
984 0.016708
985 0.016652
986 0.016529
987 0.016496
988 0.016462
989 0.016477
990 0.016268
991 0.016021
992 0.015942
993 0.015864
994 0.015739
995 0.015672
996 0.015656
997 0.015574
998 0.015511
999 0.015513
1000 0.015638
1001 0.015816
1002 0.015889
1003 0.015815
1004 0.015671
1005 0.015527
1006 0.015434
1007 0.015464
1008 0.015507
1009 0.015530
1010 0.015624
1011 0.015698
1012 0.015744
1013 0.015644
1014 0.015597
1015 0.015647
1016 0.015741
1017 0.015759
1018 0.015785
1019 0.015712
1020 0.015684
1021 0.015760
1022 0.015760
1023 0.015594
1024 0.015453
1025 0.015353
1026 0.015162
1027 0.015068
1028 0.014993
1029 0.014938
1030 0.014855
1031 0.014717
1032 0.014670
1033 0.014617
1034 0.014507
1035 0.014506
1036 0.014443
1037 0.014431
1038 0.014270
1039 0.014075
1040 0.013915
1041 0.013802
1042 0.013672
1043 0.013566
1044 0.013397
1045 0.013322
1046 0.013158
1047 0.013019
1048 0.012849
1049 0.012658
1050 0.012434
1051 0.012215
1052 0.012019
1053 0.011812
1054 0.011598
1055 0.011416
1056 0.011291
1057 0.011172
1058 0.011007
1059 0.010816
1060 0.010722
1061 0.010614
1062 0.010615
1063 0.010628
1064 0.010715
1065 0.010774
1066 0.010930
1067 0.011066
1068 0.011140
1069 0.011234
1070 0.011327
1071 0.011423
1072 0.011538
1073 0.011556
1074 0.011574
1075 0.011447
1076 0.011241
1077 0.011119
1078 0.011043
1079 0.011031
1080 0.011010
1081 0.010937
1082 0.010898
1083 0.010851
1084 0.010815
1085 0.010697
1086 0.010525
1087 0.010428
1088 0.010401
1089 0.010400
1090 0.010349
1091 0.010312
1092 0.010300
1093 0.010264
1094 0.010259
1095 0.010242
1096 0.010165
1097 0.010113
1098 0.010060
1099 0.009968
1100 0.009855
1101 0.009778
1102 0.009814
1103 0.009863
1104 0.009906
1105 0.009936
1106 0.009920
1107 0.009925
1108 0.009946
1109 0.009998
1110 0.010012
1111 0.010022
1112 0.010064
1113 0.010085
1114 0.010008
1115 0.009927
1116 0.009858
1117 0.009854
1118 0.009890
1119 0.009869
1120 0.009851
1121 0.009841
1122 0.009797
1123 0.009751
1124 0.009674
1125 0.009585
1126 0.009544
1127 0.009480
1128 0.009392
1129 0.009330
1130 0.009276
1131 0.009188
1132 0.009110
1133 0.009036
1134 0.008985
1135 0.008893
1136 0.008742
1137 0.008590
1138 0.008494
1139 0.008421
1140 0.008365
1141 0.008296
1142 0.008225
1143 0.008165
1144 0.008072
1145 0.007983
1146 0.007883
1147 0.007807
1148 0.007731
1149 0.007734
1150 0.007755
1151 0.007687
1152 0.007563
1153 0.007418
1154 0.007271
1155 0.007195
1156 0.007131
1157 0.007082
1158 0.007010
1159 0.006915
1160 0.006787
1161 0.006667
1162 0.006617
1163 0.006619
1164 0.006633
1165 0.006593
1166 0.006568
1167 0.006520
1168 0.006510
1169 0.006518
1170 0.006472
1171 0.006417
1172 0.006365
1173 0.006333
1174 0.006304
1175 0.006283
1176 0.006227
1177 0.006172
1178 0.006081
1179 0.006005
1180 0.005934
1181 0.005895
1182 0.005875
1183 0.005847
1184 0.005827
1185 0.005806
1186 0.005748
1187 0.005701
1188 0.005621
1189 0.005574
1190 0.005527
1191 0.005519
1192 0.005487
1193 0.005475
1194 0.005496
1195 0.005574
1196 0.005675
1197 0.005788
1198 0.005912
1199 0.006059
1200 0.006218
1201 0.006363
1202 0.006474
1203 0.006583
1204 0.006628
1205 0.006665
1206 0.006647
1207 0.006624
1208 0.006619
1209 0.006674
1210 0.006732
1211 0.006759
1212 0.006754
1213 0.006751
1214 0.006740
1215 0.006768
1216 0.006785
1217 0.006780
1218 0.006774
1219 0.006760
1220 0.006732
1221 0.006748
1222 0.006801
1223 0.006829
1224 0.006817
1225 0.006772
1226 0.006705
1227 0.006614
1228 0.006588
1229 0.006613
1230 0.006606
1231 0.006567
1232 0.006482
1233 0.006383
1234 0.006294
1235 0.006199
1236 0.006078
1237 0.005940
1238 0.005845
1239 0.005738
1240 0.005642
1241 0.005545
1242 0.005427
1243 0.005317
1244 0.005219
1245 0.005120
1246 0.005021
1247 0.004939
1248 0.004855
1249 0.004745
1250 0.004669
1251 0.004612
1252 0.004545
1253 0.004497
1254 0.004434
1255 0.004368
1256 0.004308
1257 0.004215
1258 0.004115
1259 0.004059
1260 0.003997
1261 0.003916
1262 0.003843
1263 0.003783
1264 0.003704
1265 0.003611
1266 0.003529
1267 0.003438
1268 0.003352
1269 0.003275
1270 0.003198
1271 0.003103
1272 0.003026
1273 0.002967
1274 0.002927
1275 0.002881
1276 0.002829
1277 0.002796
1278 0.002760
1279 0.002707
1280 0.002667
1281 0.002638
1282 0.002620
1283 0.002607
1284 0.002581
1285 0.002543
1286 0.002500
1287 0.002468
1288 0.002433
1289 0.002403
1290 0.002373
1291 0.002336
1292 0.002312
1293 0.002294
1294 0.002288
1295 0.002285
1296 0.002309
1297 0.002302
1298 0.002275
1299 0.002252
1300 0.002224
1301 0.002210
1302 0.002203
1303 0.002200
1304 0.002192
1305 0.002167
1306 0.002140
1307 0.002111
1308 0.002094
1309 0.002066
1310 0.002043
1311 0.002021
1312 0.001969
1313 0.001923
1314 0.001872
1315 0.001818
1316 0.001758
1317 0.001709
1318 0.001670
1319 0.001619
1320 0.001578
1321 0.001544
1322 0.001500
1323 0.001462
1324 0.001423
1325 0.001387
1326 0.001336
1327 0.001291
1328 0.001256
1329 0.001236
1330 0.001239
1331 0.001238
1332 0.001238
1333 0.001250
1334 0.001273
1335 0.001296
1336 0.001309
1337 0.001320
1338 0.001315
1339 0.001303
1340 0.001272
1341 0.001236
1342 0.001194
1343 0.001148
1344 0.001108
1345 0.001083
1346 0.001070
1347 0.001065
1348 0.001066
1349 0.001078
1350 0.001080
1351 0.001078
1352 0.001073
1353 0.001059
1354 0.001041
1355 0.001025
1356 0.001014
1357 0.001013
1358 0.001007
1359 0.001008
1360 0.001012
1361 0.001008
1362 0.000999
1363 0.000991
1364 0.000976
1365 0.000961
1366 0.000946
1367 0.000928
1368 0.000913
1369 0.000901
1370 0.000886
1371 0.000876
1372 0.000866
1373 0.000857
1374 0.000854
1375 0.000856
1376 0.000845
1377 0.000826
1378 0.000800
1379 0.000782
1380 0.000764
1381 0.000751
1382 0.000740
1383 0.000725
1384 0.000711
1385 0.000702
1386 0.000694
1387 0.000685
1388 0.000675
1389 0.000665
1390 0.000656
1391 0.000647
1392 0.000638
1393 0.000635
1394 0.000631
1395 0.000626
1396 0.000619
1397 0.000611
1398 0.000602
1399 0.000591
1400 0.000582
1401 0.000575
1402 0.000572
1403 0.000570
1404 0.000565
1405 0.000559
1406 0.000555
1407 0.000552
1408 0.000545
1409 0.000541
1410 0.000541
1411 0.000540
1412 0.000537
1413 0.000534
1414 0.000531
1415 0.000530
1416 0.000529
1417 0.000524
1418 0.000524
1419 0.000527
1420 0.000528
1421 0.000535
1422 0.000539
1423 0.000540
1424 0.000535
1425 0.000526
1426 0.000521
1427 0.000519
1428 0.000517
1429 0.000515
1430 0.000515
1431 0.000514
1432 0.000513
1433 0.000508
1434 0.000503
1435 0.000497
1436 0.000490
1437 0.000486
1438 0.000480
1439 0.000474
1440 0.000469
1441 0.000463
1442 0.000456
1443 0.000448
1444 0.000441
1445 0.000438
1446 0.000434
1447 0.000431
1448 0.000427
1449 0.000421
1450 0.000413
1451 0.000405
1452 0.000397
1453 0.000388
1454 0.000381
1455 0.000379
1456 0.000379
1457 0.000377
1458 0.000374
1459 0.000371
1460 0.000369
1461 0.000368
1462 0.000368
1463 0.000366
1464 0.000362
1465 0.000358
1466 0.000354
1467 0.000350
1468 0.000343
1469 0.000338
1470 0.000333
1471 0.000329
1472 0.000323
1473 0.000316
1474 0.000309
1475 0.000303
1476 0.000298
1477 0.000293
1478 0.000290
1479 0.000287
1480 0.000287
1481 0.000286
1482 0.000283
1483 0.000278
1484 0.000273
1485 0.000269
1486 0.000265
1487 0.000261
1488 0.000260
1489 0.000257
1490 0.000254
1491 0.000251
1492 0.000248
1493 0.000245
1494 0.000242
1495 0.000238
1496 0.000238
1497 0.000235
1498 0.000232
1499 0.000230
1500 0.000228
1501 0.000228
1502 0.000226
1503 0.000225
1504 0.000224
1505 0.000223
1506 0.000222
1507 0.000219
1508 0.000217
1509 0.000214
1510 0.000211
1511 0.000208
1512 0.000204
1513 0.000202
1514 0.000201
1515 0.000200
1516 0.000199
1517 0.000199
1518 0.000200
1519 0.000198
1520 0.000194
1521 0.000190
1522 0.000187
1523 0.000184
1524 0.000182
1525 0.000181
1526 0.000181
1527 0.000180
1528 0.000177
1529 0.000174
1530 0.000172
1531 0.000170
1532 0.000169
1533 0.000166
1534 0.000164
1535 0.000162
1536 0.000160
1537 0.000159
1538 0.000157
1539 0.000156
1540 0.000154
1541 0.000152
1542 0.000150
1543 0.000148
1544 0.000146
1545 0.000144
1546 0.000143
1547 0.000141
1548 0.000139
1549 0.000138
1550 0.000137
1551 0.000136
1552 0.000135
1553 0.000133
1554 0.000131
1555 0.000129
1556 0.000127
1557 0.000125
1558 0.000124
1559 0.000122
1560 0.000120
1561 0.000118
1562 0.000116
1563 0.000115
1564 0.000114
1565 0.000114
1566 0.000113
1567 0.000112
1568 0.000111
1569 0.000110
1570 0.000108
1571 0.000107
1572 0.000106
1573 0.000105
1574 0.000104
1575 0.000102
1576 0.000101
1577 0.000100
1578 0.000099
1579 0.000097
1580 0.000095
1581 0.000093
1582 0.000092
1583 0.000091
1584 0.000090
1585 0.000089
1586 0.000087
1587 0.000086
1588 0.000085
1589 0.000084
1590 0.000084
1591 0.000083
1592 0.000082
1593 0.000081
1594 0.000081
1595 0.000080
1596 0.000080
1597 0.000079
1598 0.000079
1599 0.000079
1600 0.000078
1601 0.000075
1602 0.000074
1603 0.000072
1604 0.000072
1605 0.000071
1606 0.000071
1607 0.000070
1608 0.000069
1609 0.000069
1610 0.000068
1611 0.000067
1612 0.000067
1613 0.000066
1614 0.000065
1615 0.000064
1616 0.000063
1617 0.000062
1618 0.000061
1619 0.000060
1620 0.000059
1621 0.000059
1622 0.000058
1623 0.000057
1624 0.000056
1625 0.000055
1626 0.000054
1627 0.000053
1628 0.000052
1629 0.000051
1630 0.000050
1631 0.000049
1632 0.000049
1633 0.000048
1634 0.000048
1635 0.000046
1636 0.000045
1637 0.000045
1638 0.000044
1639 0.000044
1640 0.000043
1641 0.000042
1642 0.000042
1643 0.000041
1644 0.000040
1645 0.000040
1646 0.000040
1647 0.000039
1648 0.000039
1649 0.000038
1650 0.000038
1651 0.000038
1652 0.000038
1653 0.000037
1654 0.000037
1655 0.000036
1656 0.000036
1657 0.000035
1658 0.000035
1659 0.000034
1660 0.000034
1661 0.000034
1662 0.000033
1663 0.000033
1664 0.000032
1665 0.000031
1666 0.000031
1667 0.000030
1668 0.000030
1669 0.000029
1670 0.000028
1671 0.000028
1672 0.000027
1673 0.000027
1674 0.000027
1675 0.000027
1676 0.000027
1677 0.000026
1678 0.000026
1679 0.000026
1680 0.000026
1681 0.000026
1682 0.000026
1683 0.000025
1684 0.000025
1685 0.000025
1686 0.000024
1687 0.000024
1688 0.000024
1689 0.000024
1690 0.000024
1691 0.000024
1692 0.000023
1693 0.000023
1694 0.000023
1695 0.000023
1696 0.000023
1697 0.000023
1698 0.000022
1699 0.000022
1700 0.000022
1701 0.000022
1702 0.000022
1703 0.000022
1704 0.000022
1705 0.000022
1706 0.000021
1707 0.000021
1708 0.000021
1709 0.000020
1710 0.000020
1711 0.000020
1712 0.000020
1713 0.000020
1714 0.000020
1715 0.000019
1716 0.000019
1717 0.000019
1718 0.000019
1719 0.000019
1720 0.000019
1721 0.000018
1722 0.000018
1723 0.000018
1724 0.000018
1725 0.000018
1726 0.000018
1727 0.000018
1728 0.000018
1729 0.000018
1730 0.000018
1731 0.000018
1732 0.000018
1733 0.000018
1734 0.000018
1735 0.000017
1736 0.000017
1737 0.000017
1738 0.000016
1739 0.000016
1740 0.000016
1741 0.000016
1742 0.000016
1743 0.000016
1744 0.000015
1745 0.000015
1746 0.000015
1747 0.000015
1748 0.000015
1749 0.000015
1750 0.000014
1751 0.000014
1752 0.000013
1753 0.000013
1754 0.000013
1755 0.000013
1756 0.000012
1757 0.000012
1758 0.000011
1759 0.000011
1760 0.000011
1761 0.000011
1762 0.000010
1763 0.000010
1764 0.000010
1765 0.000010
1766 0.000010
1767 0.000010
1768 0.000010
1769 0.000009
1770 0.000009
1771 0.000009
1772 0.000008
1773 0.000008
1774 0.000008
1775 0.000008
1776 0.000008
1777 0.000008
1778 0.000007
1779 0.000007
1780 0.000007
1781 0.000007
1782 0.000007
1783 0.000007
1784 0.000006
1785 0.000006
1786 0.000006
1787 0.000006
1788 0.000006
1789 0.000006
1790 0.000006
1791 0.000005
1792 0.000005
1793 0.000005
1794 0.000005
1795 0.000005
1796 0.000005
1797 0.000005
1798 0.000005
1799 0.000005
1800 0.000004
1801 0.000004
1802 0.000004
1803 0.000004
1804 0.000004
1805 0.000004
1806 0.000004
1807 0.000004
1808 0.000004
1809 0.000004
1810 0.000004
1811 0.000004
1812 0.000004
1813 0.000004
1814 0.000004
1815 0.000004
1816 0.000004
1817 0.000004
1818 0.000004
1819 0.000004
1820 0.000003
1821 0.000003
1822 0.000004
1823 0.000004
1824 0.000003
1825 0.000003
1826 0.000003
1827 0.000003
1828 0.000003
1829 0.000003
1830 0.000003
1831 0.000003
1832 0.000003
1833 0.000003
1834 0.000003
1835 0.000003
1836 0.000003
1837 0.000003
1838 0.000003
1839 0.000003
1840 0.000003
1841 0.000003
1842 0.000003
1843 0.000003
1844 0.000003
1845 0.000003
1846 0.000003
1847 0.000003
1848 0.000003
1849 0.000002
1850 0.000002
1851 0.000002
1852 0.000002
1853 0.000002
1854 0.000002
1855 0.000002
1856 0.000002
1857 0.000002
1858 0.000002
1859 0.000002
1860 0.000002
1861 0.000002
1862 0.000002
1863 0.000002
1864 0.000002
1865 0.000002
1866 0.000002
1867 0.000002
1868 0.000002
1869 0.000002
1870 0.000002
1871 0.000002
1872 0.000002
1873 0.000002
1874 0.000002
1875 0.000002
1876 0.000002
1877 0.000002
1878 0.000002
1879 0.000002
1880 0.000002
1881 0.000002
1882 0.000002
1883 0.000002
1884 0.000002
1885 0.000002
1886 0.000001
1887 0.000001
1888 0.000001
1889 0.000001
1890 0.000001
1891 0.000001
1892 0.000001
1893 0.000001
1894 0.000001
1895 0.000001
1896 0.000001
1897 0.000001
1898 0.000001
1899 0.000001
1900 0.000001
1901 0.000001
1902 0.000001
1903 0.000001
1904 0.000001
1905 0.000001
1906 0.000001
1907 0.000001
1908 0.000001
1909 0.000001
1910 0.000001
1911 0.000001
1912 0.000001
1913 0.000001
1914 0.000001
1915 0.000001
1916 0.000001
1917 0.000001
1918 0.000001
1919 0.000001
1920 0.000001
1921 0.000001
1922 0.000001
1923 0.000001
1924 0.000001
1925 0.000001
1926 0.000001
1927 0.000001
1928 0.000001
1929 0.000001
1930 0.000001
1931 0.000001
1932 0.000001
1933 0.000001
1934 0.000001
1935 0.000001
1936 0.000001
1937 0.000001
1938 0.000001
1939 0.000001
1940 0.000001
