#ite residual of cho/index_2_1.txt
1 2.684380406
2 1.844870726
3 1.989304569
4 2.026298712
5 2.067003287
6 2.099205087
7 2.090819480
8 2.129830899
9 2.157881079
10 2.149076734
11 2.120973518
12 2.115945561
13 2.120621505
14 2.083174938
15 2.066020968
16 2.067380998
17 2.024096965
18 1.983935151
19 1.953608311
20 1.963561671
21 2.024658808
22 2.045443325
23 2.104985453
24 2.121149133
25 2.100704045
26 2.109800234
27 2.113217031
28 2.103233570
29 2.118835498
30 2.144827108
31 2.139384376
32 2.123824051
33 2.086890070
34 2.033274928
35 2.036768275
36 2.030094830
37 2.031731045
38 1.967929361
39 1.943921296
40 1.957764426
41 2.001430379
42 1.976678996
43 1.933716755
44 1.933537244
45 1.983847696
46 2.006352209
47 1.994596462
48 2.012897257
49 2.047079129
50 2.019621593
51 1.969538890
52 1.957287954
53 1.975175830
54 1.937280555
55 1.905617985
56 1.859645322
57 1.829509021
58 1.798812875
59 1.775917157
60 1.762344489
61 1.768465081
62 1.760260277
63 1.720970863
64 1.689181425
65 1.724990633
66 1.747423675
67 1.756357354
68 1.778271886
69 1.789306391
70 1.784356871
71 1.777268437
72 1.758293447
73 1.723697706
74 1.708500679
75 1.670957825
76 1.646131605
77 1.633175286
78 1.637582381
79 1.640173581
80 1.632030192
81 1.610615090
82 1.621693035
83 1.636736211
84 1.658399438
85 1.686694067
86 1.692576728
87 1.668982667
88 1.692690212
89 1.702084856
90 1.688637621
91 1.648801442
92 1.633071261
93 1.620563104
94 1.584171383
95 1.576804336
96 1.577246179
97 1.576219172
98 1.569192637
99 1.529615629
100 1.518902595
101 1.499146887
102 1.450747024
103 1.442270102
104 1.452460234
105 1.439501422
106 1.418149279
107 1.444777258
108 1.491344808
109 1.527240035
110 1.547659626
111 1.583074979
112 1.623951215
113 1.630566025
114 1.655032020
115 1.676303605
116 1.641690580
117 1.557336032
118 1.521970987
119 1.510810821
120 1.513412251
121 1.514975182
122 1.495219183
123 1.477348970
124 1.482994323
125 1.496717541
126 1.478944575
127 1.490361584
128 1.506963024
129 1.462987797
130 1.446882546
131 1.416320352
132 1.432841164
133 1.469346686
134 1.469960010
135 1.450340852
136 1.445774916
137 1.448042322
138 1.469737758
139 1.507612985
140 1.515977277
141 1.555736449
142 1.642829493
143 1.601529142
144 1.565374077
145 1.584743189
146 1.573251139
147 1.553803976
148 1.542031269
149 1.549745026
150 1.512364296
151 1.470485507
152 1.470259353
153 1.458405203
154 1.453782623
155 1.527036437
156 1.545977255
157 1.536596036
158 1.583702355
159 1.636527837
160 1.672245417
161 1.703406465
162 1.697826576
163 1.721365803
164 1.734240752
165 1.701166211
166 1.642910457
167 1.606251207
168 1.590523290
169 1.538256941
170 1.535193737
171 1.485257710
172 1.455782931
173 1.431113837
174 1.449241930
175 1.467828195
176 1.482613729
177 1.507023783
178 1.519914997
179 1.594546189
180 1.643173358
181 1.694316570
182 1.731268237
183 1.700265003
184 1.690706542
185 1.671310968
186 1.639798742
187 1.619063688
188 1.606811738
189 1.569790208
190 1.577220337
191 1.617026921
192 1.588364512
193 1.560760767
194 1.558866665
195 1.547915091
196 1.552113011
197 1.535141664
198 1.498002716
199 1.508152698
200 1.515381642
201 1.514569805
202 1.482223569
203 1.411959969
204 1.387442338
205 1.383403415
206 1.371052442
207 1.355850518
208 1.312913153
209 1.319356207
210 1.330362417
211 1.320778357
212 1.344884976
213 1.346906113
214 1.318806490
215 1.279052081
216 1.229127430
217 1.203253851
218 1.197871257
219 1.207393144
220 1.208799804
221 1.203401967
222 1.184174917
223 1.165778101
224 1.172088694
225 1.145015463
226 1.150084321
227 1.136164610
228 1.130571687
229 1.117650854
230 1.096864914
231 1.097150457
232 1.109765666
233 1.103919563
234 1.075751898
235 1.038389753
236 1.051314445
237 1.077351839
238 1.064569882
239 1.023511302
240 1.007496025
241 0.995064052
242 0.958335856
243 0.925210369
244 0.920958470
245 0.969967551
246 1.004080446
247 1.029917444
248 1.067441984
249 1.120347259
250 1.153530089
251 1.169432836
252 1.185572548
253 1.161485004
254 1.150762568
255 1.118446055
256 1.058452050
257 1.091473281
258 1.130770189
259 1.153742252
260 1.345468463
261 1.287082518
262 0.962524589
263 1.055584475
264 1.046725590
265 1.229449739
266 1.290974457
267 1.409811532
268 1.434256439
269 1.533572541
270 1.488959479
271 1.535084367
272 1.543938804
273 1.543657890
274 1.567181748
275 1.575682825
276 1.591911974
277 1.689660234
278 1.721616985
279 1.681179897
280 1.705833376
281 1.682103669
282 1.659122443
283 1.635416977
284 1.613903586
285 1.568515415
286 1.511084121
287 1.448926903
288 1.421731917
289 1.413959321
290 1.412933132
291 1.411574971
292 1.385372233
293 1.384401827
294 1.375572333
295 1.356294273
296 1.402034431
297 1.444873802
298 1.429074861
299 1.410323553
300 1.347628570
301 1.307596516
302 1.320802081
303 1.327702587
304 1.345104931
305 1.359693360
306 1.381330632
307 1.384351399
308 1.421539277
309 1.438371515
310 1.422781084
311 1.432717601
312 1.424406887
313 1.432560834
314 1.475565260
315 1.524320796
316 1.501026802
317 1.485816811
318 1.489256024
319 1.536607152
320 1.593593489
321 1.630519880
322 1.628643715
323 1.592153140
324 1.564756103
325 1.545178895
326 1.588386941
327 1.519677763
328 1.486322709
329 1.418622298
330 1.403057985
331 1.434576667
332 1.404876566
333 1.388313894
334 1.390444513
335 1.440112714
336 1.486788236
337 1.487925276
338 1.485255038
339 1.531740688
340 1.597363542
341 1.598467031
342 1.583836061
343 1.625764652
344 1.615574275
345 1.557195599
346 1.524113694
347 1.517814832
348 1.524620173
349 1.578702974
350 1.606370832
351 1.596558207
352 1.606353492
353 1.610250156
354 1.591243575
355 1.651403742
356 1.685041674
357 1.682060886
358 1.675578429
359 1.667307384
360 1.688341367
361 1.699092128
362 1.690855160
363 1.694693607
364 1.744919220
365 1.736987092
366 1.775008144
367 1.744156896
368 1.686620042
369 1.672781631
370 1.597177181
371 1.529339664
372 1.514915597
373 1.595002114
374 1.629359645
375 1.698349068
376 1.737278877
377 1.711565601
378 1.713602894
379 1.701502632
380 1.688277628
381 1.672331260
382 1.619720490
383 1.638261976
384 1.652239870
385 1.614267500
386 1.557824107
387 1.522139618
388 1.510892491
389 1.503589209
390 1.485764239
391 1.491420248
392 1.496737067
393 1.526551042
394 1.479705764
395 1.426205432
396 1.403173747
397 1.395255967
398 1.380443234
399 1.356745712
400 1.373958804
401 1.408172616
402 1.375280409
403 1.317433034
404 1.277359871
405 1.286755066
406 1.273832264
407 1.298802322
408 1.329218768
409 1.339441641
410 1.313671692
411 1.311818580
412 1.311813530
413 1.296745779
414 1.284440716
415 1.312334811
416 1.293176179
417 1.287211259
418 1.270238008
419 1.260350632
420 1.257502895
421 1.244825066
422 1.216369734
423 1.211073514
424 1.217605320
425 1.227649764
426 1.194592312
427 1.189130186
428 1.179888818
429 1.198745922
430 1.181931836
431 1.177115953
432 1.183475012
433 1.147201614
434 1.158005404
435 1.157402227
436 1.110512532
437 1.064250261
438 1.028734922
439 1.002492522
440 0.983260776
441 1.001941003
442 1.018998199
443 1.034141284
444 1.066509283
445 1.077076705
446 1.099955954
447 1.117874493
448 1.148782066
449 1.173757883
450 1.175390113
451 1.160220445
452 1.113442193
453 1.081722116
454 1.064918025
455 1.043882246
456 1.011167601
457 0.961010527
458 0.963476803
459 0.953320682
460 0.945452565
461 0.963111672
462 0.997291811
463 1.028323792
464 1.025550027
465 1.017603647
466 1.015482803
467 1.024458733
468 1.063190975
469 1.075141584
470 1.071973157
471 1.092838364
472 1.104158492
473 1.084340932
474 1.071207674
475 1.100121429
476 1.137617626
477 1.112864714
478 1.053497655
479 1.029928446
480 1.015994178
481 0.998299051
482 1.023474523
483 1.050228321
484 1.046970274
485 1.046354102
486 1.058351024
487 1.071654354
488 1.072907672
489 1.089842638
490 1.099014969
491 1.089919671
492 1.104903949
493 1.118655030
494 1.109320761
495 1.056780037
496 1.025222262
497 1.038082746
498 1.044332261
499 1.051111414
500 1.071408993
501 1.039163066
502 1.015076270
503 1.011691535
504 1.028799122
505 1.017181231
506 1.011967699
507 0.994834381
508 0.966733393
509 0.943411540
510 0.922140143
511 0.925921773
512 0.907204069
513 0.886194526
514 0.871940136
515 0.835870515
516 0.841632783
517 0.834714186
518 0.819996501
519 0.899707701
520 0.995517416
521 0.843140419
522 0.834146138
523 0.853105061
524 0.883998247
525 0.879351598
526 0.855366156
527 0.844314457
528 0.845666275
529 0.839117084
530 0.844036645
531 0.817370088
532 0.822392079
533 0.785578221
534 0.743129609
535 0.739270302
536 0.743270456
537 0.752544328
538 0.738959417
539 0.743240856
540 0.743234980
541 0.748628077
542 0.765154989
543 0.777020033
544 0.758658160
545 0.785123550
546 0.783166278
547 0.783658490
548 0.778890360
549 0.798969496
550 0.806116294
551 0.790411926
552 0.767420878
553 0.755289058
554 0.728232994
555 0.701781272
556 0.688022916
557 0.695555290
558 0.705818042
559 0.708608639
560 0.722855984
561 0.744143147
562 0.761603969
563 0.776968916
564 0.813547890
565 0.836271405
566 0.817355278
567 0.804531368
568 0.804885309
569 0.781743889
570 0.741730149
571 0.704923667
572 0.683912493
573 0.689198846
574 0.692586039
575 0.694322997
576 0.670474337
577 0.644174087
578 0.632351829
579 0.639860736
580 0.636989236
581 0.599455958
582 0.578857944
583 0.563206468
584 0.535504585
585 0.532174770
586 0.531650392
587 0.533208628
588 0.527284054
589 0.544901369
590 0.570679654
591 0.571540828
592 0.575022736
593 0.572550392
594 0.572960729
595 0.582005841
596 0.586406673
597 0.599176010
598 0.595052786
599 0.578383944
600 0.570794832
601 0.563928565
602 0.551458188
603 0.558971267
604 0.564020685
605 0.534710327
606 0.515392100
607 0.503396254
608 0.491958076
609 0.480242963
610 0.478693426
611 0.465399815
612 0.451266379
613 0.445796144
614 0.444983725
615 0.454520276
616 0.462433123
617 0.448406931
618 0.450301753
619 0.434706191
620 0.427717684
621 0.421668941
622 0.422733191
623 0.421152772
624 0.407362850
625 0.404674663
626 0.396588600
627 0.385927086
628 0.373116111
629 0.360975910
630 0.346550267
631 0.329422968
632 0.330978367
633 0.336791093
634 0.351303397
635 0.367743425
636 0.381285983
637 0.392690513
638 0.400603559
639 0.387813331
640 0.384582172
641 0.374033619
642 0.362989588
643 0.350257035
644 0.348891872
645 0.340544723
646 0.334741777
647 0.332059679
648 0.339264184
649 0.349592726
650 0.348321462
651 0.346419969
652 0.352811655
653 0.358266442
654 0.358970380
655 0.341756210
656 0.338316646
657 0.338708416
658 0.336910648
659 0.339705609
660 0.331726309
661 0.328259747
662 0.325965802
663 0.320853204
664 0.305383113
665 0.295714532
666 0.297442840
667 0.299220183
668 0.304212091
669 0.308669623
670 0.323182353
671 0.330730825
672 0.331986010
673 0.330425072
674 0.333050580
675 0.325168082
676 0.321220040
677 0.322639055
678 0.313380254
679 0.306001948
680 0.298406111
681 0.287171713
682 0.278363260
683 0.268101213
684 0.261698362
685 0.264809933
686 0.270596487
687 0.278636787
688 0.290393645
689 0.291989934
690 0.295998929
691 0.305999595
692 0.306767080
693 0.306572173
694 0.295966630
695 0.295475911
696 0.291707683
697 0.286928418
698 0.276773114
699 0.264925051
700 0.266505311
701 0.260311420
702 0.260475080
703 0.259730480
704 0.253293708
705 0.253345026
706 0.252595202
707 0.254808263
708 0.251949577
709 0.253336805
710 0.257685483
711 0.251554224
712 0.254407526
713 0.255453530
714 0.255465399
715 0.258033648
716 0.254136967
717 0.255496623
718 0.245599943
719 0.233976656
720 0.228397118
721 0.226043032
722 0.225116771
723 0.228035150
724 0.232204072
725 0.230502006
726 0.223939078
727 0.222674312
728 0.222912071
729 0.221091263
730 0.214041719
731 0.214546877
732 0.208837455
733 0.203338538
734 0.212400090
735 0.226747761
736 0.222873657
737 0.213968789
738 0.209787293
739 0.203395832
740 0.196595136
741 0.197837838
742 0.199803506
743 0.200757159
744 0.201775366
745 0.195305323
746 0.192834229
747 0.189211553
748 0.192996638
749 0.193461502
750 0.192494884
751 0.195641645
752 0.188687114
753 0.179682803
754 0.177906947
755 0.174753114
756 0.178224165
757 0.184171858
758 0.189112526
759 0.190605848
760 0.186117976
761 0.180271733
762 0.176713194
763 0.179011567
764 0.180042256
765 0.175116718
766 0.168908661
767 0.169638617
768 0.169830945
769 0.173203676
770 0.175921561
771 0.179101304
772 0.185650036
773 0.183179928
774 0.177015248
775 0.172182379
776 0.170500975
777 0.164100233
778 0.174644931
779 0.182632465
780 0.170447729
781 0.167826307
782 0.166556090
783 0.171799385
784 0.165694139
785 0.158319246
786 0.155078838
787 0.156663606
788 0.161627307
789 0.159378327
790 0.156847406
791 0.158527390
792 0.155884807
793 0.154141862
794 0.152651437
795 0.153533389
796 0.152429565
797 0.152240438
798 0.149761475
799 0.144005538
800 0.141789114
801 0.139092955
802 0.137741474
803 0.132415591
804 0.131056016
805 0.125954079
806 0.124983903
807 0.122934481
808 0.126275135
809 0.127818610
810 0.125693158
811 0.122926945
812 0.120880747
813 0.121988409
814 0.121676668
815 0.124005027
816 0.125209741
817 0.127162787
818 0.126341175
819 0.122885317
820 0.123185421
821 0.122516711
822 0.117749446
823 0.113102973
824 0.112676258
825 0.110661577
826 0.110332083
827 0.109777276
828 0.103671272
829 0.098994250
830 0.096704730
831 0.098016612
832 0.102855267
833 0.103419257
834 0.101150609
835 0.099797482
836 0.099485424
837 0.099543339
838 0.102003881
839 0.102378512
840 0.101726763
841 0.103158177
842 0.100747151
843 0.098954225
844 0.098393125
845 0.097897717
846 0.098032789
847 0.095093163
848 0.093063635
849 0.090163307
850 0.089014530
851 0.086908278
852 0.083764788
853 0.080295636
854 0.079759173
855 0.079796445
856 0.078740181
857 0.076284867
858 0.076750739
859 0.079269633
860 0.080618493
861 0.080335477
862 0.080301676
863 0.076827660
864 0.074348399
865 0.073871952
866 0.072715897
867 0.070068736
868 0.067799950
869 0.066460078
870 0.063494694
871 0.061616261
872 0.061689145
873 0.062098231
874 0.061480978
875 0.063236941
876 0.065339882
877 0.065857648
878 0.063983770
879 0.063215060
880 0.062981308
881 0.063356997
882 0.062116302
883 0.061344344
884 0.061695906
885 0.060855245
886 0.059082732
887 0.059427717
888 0.058352649
889 0.056420556
890 0.055153164
891 0.054530473
892 0.053395661
893 0.053760312
894 0.053868690
895 0.054043330
896 0.054898296
897 0.055377830
898 0.055301548
899 0.054463773
900 0.052435356
901 0.051012266
902 0.049743142
903 0.049792355
904 0.049162591
905 0.049221908
906 0.049814461
907 0.049812414
908 0.047856601
909 0.045376377
910 0.043716367
911 0.043503082
912 0.043334944
913 0.041765348
914 0.039743934
915 0.039081916
916 0.039146057
917 0.039304205
918 0.039877395
919 0.041416661
920 0.042757048
921 0.042559269
922 0.040913116
923 0.039743372
924 0.039805654
925 0.040387993
926 0.040571147
927 0.040824729
928 0.040857072
929 0.043029640
930 0.044757669
931 0.044235486
932 0.042257457
933 0.041263876
934 0.038860419
935 0.037368356
936 0.036218063
937 0.034343054
938 0.033330556
939 0.032069443
940 0.031698114
941 0.032029771
942 0.031551613
943 0.031257791
944 0.031500349
945 0.031842048
946 0.032066564
947 0.033312329
948 0.033674691
949 0.033994210
950 0.033899651
951 0.032123114
952 0.030942102
953 0.031104866
954 0.031634416
955 0.030877304
956 0.030414645
957 0.030047276
958 0.029863070
959 0.029999095
960 0.030298273
961 0.030222184
962 0.029636569
963 0.028882792
964 0.029039576
965 0.029556478
966 0.029841842
967 0.029739846
968 0.030267935
969 0.030613020
970 0.031057451
971 0.030949933
972 0.030393497
973 0.030191852
974 0.029679636
975 0.027967343
976 0.028327363
977 0.028127973
978 0.028667713
979 0.028779109
980 0.029205922
981 0.029121182
982 0.028786276
983 0.029313545
984 0.029333508
985 0.028785409
986 0.029662361
987 0.029771300
988 0.029985593
989 0.029584209
990 0.029284504
991 0.028631105
992 0.028499375
993 0.028353120
994 0.028850705
995 0.030117820
996 0.030443295
997 0.029618363
998 0.028955634
999 0.028601594
1000 0.027858788
1001 0.027678333
1002 0.027272717
1003 0.027149536
1004 0.027035235
1005 0.026872475
1006 0.025985510
1007 0.025624629
1008 0.025711811
1009 0.025774207
1010 0.026598322
1011 0.027110189
1012 0.025341655
1013 0.024677167
1014 0.023908653
1015 0.023726740
1016 0.023649537
1017 0.023754446
1018 0.023634675
1019 0.023321723
1020 0.023456388
1021 0.022827001
1022 0.022685588
1023 0.022072861
1024 0.021456597
1025 0.020923930
1026 0.020511800
1027 0.020062689
1028 0.019626179
1029 0.019669328
1030 0.019110236
1031 0.019302419
1032 0.019413029
1033 0.019172897
1034 0.018962389
1035 0.018995040
1036 0.018708735
1037 0.018888327
1038 0.019532987
1039 0.019062262
1040 0.018947631
1041 0.018680560
1042 0.019015386
1043 0.019195621
1044 0.019137023
1045 0.019391863
1046 0.019355965
1047 0.019339594
1048 0.019028206
1049 0.019235034
1050 0.019599348
1051 0.019368082
1052 0.019608812
1053 0.019041873
1054 0.019318888
1055 0.019452122
1056 0.019322414
1057 0.019130420
1058 0.018477987
1059 0.017905255
1060 0.017751305
1061 0.018247076
1062 0.018338173
1063 0.018419331
1064 0.018494997
1065 0.018322013
1066 0.018027216
1067 0.018299361
1068 0.018786607
1069 0.018874840
1070 0.018848429
1071 0.018618192
1072 0.018618365
1073 0.019133585
1074 0.018917669
1075 0.018288299
1076 0.018375212
1077 0.018898452
1078 0.018878316
1079 0.018992541
1080 0.018205922
1081 0.017204262
1082 0.016531874
1083 0.016286910
1084 0.016394366
1085 0.016539687
1086 0.016641470
1087 0.016406662
1088 0.016120107
1089 0.016256228
1090 0.015862301
1091 0.015787892
1092 0.015998317
1093 0.016385866
1094 0.016147375
1095 0.015717781
1096 0.015808675
1097 0.016051476
1098 0.016065188
1099 0.015968247
1100 0.015787547
1101 0.015397660
1102 0.014983200
1103 0.014609561
1104 0.014291637
1105 0.013870710
1106 0.013745522
1107 0.013696402
1108 0.013799082
1109 0.013559716
1110 0.013614368
1111 0.013544705
1112 0.013482261
1113 0.013574618
1114 0.013570835
1115 0.013886403
1116 0.013943477
1117 0.013661318
1118 0.013491703
1119 0.013064133
1120 0.012658357
1121 0.012733143
1122 0.012709559
1123 0.012789650
1124 0.013195959
1125 0.013372472
1126 0.013068839
1127 0.012677193
1128 0.012592991
1129 0.012171694
1130 0.011849498
1131 0.011472294
1132 0.011106453
1133 0.010987718
1134 0.010849855
1135 0.010947626
1136 0.011136477
1137 0.011246705
1138 0.011508523
1139 0.011483935
1140 0.011572886
1141 0.011666808
1142 0.011892775
1143 0.011664670
1144 0.011143731
1145 0.010554489
1146 0.010197859
1147 0.009887521
1148 0.009551231
1149 0.009178537
1150 0.009038757
1151 0.008861950
1152 0.008867233
1153 0.008479893
1154 0.007959850
1155 0.007838344
1156 0.007852908
1157 0.007863142
1158 0.008167040
1159 0.008526040
1160 0.008610924
1161 0.008309016
1162 0.008289338
1163 0.008151489
1164 0.008097022
1165 0.008068364
1166 0.008205404
1167 0.008185345
1168 0.007964436
1169 0.007845282
1170 0.007856167
1171 0.007885483
1172 0.007960611
1173 0.007644639
1174 0.007544857
1175 0.007418468
1176 0.007407993
1177 0.007353337
1178 0.007439554
1179 0.007598961
1180 0.007774393
1181 0.007870288
1182 0.007614619
1183 0.007530408
1184 0.007386577
1185 0.007137149
1186 0.006964229
1187 0.006690348
1188 0.006443049
1189 0.006236351
1190 0.006193698
1191 0.006114126
1192 0.006226645
1193 0.006300965
1194 0.006371881
1195 0.006338270
1196 0.006336261
1197 0.006545818
1198 0.006638952
1199 0.006576085
1200 0.006558562
1201 0.006497532
1202 0.006359265
1203 0.006321353
1204 0.006124455
1205 0.006054408
1206 0.006159826
1207 0.006203451
1208 0.006217898
1209 0.006206016
1210 0.006144052
1211 0.006190567
1212 0.006211663
1213 0.006231213
1214 0.006068561
1215 0.006045814
1216 0.006055178
1217 0.006053525
1218 0.006084455
1219 0.005923393
1220 0.005776278
1221 0.005560456
1222 0.005445191
1223 0.005467011
1224 0.005665838
1225 0.005797128
1226 0.005866293
1227 0.005963171
1228 0.005844200
1229 0.005963970
1230 0.005942570
1231 0.005734310
1232 0.005600220
1233 0.005577366
1234 0.005413733
1235 0.005346180
1236 0.005202074
1237 0.005157079
1238 0.005157628
1239 0.005091104
1240 0.004976015
1241 0.005001162
1242 0.005041209
1243 0.005070841
1244 0.004893390
1245 0.004819333
1246 0.004785988
1247 0.004820281
1248 0.004647244
1249 0.004558648
1250 0.004578856
1251 0.004490433
1252 0.004342894
1253 0.004244150
1254 0.004229024
1255 0.004192315
1256 0.004145752
1257 0.004174829
1258 0.004152115
1259 0.004133015
1260 0.004108122
1261 0.003994587
1262 0.004045673
1263 0.004112369
1264 0.004216206
1265 0.004076337
1266 0.003962330
1267 0.003867516
1268 0.003754193
1269 0.003702305
1270 0.003650322
1271 0.003760951
1272 0.003851874
1273 0.003735528
1274 0.003672775
1275 0.003684688
1276 0.003792737
1277 0.003907294
1278 0.003918741
1279 0.003914141
1280 0.003821762
1281 0.003810652
1282 0.003899723
1283 0.003901374
1284 0.003830890
1285 0.003709152
1286 0.003629690
1287 0.003537989
1288 0.003535933
1289 0.003466744
1290 0.003332001
1291 0.003343224
1292 0.003325096
1293 0.003314737
1294 0.003381110
1295 0.003309422
1296 0.003200397
1297 0.003300661
1298 0.003387090
1299 0.003411632
1300 0.003383153
1301 0.003428989
1302 0.003489933
1303 0.003447106
1304 0.003269600
1305 0.003068683
1306 0.002875042
1307 0.002784896
1308 0.002717473
1309 0.002728498
1310 0.002728668
1311 0.002724098
1312 0.002800896
1313 0.002793441
1314 0.002748439
1315 0.002697634
1316 0.002684726
1317 0.002700101
1318 0.002722805
1319 0.002724219
1320 0.002669765
1321 0.002586899
1322 0.002605761
1323 0.002624530
1324 0.002500018
1325 0.002338699
1326 0.002303969
1327 0.002329249
1328 0.002357179
1329 0.002386311
1330 0.002440591
1331 0.002546356
1332 0.002579002
1333 0.002461021
1334 0.002366385
1335 0.002307659
1336 0.002282784
1337 0.002240603
1338 0.002241806
1339 0.002290598
1340 0.002219680
1341 0.002117878
1342 0.002092834
1343 0.002092702
1344 0.002105787
1345 0.002145912
1346 0.002143258
1347 0.002090000
1348 0.002047617
1349 0.002025065
1350 0.002009497
1351 0.001948714
1352 0.001884639
1353 0.001847562
1354 0.001772547
1355 0.001700128
1356 0.001677655
1357 0.001650746
1358 0.001668652
1359 0.001722858
1360 0.001724323
1361 0.001679227
1362 0.001641346
1363 0.001658992
1364 0.001677579
1365 0.001678654
1366 0.001648080
1367 0.001652060
1368 0.001655399
1369 0.001689845
1370 0.001700839
1371 0.001645815
1372 0.001591128
1373 0.001522636
1374 0.001482664
1375 0.001435938
1376 0.001463143
1377 0.001470898
1378 0.001429671
1379 0.001356363
1380 0.001307048
1381 0.001285750
1382 0.001280999
1383 0.001301997
1384 0.001326815
1385 0.001313913
1386 0.001300180
1387 0.001290467
1388 0.001294078
1389 0.001293595
1390 0.001288973
1391 0.001295034
1392 0.001305598
1393 0.001271392
1394 0.001260669
1395 0.001284253
1396 0.001311494
1397 0.001359595
1398 0.001351020
1399 0.001274202
1400 0.001188236
1401 0.001145958
1402 0.001120307
1403 0.001102058
1404 0.001055881
1405 0.001063642
1406 0.001059686
1407 0.001057255
1408 0.001035253
1409 0.001033833
1410 0.001012138
1411 0.001014053
1412 0.001033305
1413 0.001029374
1414 0.001026763
1415 0.001034888
1416 0.001035747
1417 0.001028451
1418 0.001020874
1419 0.001027759
1420 0.001014483
1421 0.000957809
1422 0.000924248
1423 0.000897984
1424 0.000888565
1425 0.000922310
1426 0.000912664
1427 0.000868979
1428 0.000834853
1429 0.000821630
1430 0.000813539
1431 0.000822824
1432 0.000812089
1433 0.000814402
1434 0.000843137
1435 0.000842526
1436 0.000816475
1437 0.000793476
1438 0.000777816
1439 0.000774402
1440 0.000759637
1441 0.000733722
1442 0.000732790
1443 0.000760769
1444 0.000737235
1445 0.000714646
1446 0.000699302
1447 0.000683191
1448 0.000682120
1449 0.000668175
1450 0.000658488
1451 0.000649996
1452 0.000648132
1453 0.000633769
1454 0.000627344
1455 0.000621936
1456 0.000607265
1457 0.000594427
1458 0.000590539
1459 0.000604881
1460 0.000603941
1461 0.000599861
1462 0.000592554
1463 0.000577606
1464 0.000568432
1465 0.000560321
1466 0.000552626
1467 0.000536809
1468 0.000534584
1469 0.000525003
1470 0.000523364
1471 0.000521893
1472 0.000519877
1473 0.000500538
1474 0.000472938
1475 0.000461536
1476 0.000455706
1477 0.000457297
1478 0.000455513
1479 0.000450441
1480 0.000456512
1481 0.000444355
1482 0.000428988
1483 0.000421692
1484 0.000418152
1485 0.000416494
1486 0.000427293
1487 0.000421115
1488 0.000417535
1489 0.000417962
1490 0.000415001
1491 0.000410484
1492 0.000400058
1493 0.000375532
1494 0.000371053
1495 0.000365889
1496 0.000367036
1497 0.000371910
1498 0.000378879
1499 0.000372582
1500 0.000374772
1501 0.000381862
1502 0.000382349
1503 0.000388033
1504 0.000395472
1505 0.000394176
1506 0.000390149
1507 0.000375133
1508 0.000370247
1509 0.000375189
1510 0.000373671
1511 0.000359866
1512 0.000353570
1513 0.000346901
1514 0.000339842
1515 0.000338821
1516 0.000339366
1517 0.000338272
1518 0.000336049
1519 0.000334383
1520 0.000324975
1521 0.000326092
1522 0.000324477
1523 0.000316915
1524 0.000304965
1525 0.000302609
1526 0.000297874
1527 0.000299128
1528 0.000295413
1529 0.000282050
1530 0.000278022
1531 0.000281448
1532 0.000284224
1533 0.000275048
1534 0.000260308
1535 0.000254416
1536 0.000255936
1537 0.000253190
1538 0.000252534
1539 0.000250822
1540 0.000252665
1541 0.000248407
1542 0.000246972
1543 0.000240632
1544 0.000228705
1545 0.000220670
1546 0.000216795
1547 0.000215429
1548 0.000205785
1549 0.000197433
1550 0.000193975
1551 0.000193952
1552 0.000194833
1553 0.000199881
1554 0.000202561
1555 0.000199916
1556 0.000199583
1557 0.000198558
1558 0.000198509
1559 0.000191506
1560 0.000185641
1561 0.000184941
1562 0.000186518
1563 0.000186846
1564 0.000184257
1565 0.000178419
1566 0.000173228
1567 0.000170774
1568 0.000169780
1569 0.000168838
1570 0.000167726
1571 0.000166920
1572 0.000166604
1573 0.000166163
1574 0.000166623
1575 0.000164125
1576 0.000163831
1577 0.000160332
1578 0.000158099
1579 0.000153862
1580 0.000149671
1581 0.000147355
1582 0.000143834
1583 0.000141452
1584 0.000137679
1585 0.000135755
1586 0.000131491
1587 0.000128717
1588 0.000129015
1589 0.000130758
1590 0.000135963
1591 0.000134351
1592 0.000129814
1593 0.000126761
1594 0.000125407
1595 0.000125196
1596 0.000125237
1597 0.000124466
1598 0.000123672
1599 0.000122841
1600 0.000118294
1601 0.000113577
1602 0.000111230
1603 0.000109788
1604 0.000110665
1605 0.000110372
1606 0.000111695
1607 0.000108689
1608 0.000105891
1609 0.000104639
1610 0.000102698
1611 0.000101415
1612 0.000100135
1613 0.000097359
1614 0.000097462
1615 0.000098235
1616 0.000094303
1617 0.000090852
1618 0.000090089
1619 0.000088978
1620 0.000088708
1621 0.000087959
1622 0.000087839
1623 0.000087532
1624 0.000087911
1625 0.000085251
1626 0.000081906
1627 0.000079637
1628 0.000079469
1629 0.000080680
1630 0.000081214
1631 0.000081294
1632 0.000080475
1633 0.000080692
1634 0.000081296
1635 0.000079135
1636 0.000076181
1637 0.000072421
1638 0.000070052
1639 0.000068456
1640 0.000068845
1641 0.000069526
1642 0.000069018
1643 0.000067891
1644 0.000066160
1645 0.000065314
1646 0.000064312
1647 0.000063907
1648 0.000063896
1649 0.000062994
1650 0.000062886
1651 0.000062280
1652 0.000060850
1653 0.000058477
1654 0.000056126
1655 0.000055773
1656 0.000055695
1657 0.000055061
1658 0.000054261
1659 0.000053807
1660 0.000053640
1661 0.000054657
1662 0.000056437
1663 0.000057238
1664 0.000056311
1665 0.000054154
1666 0.000051984
1667 0.000049878
1668 0.000049104
1669 0.000048432
1670 0.000046110
1671 0.000043604
1672 0.000042192
1673 0.000041794
1674 0.000041298
1675 0.000041976
1676 0.000042215
1677 0.000042968
1678 0.000043923
1679 0.000044881
1680 0.000043399
1681 0.000041387
1682 0.000040184
1683 0.000038848
1684 0.000037880
1685 0.000037279
1686 0.000036307
1687 0.000035635
1688 0.000035883
1689 0.000036309
1690 0.000036515
1691 0.000035998
1692 0.000034733
1693 0.000034594
1694 0.000034396
1695 0.000034177
1696 0.000034481
1697 0.000032991
1698 0.000031554
1699 0.000030726
1700 0.000029838
1701 0.000028531
1702 0.000028432
1703 0.000029370
1704 0.000030159
1705 0.000030344
1706 0.000030078
1707 0.000030149
1708 0.000030433
1709 0.000029991
1710 0.000028781
1711 0.000028026
1712 0.000027865
1713 0.000028074
1714 0.000027052
1715 0.000025996
1716 0.000025034
1717 0.000024356
1718 0.000024765
1719 0.000024964
1720 0.000024268
1721 0.000023547
1722 0.000023095
1723 0.000023457
1724 0.000023581
1725 0.000023071
1726 0.000022303
1727 0.000021837
1728 0.000021837
1729 0.000021717
1730 0.000021470
1731 0.000021264
1732 0.000020572
1733 0.000020170
1734 0.000019788
1735 0.000019373
1736 0.000018934
1737 0.000018537
1738 0.000018456
1739 0.000018341
1740 0.000018407
1741 0.000018570
1742 0.000019151
1743 0.000019121
1744 0.000018340
1745 0.000018354
1746 0.000018035
1747 0.000018057
1748 0.000018357
1749 0.000018293
1750 0.000018352
1751 0.000018593
1752 0.000018066
1753 0.000017362
1754 0.000016647
1755 0.000016309
1756 0.000015712
1757 0.000015360
1758 0.000014948
1759 0.000014573
1760 0.000014236
1761 0.000013775
1762 0.000013431
1763 0.000013521
1764 0.000013786
1765 0.000014278
1766 0.000014161
1767 0.000013523
1768 0.000013300
1769 0.000013367
1770 0.000013213
1771 0.000012742
1772 0.000012298
1773 0.000011872
1774 0.000011368
1775 0.000010978
1776 0.000010920
1777 0.000010897
1778 0.000010897
1779 0.000010842
1780 0.000010906
1781 0.000011099
1782 0.000011170
1783 0.000011030
1784 0.000011077
1785 0.000010822
1786 0.000010593
1787 0.000010466
1788 0.000010427
1789 0.000010371
1790 0.000010315
1791 0.000010245
1792 0.000010141
1793 0.000009970
1794 0.000010173
1795 0.000010208
1796 0.000009969
1797 0.000010035
1798 0.000009785
1799 0.000009816
1800 0.000009713
1801 0.000009558
1802 0.000009455
1803 0.000009045
1804 0.000008564
1805 0.000008139
1806 0.000008033
1807 0.000007865
1808 0.000007638
1809 0.000007717
1810 0.000008039
1811 0.000008036
1812 0.000007725
1813 0.000007693
1814 0.000007559
1815 0.000007613
1816 0.000007639
1817 0.000007358
1818 0.000007054
1819 0.000006797
1820 0.000006677
1821 0.000006591
1822 0.000006546
1823 0.000006494
1824 0.000006259
1825 0.000006150
1826 0.000006101
1827 0.000006290
1828 0.000006339
1829 0.000006444
1830 0.000006456
1831 0.000006313
1832 0.000006166
1833 0.000006184
1834 0.000006219
1835 0.000006190
1836 0.000006055
1837 0.000005910
1838 0.000005807
1839 0.000005717
1840 0.000005697
1841 0.000005708
1842 0.000005762
1843 0.000005773
1844 0.000005739
1845 0.000005604
1846 0.000005396
1847 0.000005225
1848 0.000005067
1849 0.000004993
1850 0.000004973
1851 0.000004966
1852 0.000004954
1853 0.000004851
1854 0.000004810
1855 0.000004859
1856 0.000004767
1857 0.000004755
1858 0.000004796
1859 0.000004825
1860 0.000004711
1861 0.000004620
1862 0.000004537
1863 0.000004545
1864 0.000004526
1865 0.000004449
1866 0.000004293
1867 0.000004326
1868 0.000004304
1869 0.000004161
1870 0.000004034
1871 0.000004026
1872 0.000004037
1873 0.000004132
1874 0.000004294
1875 0.000004343
1876 0.000004350
1877 0.000004357
1878 0.000004403
1879 0.000004438
1880 0.000004335
1881 0.000004157
1882 0.000004076
1883 0.000004022
1884 0.000003935
1885 0.000003841
1886 0.000003752
1887 0.000003631
1888 0.000003554
1889 0.000003546
1890 0.000003522
1891 0.000003481
1892 0.000003374
1893 0.000003346
1894 0.000003293
1895 0.000003281
1896 0.000003331
1897 0.000003401
1898 0.000003457
1899 0.000003311
1900 0.000003154
1901 0.000003040
1902 0.000002996
1903 0.000002942
1904 0.000002906
1905 0.000002907
1906 0.000002917
1907 0.000002884
1908 0.000002834
1909 0.000002864
1910 0.000002873
1911 0.000002853
1912 0.000002805
1913 0.000002799
1914 0.000002797
1915 0.000002811
1916 0.000002844
1917 0.000002815
1918 0.000002774
1919 0.000002694
1920 0.000002626
1921 0.000002579
1922 0.000002498
1923 0.000002495
1924 0.000002572
1925 0.000002585
1926 0.000002544
1927 0.000002502
1928 0.000002513
1929 0.000002501
1930 0.000002545
1931 0.000002535
1932 0.000002515
1933 0.000002503
1934 0.000002459
1935 0.000002456
1936 0.000002403
1937 0.000002368
1938 0.000002310
1939 0.000002260
1940 0.000002237
1941 0.000002243
1942 0.000002232
1943 0.000002240
1944 0.000002270
1945 0.000002279
1946 0.000002306
1947 0.000002293
1948 0.000002331
1949 0.000002325
1950 0.000002321
1951 0.000002337
1952 0.000002336
1953 0.000002421
1954 0.000002474
1955 0.000002543
1956 0.000002604
1957 0.000002566
1958 0.000002527
1959 0.000002490
1960 0.000002470
1961 0.000002436
1962 0.000002381
1963 0.000002314
1964 0.000002263
1965 0.000002273
1966 0.000002327
1967 0.000002351
1968 0.000002292
1969 0.000002251
1970 0.000002230
1971 0.000002238
1972 0.000002277
1973 0.000002264
1974 0.000002253
1975 0.000002274
1976 0.000002282
1977 0.000002295
1978 0.000002283
1979 0.000002235
1980 0.000002209
1981 0.000002182
1982 0.000002151
1983 0.000002148
1984 0.000002162
1985 0.000002130
1986 0.000002109
1987 0.000002089
1988 0.000002045
1989 0.000002102
1990 0.000002153
1991 0.000002102
1992 0.000002065
1993 0.000002026
1994 0.000001957
1995 0.000001866
1996 0.000001824
1997 0.000001808
1998 0.000001832
1999 0.000001838
2000 0.000001835
2001 0.000001894
2002 0.000001960
2003 0.000001987
2004 0.000002030
2005 0.000002013
2006 0.000001939
2007 0.000001896
2008 0.000001871
2009 0.000001841
2010 0.000001834
2011 0.000001837
2012 0.000001808
2013 0.000001762
2014 0.000001765
2015 0.000001780
2016 0.000001824
2017 0.000001830
2018 0.000001838
2019 0.000001846
2020 0.000001891
2021 0.000001955
2022 0.000001942
2023 0.000001892
2024 0.000001894
2025 0.000001878
2026 0.000001868
2027 0.000001875
2028 0.000001915
2029 0.000001945
2030 0.000001970
2031 0.000001972
2032 0.000001976
2033 0.000001969
2034 0.000001976
2035 0.000001997
2036 0.000002043
2037 0.000002076
2038 0.000002035
2039 0.000001978
2040 0.000001969
2041 0.000002005
2042 0.000002079
2043 0.000002154
2044 0.000002214
2045 0.000002218
2046 0.000002208
2047 0.000002241
2048 0.000002220
2049 0.000002112
2050 0.000002066
2051 0.000002076
2052 0.000002032
2053 0.000002091
2054 0.000002093
2055 0.000002024
2056 0.000001966
2057 0.000001892
2058 0.000001882
2059 0.000001873
2060 0.000001897
2061 0.000001893
2062 0.000001890
2063 0.000001893
2064 0.000001897
2065 0.000001905
2066 0.000001881
2067 0.000001860
2068 0.000001835
2069 0.000001875
2070 0.000001870
2071 0.000001925
2072 0.000001948
2073 0.000001950
2074 0.000001932
2075 0.000001895
2076 0.000001864
2077 0.000001832
2078 0.000001877
2079 0.000001934
2080 0.000001926
2081 0.000001932
2082 0.000001945
2083 0.000001935
2084 0.000001882
2085 0.000001830
2086 0.000001856
2087 0.000001922
2088 0.000001945
2089 0.000001931
2090 0.000001892
2091 0.000001826
2092 0.000001803
2093 0.000001797
2094 0.000001818
2095 0.000001819
2096 0.000001807
2097 0.000001761
2098 0.000001727
2099 0.000001738
2100 0.000001732
2101 0.000001752
2102 0.000001731
2103 0.000001710
2104 0.000001710
2105 0.000001718
2106 0.000001772
2107 0.000001819
2108 0.000001847
2109 0.000001848
2110 0.000001860
2111 0.000001864
2112 0.000001795
2113 0.000001771
2114 0.000001768
2115 0.000001772
2116 0.000001778
2117 0.000001784
2118 0.000001754
2119 0.000001709
2120 0.000001718
2121 0.000001716
2122 0.000001765
2123 0.000001838
2124 0.000001905
2125 0.000001877
2126 0.000001825
2127 0.000001847
2128 0.000001831
2129 0.000001885
2130 0.000001907
2131 0.000001803
2132 0.000001764
2133 0.000001789
2134 0.000001840
2135 0.000001804
2136 0.000001773
2137 0.000001741
2138 0.000001769
2139 0.000001824
2140 0.000001878
2141 0.000001917
2142 0.000001914
2143 0.000001942
2144 0.000001937
2145 0.000001904
2146 0.000001866
2147 0.000001879
2148 0.000001854
2149 0.000001823
2150 0.000001797
2151 0.000001753
2152 0.000001756
2153 0.000001761
2154 0.000001789
2155 0.000001752
2156 0.000001710
2157 0.000001680
2158 0.000001667
2159 0.000001682
2160 0.000001667
2161 0.000001669
2162 0.000001668
2163 0.000001686
2164 0.000001698
2165 0.000001699
2166 0.000001710
2167 0.000001706
2168 0.000001704
2169 0.000001711
2170 0.000001696
2171 0.000001669
2172 0.000001663
2173 0.000001690
2174 0.000001731
2175 0.000001693
2176 0.000001619
2177 0.000001612
2178 0.000001600
2179 0.000001614
2180 0.000001626
2181 0.000001610
2182 0.000001616
2183 0.000001616
2184 0.000001634
2185 0.000001583
2186 0.000001576
2187 0.000001575
2188 0.000001565
2189 0.000001573
2190 0.000001583
2191 0.000001592
2192 0.000001575
2193 0.000001604
2194 0.000001626
2195 0.000001597
2196 0.000001542
2197 0.000001531
2198 0.000001554
2199 0.000001586
2200 0.000001608
2201 0.000001552
2202 0.000001502
2203 0.000001481
2204 0.000001452
2205 0.000001450
2206 0.000001434
2207 0.000001449
2208 0.000001437
2209 0.000001462
2210 0.000001481
2211 0.000001469
2212 0.000001458
2213 0.000001473
2214 0.000001538
2215 0.000001585
2216 0.000001633
2217 0.000001657
2218 0.000001675
2219 0.000001674
2220 0.000001644
2221 0.000001610
2222 0.000001591
2223 0.000001571
2224 0.000001524
2225 0.000001491
2226 0.000001478
2227 0.000001484
2228 0.000001538
2229 0.000001568
2230 0.000001580
2231 0.000001599
2232 0.000001592
2233 0.000001606
2234 0.000001608
2235 0.000001581
2236 0.000001601
2237 0.000001640
2238 0.000001685
2239 0.000001663
2240 0.000001640
2241 0.000001659
2242 0.000001662
2243 0.000001675
2244 0.000001677
2245 0.000001685
2246 0.000001669
2247 0.000001624
2248 0.000001613
2249 0.000001620
2250 0.000001643
2251 0.000001652
2252 0.000001662
2253 0.000001672
2254 0.000001691
2255 0.000001674
2256 0.000001634
2257 0.000001635
2258 0.000001635
2259 0.000001627
2260 0.000001604
2261 0.000001596
2262 0.000001633
2263 0.000001698
2264 0.000001646
2265 0.000001587
2266 0.000001558
2267 0.000001575
2268 0.000001626
2269 0.000001673
2270 0.000001705
2271 0.000001706
2272 0.000001688
2273 0.000001677
2274 0.000001681
2275 0.000001693
2276 0.000001706
2277 0.000001718
2278 0.000001743
2279 0.000001760
2280 0.000001773
2281 0.000001757
2282 0.000001704
2283 0.000001644
2284 0.000001638
2285 0.000001614
2286 0.000001567
2287 0.000001567
2288 0.000001601
2289 0.000001651
2290 0.000001698
2291 0.000001738
2292 0.000001731
2293 0.000001752
2294 0.000001767
2295 0.000001758
2296 0.000001753
2297 0.000001762
2298 0.000001785
2299 0.000001798
2300 0.000001781
2301 0.000001764
2302 0.000001783
2303 0.000001803
2304 0.000001851
2305 0.000001863
2306 0.000001799
2307 0.000001791
2308 0.000001760
2309 0.000001790
2310 0.000001796
2311 0.000001800
2312 0.000001802
2313 0.000001820
2314 0.000001842
2315 0.000001866
2316 0.000001858
2317 0.000001805
2318 0.000001793
2319 0.000001756
2320 0.000001759
2321 0.000001755
2322 0.000001766
2323 0.000001789
2324 0.000001791
2325 0.000001853
2326 0.000001877
2327 0.000001944
2328 0.000001993
2329 0.000002023
2330 0.000002075
2331 0.000002106
2332 0.000002137
2333 0.000002092
2334 0.000002044
2335 0.000001990
2336 0.000001950
2337 0.000001896
2338 0.000001843
2339 0.000001828
2340 0.000001814
2341 0.000001842
2342 0.000001838
2343 0.000001839
2344 0.000001848
2345 0.000001905
2346 0.000001944
2347 0.000001915
2348 0.000001885
2349 0.000001817
2350 0.000001758
2351 0.000001710
2352 0.000001694
2353 0.000001704
2354 0.000001706
2355 0.000001704
2356 0.000001698
2357 0.000001717
2358 0.000001790
2359 0.000001918
2360 0.000001970
2361 0.000001922
2362 0.000001903
2363 0.000001904
2364 0.000001895
2365 0.000001882
2366 0.000001842
2367 0.000001780
2368 0.000001708
2369 0.000001653
2370 0.000001612
2371 0.000001600
2372 0.000001594
2373 0.000001621
2374 0.000001638
2375 0.000001697
2376 0.000001743
2377 0.000001773
2378 0.000001823
2379 0.000001853
2380 0.000001826
2381 0.000001780
2382 0.000001752
2383 0.000001763
2384 0.000001714
2385 0.000001622
2386 0.000001582
2387 0.000001565
2388 0.000001545
2389 0.000001493
2390 0.000001473
2391 0.000001475
2392 0.000001520
2393 0.000001570
2394 0.000001641
2395 0.000001704
2396 0.000001725
2397 0.000001656
2398 0.000001609
2399 0.000001615
2400 0.000001596
2401 0.000001599
2402 0.000001618
2403 0.000001563
2404 0.000001485
2405 0.000001441
2406 0.000001442
2407 0.000001444
2408 0.000001469
2409 0.000001467
2410 0.000001435
2411 0.000001435
2412 0.000001446
2413 0.000001479
2414 0.000001497
2415 0.000001489
2416 0.000001436
2417 0.000001447
2418 0.000001450
2419 0.000001467
2420 0.000001503
2421 0.000001543
2422 0.000001561
2423 0.000001551
2424 0.000001550
2425 0.000001525
2426 0.000001499
2427 0.000001456
2428 0.000001425
2429 0.000001416
2430 0.000001414
2431 0.000001426
2432 0.000001400
2433 0.000001411
2434 0.000001437
2435 0.000001465
2436 0.000001464
2437 0.000001442
2438 0.000001451
2439 0.000001432
2440 0.000001414
2441 0.000001356
2442 0.000001325
2443 0.000001321
2444 0.000001322
2445 0.000001344
2446 0.000001340
2447 0.000001354
2448 0.000001379
2449 0.000001421
2450 0.000001451
2451 0.000001452
2452 0.000001420
2453 0.000001386
2454 0.000001380
2455 0.000001385
2456 0.000001395
2457 0.000001340
2458 0.000001288
2459 0.000001267
2460 0.000001277
2461 0.000001272
2462 0.000001232
2463 0.000001220
2464 0.000001215
2465 0.000001245
2466 0.000001270
2467 0.000001312
2468 0.000001367
2469 0.000001399
2470 0.000001425
2471 0.000001434
2472 0.000001427
2473 0.000001380
2474 0.000001301
2475 0.000001256
2476 0.000001249
2477 0.000001251
2478 0.000001227
2479 0.000001194
2480 0.000001182
2481 0.000001185
2482 0.000001205
2483 0.000001246
2484 0.000001266
2485 0.000001251
2486 0.000001241
2487 0.000001248
2488 0.000001250
2489 0.000001238
2490 0.000001211
2491 0.000001170
2492 0.000001143
2493 0.000001127
2494 0.000001090
2495 0.000001087
2496 0.000001079
2497 0.000001090
2498 0.000001109
2499 0.000001155
2500 0.000001200
2501 0.000001192
2502 0.000001203
2503 0.000001217
2504 0.000001234
2505 0.000001238
2506 0.000001256
2507 0.000001247
2508 0.000001205
2509 0.000001159
2510 0.000001127
2511 0.000001107
2512 0.000001092
2513 0.000001087
2514 0.000001086
2515 0.000001070
2516 0.000001084
2517 0.000001090
2518 0.000001092
2519 0.000001093
2520 0.000001093
2521 0.000001076
2522 0.000001082
2523 0.000001117
2524 0.000001134
2525 0.000001175
2526 0.000001182
2527 0.000001149
2528 0.000001129
2529 0.000001115
2530 0.000001102
2531 0.000001077
2532 0.000001086
2533 0.000001055
2534 0.000001018
2535 0.000001011
2536 0.000001025
2537 0.000001051
2538 0.000001060
2539 0.000001067
2540 0.000001072
2541 0.000001058
2542 0.000001045
2543 0.000001035
2544 0.000001005
2545 0.000000965
2546 0.000000968
2547 0.000000964
2548 0.000000950
2549 0.000000936
2550 0.000000934
2551 0.000000927
2552 0.000000920
2553 0.000000930
2554 0.000000952
2555 0.000000974
2556 0.000001006
2557 0.000001050
2558 0.000001062
2559 0.000001058
2560 0.000001051
2561 0.000001027
2562 0.000001016
2563 0.000001008
2564 0.000000997
2565 0.000000981
2566 0.000000937
2567 0.000000919
2568 0.000000914
2569 0.000000911
2570 0.000000901
2571 0.000000877
2572 0.000000882
2573 0.000000871
2574 0.000000873
2575 0.000000852
2576 0.000000851
2577 0.000000865
2578 0.000000888
2579 0.000000933
2580 0.000000934
2581 0.000000942
2582 0.000000949
2583 0.000000947
2584 0.000000945
2585 0.000000935
2586 0.000000951
2587 0.000000936
2588 0.000000877
2589 0.000000831
2590 0.000000824
2591 0.000000839
2592 0.000000860
2593 0.000000881
2594 0.000000903
2595 0.000000924
2596 0.000000926
2597 0.000000921
2598 0.000000901
2599 0.000000882
2600 0.000000866
2601 0.000000849
2602 0.000000835
2603 0.000000815
2604 0.000000815
2605 0.000000835
2606 0.000000843
2607 0.000000851
2608 0.000000859
2609 0.000000877
2610 0.000000903
2611 0.000000926
2612 0.000000939
2613 0.000000929
2614 0.000000905
2615 0.000000864
2616 0.000000826
2617 0.000000823
2618 0.000000805
2619 0.000000767
2620 0.000000755
2621 0.000000758
2622 0.000000775
2623 0.000000802
2624 0.000000791
2625 0.000000770
2626 0.000000750
2627 0.000000738
2628 0.000000743
2629 0.000000749
2630 0.000000754
2631 0.000000760
2632 0.000000764
2633 0.000000745
2634 0.000000739
2635 0.000000738
2636 0.000000746
2637 0.000000727
2638 0.000000696
2639 0.000000693
2640 0.000000695
2641 0.000000713
2642 0.000000746
2643 0.000000767
2644 0.000000749
2645 0.000000729
2646 0.000000730
2647 0.000000726
2648 0.000000707
2649 0.000000687
2650 0.000000684
2651 0.000000684
2652 0.000000689
2653 0.000000712
2654 0.000000712
2655 0.000000693
2656 0.000000677
2657 0.000000674
2658 0.000000672
2659 0.000000684
2660 0.000000712
2661 0.000000727
2662 0.000000741
2663 0.000000740
2664 0.000000733
2665 0.000000741
2666 0.000000752
2667 0.000000781
2668 0.000000787
2669 0.000000768
2670 0.000000732
2671 0.000000699
2672 0.000000687
2673 0.000000688
2674 0.000000694
2675 0.000000679
2676 0.000000669
2677 0.000000658
2678 0.000000657
2679 0.000000654
2680 0.000000655
2681 0.000000653
2682 0.000000664
2683 0.000000681
2684 0.000000684
2685 0.000000678
2686 0.000000654
2687 0.000000646
2688 0.000000645
2689 0.000000648
2690 0.000000643
2691 0.000000633
2692 0.000000618
2693 0.000000615
2694 0.000000614
2695 0.000000618
2696 0.000000623
2697 0.000000621
2698 0.000000623
2699 0.000000624
2700 0.000000625
2701 0.000000623
2702 0.000000618
2703 0.000000608
2704 0.000000593
2705 0.000000588
2706 0.000000599
2707 0.000000606
2708 0.000000603
2709 0.000000594
2710 0.000000590
2711 0.000000588
2712 0.000000595
2713 0.000000593
2714 0.000000584
2715 0.000000596
2716 0.000000609
2717 0.000000619
2718 0.000000607
2719 0.000000600
2720 0.000000605
2721 0.000000605
2722 0.000000594
2723 0.000000558
2724 0.000000535
2725 0.000000524
2726 0.000000520
2727 0.000000528
2728 0.000000537
2729 0.000000562
2730 0.000000591
2731 0.000000609
2732 0.000000612
2733 0.000000606
2734 0.000000599
2735 0.000000601
2736 0.000000613
2737 0.000000631
2738 0.000000625
2739 0.000000596
2740 0.000000582
2741 0.000000582
2742 0.000000579
2743 0.000000580
2744 0.000000575
2745 0.000000578
2746 0.000000576
2747 0.000000577
2748 0.000000579
2749 0.000000578
2750 0.000000581
2751 0.000000584
2752 0.000000595
2753 0.000000597
2754 0.000000591
2755 0.000000601
2756 0.000000612
2757 0.000000631
2758 0.000000626
2759 0.000000628
2760 0.000000626
2761 0.000000627
2762 0.000000633
2763 0.000000616
2764 0.000000579
2765 0.000000544
2766 0.000000534
2767 0.000000521
2768 0.000000515
2769 0.000000514
2770 0.000000517
2771 0.000000522
2772 0.000000535
2773 0.000000551
2774 0.000000546
2775 0.000000548
2776 0.000000547
2777 0.000000549
2778 0.000000551
2779 0.000000553
2780 0.000000549
2781 0.000000553
2782 0.000000556
2783 0.000000540
2784 0.000000526
2785 0.000000516
2786 0.000000512
2787 0.000000514
2788 0.000000511
2789 0.000000499
2790 0.000000486
2791 0.000000492
2792 0.000000492
2793 0.000000500
2794 0.000000497
2795 0.000000494
2796 0.000000490
2797 0.000000487
2798 0.000000497
2799 0.000000504
2800 0.000000506
2801 0.000000497
2802 0.000000504
2803 0.000000522
2804 0.000000524
2805 0.000000527
2806 0.000000517
2807 0.000000517
2808 0.000000527
2809 0.000000530
2810 0.000000529
2811 0.000000524
2812 0.000000523
2813 0.000000527
2814 0.000000539
2815 0.000000536
2816 0.000000534
2817 0.000000540
2818 0.000000563
2819 0.000000569
2820 0.000000537
2821 0.000000509
2822 0.000000487
2823 0.000000473
2824 0.000000469
2825 0.000000475
2826 0.000000465
2827 0.000000461
2828 0.000000458
2829 0.000000460
2830 0.000000467
2831 0.000000472
2832 0.000000482
2833 0.000000489
2834 0.000000494
2835 0.000000506
2836 0.000000513
2837 0.000000529
2838 0.000000544
2839 0.000000546
2840 0.000000544
2841 0.000000534
2842 0.000000519
2843 0.000000495
2844 0.000000481
2845 0.000000481
2846 0.000000483
2847 0.000000473
2848 0.000000482
2849 0.000000498
2850 0.000000502
2851 0.000000496
2852 0.000000482
2853 0.000000481
2854 0.000000488
2855 0.000000499
2856 0.000000507
2857 0.000000509
2858 0.000000507
2859 0.000000503
2860 0.000000503
2861 0.000000491
2862 0.000000474
2863 0.000000467
2864 0.000000472
2865 0.000000489
2866 0.000000488
2867 0.000000480
2868 0.000000471
2869 0.000000476
2870 0.000000481
2871 0.000000480
2872 0.000000480
2873 0.000000472
2874 0.000000472
2875 0.000000457
2876 0.000000454
2877 0.000000442
2878 0.000000434
2879 0.000000429
2880 0.000000423
2881 0.000000424
2882 0.000000422
2883 0.000000428
2884 0.000000431
2885 0.000000438
2886 0.000000453
2887 0.000000471
2888 0.000000475
2889 0.000000471
2890 0.000000482
2891 0.000000486
2892 0.000000462
2893 0.000000442
2894 0.000000430
2895 0.000000434
2896 0.000000440
2897 0.000000432
2898 0.000000426
2899 0.000000436
2900 0.000000461
2901 0.000000457
2902 0.000000453
2903 0.000000454
2904 0.000000458
2905 0.000000464
2906 0.000000476
2907 0.000000482
2908 0.000000486
2909 0.000000472
2910 0.000000458
2911 0.000000450
2912 0.000000441
2913 0.000000438
2914 0.000000434
2915 0.000000429
2916 0.000000429
2917 0.000000440
2918 0.000000461
2919 0.000000477
2920 0.000000494
2921 0.000000498
2922 0.000000509
2923 0.000000518
2924 0.000000514
2925 0.000000499
2926 0.000000488
2927 0.000000481
2928 0.000000455
2929 0.000000441
2930 0.000000433
2931 0.000000429
2932 0.000000431
2933 0.000000450
2934 0.000000474
2935 0.000000482
2936 0.000000480
2937 0.000000486
2938 0.000000498
2939 0.000000510
2940 0.000000511
2941 0.000000511
2942 0.000000505
2943 0.000000503
2944 0.000000499
2945 0.000000487
2946 0.000000481
2947 0.000000479
2948 0.000000483
2949 0.000000497
2950 0.000000482
2951 0.000000462
2952 0.000000468
2953 0.000000470
2954 0.000000480
2955 0.000000486
2956 0.000000495
2957 0.000000497
2958 0.000000497
2959 0.000000488
2960 0.000000473
2961 0.000000463
2962 0.000000457
2963 0.000000455
2964 0.000000457
2965 0.000000458
2966 0.000000465
2967 0.000000480
2968 0.000000505
2969 0.000000511
2970 0.000000492
2971 0.000000487
2972 0.000000484
2973 0.000000484
2974 0.000000488
2975 0.000000491
2976 0.000000489
2977 0.000000475
2978 0.000000461
2979 0.000000450
2980 0.000000445
2981 0.000000448
2982 0.000000448
2983 0.000000442
2984 0.000000434
2985 0.000000436
2986 0.000000445
2987 0.000000457
2988 0.000000477
2989 0.000000492
2990 0.000000501
2991 0.000000502
2992 0.000000490
2993 0.000000477
2994 0.000000464
2995 0.000000458
2996 0.000000452
2997 0.000000445
2998 0.000000442
2999 0.000000430
3000 0.000000426
3001 0.000000432
3002 0.000000442
3003 0.000000448
3004 0.000000451
3005 0.000000453
3006 0.000000454
3007 0.000000448
3008 0.000000445
3009 0.000000447
3010 0.000000455
3011 0.000000457
3012 0.000000462
3013 0.000000472
3014 0.000000488
3015 0.000000490
3016 0.000000463
3017 0.000000442
3018 0.000000431
3019 0.000000432
3020 0.000000434
3021 0.000000430
3022 0.000000430
3023 0.000000430
3024 0.000000437
3025 0.000000448
3026 0.000000451
3027 0.000000447
3028 0.000000442
3029 0.000000440
3030 0.000000445
3031 0.000000456
3032 0.000000456
3033 0.000000440
3034 0.000000438
3035 0.000000441
3036 0.000000445
3037 0.000000451
3038 0.000000463
3039 0.000000454
3040 0.000000428
3041 0.000000412
3042 0.000000405
3043 0.000000410
3044 0.000000411
3045 0.000000402
3046 0.000000392
3047 0.000000388
3048 0.000000398
3049 0.000000412
3050 0.000000410
3051 0.000000400
3052 0.000000394
3053 0.000000397
3054 0.000000399
3055 0.000000397
3056 0.000000392
3057 0.000000385
3058 0.000000382
3059 0.000000381
3060 0.000000381
3061 0.000000382
3062 0.000000386
3063 0.000000384
3064 0.000000393
3065 0.000000399
3066 0.000000404
3067 0.000000415
3068 0.000000412
3069 0.000000400
3070 0.000000388
3071 0.000000384
3072 0.000000383
3073 0.000000378
3074 0.000000363
3075 0.000000352
3076 0.000000348
3077 0.000000341
3078 0.000000339
3079 0.000000341
3080 0.000000349
3081 0.000000356
3082 0.000000356
3083 0.000000354
3084 0.000000353
3085 0.000000351
3086 0.000000355
3087 0.000000355
3088 0.000000350
3089 0.000000339
3090 0.000000336
3091 0.000000333
3092 0.000000333
3093 0.000000336
3094 0.000000342
3095 0.000000352
3096 0.000000361
3097 0.000000364
3098 0.000000366
3099 0.000000364
3100 0.000000363
3101 0.000000357
3102 0.000000352
3103 0.000000340
3104 0.000000336
3105 0.000000335
3106 0.000000323
3107 0.000000313
3108 0.000000309
3109 0.000000315
3110 0.000000323
3111 0.000000326
3112 0.000000328
3113 0.000000332
3114 0.000000336
3115 0.000000338
3116 0.000000342
3117 0.000000345
3118 0.000000339
3119 0.000000324
3120 0.000000306
3121 0.000000292
3122 0.000000288
3123 0.000000302
3124 0.000000312
3125 0.000000306
3126 0.000000306
3127 0.000000313
3128 0.000000320
3129 0.000000324
3130 0.000000326
3131 0.000000324
3132 0.000000324
3133 0.000000325
3134 0.000000321
3135 0.000000328
3136 0.000000335
3137 0.000000333
3138 0.000000330
3139 0.000000322
3140 0.000000310
3141 0.000000302
3142 0.000000297
3143 0.000000301
3144 0.000000306
3145 0.000000310
3146 0.000000314
3147 0.000000311
3148 0.000000301
3149 0.000000294
3150 0.000000291
3151 0.000000290
3152 0.000000295
3153 0.000000300
3154 0.000000295
3155 0.000000287
3156 0.000000280
3157 0.000000281
3158 0.000000283
3159 0.000000281
3160 0.000000280
3161 0.000000284
3162 0.000000283
3163 0.000000284
3164 0.000000284
3165 0.000000283
3166 0.000000278
3167 0.000000274
3168 0.000000273
3169 0.000000269
3170 0.000000269
3171 0.000000267
3172 0.000000265
3173 0.000000269
3174 0.000000275
3175 0.000000277
3176 0.000000271
3177 0.000000266
3178 0.000000260
3179 0.000000256
3180 0.000000255
3181 0.000000258
3182 0.000000268
3183 0.000000280
3184 0.000000280
3185 0.000000272
3186 0.000000273
3187 0.000000272
3188 0.000000271
3189 0.000000274
3190 0.000000272
3191 0.000000262
3192 0.000000255
3193 0.000000254
3194 0.000000251
3195 0.000000251
3196 0.000000255
3197 0.000000255
3198 0.000000258
3199 0.000000257
3200 0.000000255
3201 0.000000247
3202 0.000000240
3203 0.000000235
3204 0.000000232
3205 0.000000230
3206 0.000000231
3207 0.000000240
3208 0.000000249
3209 0.000000248
3210 0.000000241
3211 0.000000242
3212 0.000000244
3213 0.000000247
3214 0.000000246
3215 0.000000242
3216 0.000000238
3217 0.000000234
3218 0.000000232
3219 0.000000228
3220 0.000000224
3221 0.000000223
3222 0.000000222
3223 0.000000226
3224 0.000000230
3225 0.000000231
3226 0.000000231
3227 0.000000237
3228 0.000000243
3229 0.000000241
3230 0.000000238
3231 0.000000232
3232 0.000000230
3233 0.000000229
3234 0.000000223
3235 0.000000216
3236 0.000000213
3237 0.000000213
3238 0.000000209
3239 0.000000208
3240 0.000000205
3241 0.000000209
3242 0.000000218
3243 0.000000223
3244 0.000000220
3245 0.000000214
3246 0.000000208
3247 0.000000203
3248 0.000000199
3249 0.000000196
3250 0.000000198
3251 0.000000198
3252 0.000000195
3253 0.000000196
3254 0.000000196
3255 0.000000200
3256 0.000000203
3257 0.000000208
3258 0.000000210
3259 0.000000211
3260 0.000000210
3261 0.000000205
3262 0.000000198
3263 0.000000196
3264 0.000000195
3265 0.000000195
3266 0.000000191
3267 0.000000192
3268 0.000000191
3269 0.000000194
3270 0.000000195
3271 0.000000196
3272 0.000000195
3273 0.000000195
3274 0.000000195
3275 0.000000193
3276 0.000000188
3277 0.000000182
3278 0.000000182
3279 0.000000180
3280 0.000000180
3281 0.000000181
3282 0.000000183
3283 0.000000184
3284 0.000000183
3285 0.000000183
3286 0.000000184
3287 0.000000188
3288 0.000000188
3289 0.000000183
3290 0.000000174
3291 0.000000168
3292 0.000000168
3293 0.000000172
3294 0.000000166
3295 0.000000161
3296 0.000000166
3297 0.000000176
3298 0.000000183
3299 0.000000186
3300 0.000000184
3301 0.000000184
3302 0.000000182
3303 0.000000181
3304 0.000000181
3305 0.000000175
3306 0.000000169
3307 0.000000167
3308 0.000000166
3309 0.000000165
3310 0.000000165
3311 0.000000165
3312 0.000000167
3313 0.000000168
3314 0.000000173
3315 0.000000174
3316 0.000000167
3317 0.000000165
3318 0.000000166
3319 0.000000168
3320 0.000000168
3321 0.000000167
3322 0.000000165
3323 0.000000165
3324 0.000000164
3325 0.000000164
3326 0.000000164
3327 0.000000167
3328 0.000000166
3329 0.000000163
3330 0.000000158
3331 0.000000160
3332 0.000000164
3333 0.000000161
3334 0.000000160
3335 0.000000160
3336 0.000000160
3337 0.000000161
3338 0.000000159
3339 0.000000157
3340 0.000000159
3341 0.000000159
3342 0.000000154
3343 0.000000150
3344 0.000000148
3345 0.000000149
3346 0.000000146
3347 0.000000149
3348 0.000000151
3349 0.000000151
3350 0.000000150
3351 0.000000147
3352 0.000000146
3353 0.000000147
3354 0.000000151
3355 0.000000153
3356 0.000000154
3357 0.000000154
3358 0.000000151
3359 0.000000149
3360 0.000000147
3361 0.000000147
3362 0.000000141
3363 0.000000136
3364 0.000000136
3365 0.000000134
3366 0.000000135
3367 0.000000136
3368 0.000000138
3369 0.000000141
3370 0.000000143
3371 0.000000145
3372 0.000000147
3373 0.000000155
3374 0.000000157
3375 0.000000151
3376 0.000000143
3377 0.000000140
3378 0.000000138
3379 0.000000135
3380 0.000000133
3381 0.000000131
3382 0.000000131
3383 0.000000133
3384 0.000000134
3385 0.000000132
3386 0.000000134
3387 0.000000138
3388 0.000000140
3389 0.000000142
3390 0.000000141
3391 0.000000140
3392 0.000000136
3393 0.000000132
3394 0.000000131
3395 0.000000128
3396 0.000000127
3397 0.000000128
3398 0.000000131
3399 0.000000132
3400 0.000000130
3401 0.000000127
3402 0.000000126
3403 0.000000129
3404 0.000000130
3405 0.000000127
3406 0.000000125
3407 0.000000125
3408 0.000000125
3409 0.000000128
3410 0.000000130
3411 0.000000130
3412 0.000000130
3413 0.000000130
3414 0.000000129
3415 0.000000127
3416 0.000000127
3417 0.000000128
3418 0.000000130
3419 0.000000130
3420 0.000000130
3421 0.000000128
3422 0.000000127
3423 0.000000126
3424 0.000000125
3425 0.000000121
3426 0.000000117
3427 0.000000113
3428 0.000000108
3429 0.000000105
3430 0.000000104
3431 0.000000105
3432 0.000000107
3433 0.000000113
3434 0.000000119
3435 0.000000123
3436 0.000000126
3437 0.000000127
3438 0.000000124
3439 0.000000120
3440 0.000000116
3441 0.000000114
3442 0.000000111
3443 0.000000105
3444 0.000000101
3445 0.000000101
3446 0.000000100
3447 0.000000100
3448 0.000000100
3449 0.000000103
3450 0.000000107
3451 0.000000109
3452 0.000000109
3453 0.000000109
3454 0.000000109
3455 0.000000109
3456 0.000000109
3457 0.000000107
3458 0.000000105
3459 0.000000104
3460 0.000000103
3461 0.000000103
3462 0.000000102
3463 0.000000099
3464 0.000000097
3465 0.000000096
3466 0.000000099
3467 0.000000103
3468 0.000000104
3469 0.000000103
3470 0.000000103
3471 0.000000104
3472 0.000000104
3473 0.000000105
3474 0.000000108
3475 0.000000107
3476 0.000000103
3477 0.000000101
3478 0.000000098
3479 0.000000095
3480 0.000000092
3481 0.000000088
3482 0.000000085
3483 0.000000085
3484 0.000000086
3485 0.000000088
3486 0.000000092
3487 0.000000096
3488 0.000000097
3489 0.000000100
3490 0.000000101
3491 0.000000098
3492 0.000000094
3493 0.000000091
3494 0.000000087
3495 0.000000081
3496 0.000000079
3497 0.000000078
3498 0.000000079
3499 0.000000080
3500 0.000000081
3501 0.000000082
3502 0.000000083
3503 0.000000085
3504 0.000000086
3505 0.000000087
3506 0.000000088
3507 0.000000089
3508 0.000000089
3509 0.000000086
3510 0.000000083
3511 0.000000080
3512 0.000000079
3513 0.000000079
3514 0.000000080
3515 0.000000081
3516 0.000000082
3517 0.000000080
3518 0.000000078
3519 0.000000078
3520 0.000000079
3521 0.000000081
3522 0.000000082
3523 0.000000081
3524 0.000000079
3525 0.000000077
3526 0.000000076
3527 0.000000074
3528 0.000000072
3529 0.000000071
3530 0.000000072
3531 0.000000071
3532 0.000000072
3533 0.000000072
3534 0.000000074
3535 0.000000075
3536 0.000000074
3537 0.000000074
3538 0.000000074
3539 0.000000073
3540 0.000000073
3541 0.000000075
3542 0.000000076
3543 0.000000074
3544 0.000000073
3545 0.000000073
3546 0.000000072
3547 0.000000070
3548 0.000000068
3549 0.000000066
3550 0.000000065
3551 0.000000065
3552 0.000000065
3553 0.000000066
3554 0.000000068
3555 0.000000070
3556 0.000000072
3557 0.000000075
3558 0.000000076
3559 0.000000075
3560 0.000000072
3561 0.000000069
3562 0.000000066
3563 0.000000064
3564 0.000000063
3565 0.000000062
3566 0.000000061
3567 0.000000060
3568 0.000000059
3569 0.000000061
3570 0.000000062
3571 0.000000065
3572 0.000000067
3573 0.000000069
3574 0.000000068
3575 0.000000066
3576 0.000000064
3577 0.000000064
3578 0.000000064
3579 0.000000063
3580 0.000000062
3581 0.000000061
3582 0.000000060
3583 0.000000059
3584 0.000000058
3585 0.000000059
3586 0.000000060
3587 0.000000061
3588 0.000000062
3589 0.000000062
3590 0.000000062
3591 0.000000062
3592 0.000000061
3593 0.000000060
3594 0.000000059
3595 0.000000059
3596 0.000000059
3597 0.000000060
3598 0.000000059
3599 0.000000057
3600 0.000000055
3601 0.000000054
3602 0.000000054
3603 0.000000053
3604 0.000000053
3605 0.000000054
3606 0.000000057
3607 0.000000057
3608 0.000000055
3609 0.000000054
3610 0.000000055
3611 0.000000058
3612 0.000000060
3613 0.000000061
3614 0.000000057
3615 0.000000055
3616 0.000000054
3617 0.000000054
3618 0.000000054
3619 0.000000052
3620 0.000000050
3621 0.000000050
3622 0.000000051
3623 0.000000053
3624 0.000000053
3625 0.000000051
3626 0.000000050
3627 0.000000050
3628 0.000000049
3629 0.000000050
3630 0.000000050
3631 0.000000049
3632 0.000000048
3633 0.000000047
3634 0.000000045
3635 0.000000044
3636 0.000000045
3637 0.000000047
3638 0.000000049
3639 0.000000048
3640 0.000000047
3641 0.000000047
3642 0.000000047
3643 0.000000049
3644 0.000000049
3645 0.000000048
3646 0.000000047
3647 0.000000046
3648 0.000000045
3649 0.000000045
3650 0.000000046
3651 0.000000046
3652 0.000000045
3653 0.000000044
3654 0.000000045
3655 0.000000045
3656 0.000000045
3657 0.000000045
3658 0.000000043
3659 0.000000043
3660 0.000000043
3661 0.000000045
3662 0.000000045
3663 0.000000044
3664 0.000000044
3665 0.000000044
3666 0.000000045
3667 0.000000045
3668 0.000000043
3669 0.000000042
3670 0.000000041
3671 0.000000041
3672 0.000000041
3673 0.000000041
3674 0.000000041
3675 0.000000041
3676 0.000000041
3677 0.000000040
3678 0.000000039
3679 0.000000038
3680 0.000000037
3681 0.000000037
3682 0.000000036
3683 0.000000036
3684 0.000000038
3685 0.000000039
3686 0.000000038
3687 0.000000037
3688 0.000000036
3689 0.000000036
3690 0.000000037
3691 0.000000037
3692 0.000000036
3693 0.000000035
3694 0.000000034
3695 0.000000034
3696 0.000000035
3697 0.000000035
3698 0.000000035
3699 0.000000034
3700 0.000000034
3701 0.000000035
3702 0.000000035
3703 0.000000034
3704 0.000000034
3705 0.000000033
3706 0.000000033
3707 0.000000033
3708 0.000000034
3709 0.000000033
3710 0.000000032
3711 0.000000032
3712 0.000000032
3713 0.000000032
3714 0.000000032
3715 0.000000031
3716 0.000000030
3717 0.000000030
3718 0.000000029
3719 0.000000029
3720 0.000000029
3721 0.000000029
3722 0.000000029
3723 0.000000030
3724 0.000000031
3725 0.000000031
3726 0.000000032
3727 0.000000031
3728 0.000000030
3729 0.000000030
3730 0.000000029
3731 0.000000029
3732 0.000000028
3733 0.000000028
3734 0.000000029
3735 0.000000029
3736 0.000000028
3737 0.000000027
3738 0.000000027
3739 0.000000027
3740 0.000000026
3741 0.000000026
3742 0.000000026
3743 0.000000027
3744 0.000000029
3745 0.000000029
3746 0.000000029
3747 0.000000029
3748 0.000000029
3749 0.000000029
3750 0.000000029
3751 0.000000029
3752 0.000000029
3753 0.000000028
3754 0.000000028
3755 0.000000027
3756 0.000000027
3757 0.000000026
3758 0.000000026
3759 0.000000026
3760 0.000000026
3761 0.000000025
3762 0.000000026
3763 0.000000026
3764 0.000000026
3765 0.000000026
3766 0.000000027
3767 0.000000028
3768 0.000000028
3769 0.000000027
3770 0.000000027
3771 0.000000026
3772 0.000000024
3773 0.000000023
3774 0.000000023
3775 0.000000024
3776 0.000000024
3777 0.000000025
3778 0.000000025
3779 0.000000026
3780 0.000000027
3781 0.000000026
3782 0.000000025
3783 0.000000024
3784 0.000000024
3785 0.000000023
3786 0.000000022
3787 0.000000021
3788 0.000000020
3789 0.000000020
3790 0.000000021
3791 0.000000022
3792 0.000000023
3793 0.000000024
3794 0.000000025
3795 0.000000025
3796 0.000000026
3797 0.000000026
3798 0.000000027
3799 0.000000025
3800 0.000000023
3801 0.000000021
3802 0.000000020
3803 0.000000019
3804 0.000000018
3805 0.000000018
3806 0.000000019
3807 0.000000019
3808 0.000000020
3809 0.000000021
3810 0.000000022
3811 0.000000022
3812 0.000000022
3813 0.000000022
3814 0.000000022
3815 0.000000021
3816 0.000000021
3817 0.000000020
3818 0.000000019
3819 0.000000019
3820 0.000000018
3821 0.000000018
3822 0.000000018
3823 0.000000019
3824 0.000000019
3825 0.000000020
3826 0.000000021
3827 0.000000021
3828 0.000000021
3829 0.000000020
3830 0.000000021
3831 0.000000020
3832 0.000000020
3833 0.000000020
3834 0.000000019
3835 0.000000019
3836 0.000000019
3837 0.000000018
3838 0.000000018
3839 0.000000018
3840 0.000000018
3841 0.000000018
3842 0.000000019
3843 0.000000019
3844 0.000000019
3845 0.000000019
3846 0.000000019
3847 0.000000019
3848 0.000000018
3849 0.000000018
3850 0.000000018
3851 0.000000018
3852 0.000000017
3853 0.000000017
3854 0.000000017
3855 0.000000016
3856 0.000000016
3857 0.000000016
3858 0.000000016
3859 0.000000017
3860 0.000000017
3861 0.000000017
3862 0.000000017
3863 0.000000018
3864 0.000000018
3865 0.000000017
3866 0.000000017
3867 0.000000016
3868 0.000000016
3869 0.000000016
3870 0.000000016
3871 0.000000016
3872 0.000000015
3873 0.000000015
3874 0.000000016
3875 0.000000016
3876 0.000000016
3877 0.000000017
3878 0.000000017
3879 0.000000017
3880 0.000000017
3881 0.000000017
3882 0.000000017
3883 0.000000016
3884 0.000000015
3885 0.000000015
3886 0.000000015
3887 0.000000016
3888 0.000000016
3889 0.000000016
3890 0.000000016
3891 0.000000016
3892 0.000000016
3893 0.000000016
3894 0.000000016
3895 0.000000016
3896 0.000000016
3897 0.000000015
3898 0.000000015
3899 0.000000015
3900 0.000000016
3901 0.000000016
3902 0.000000016
3903 0.000000016
3904 0.000000016
3905 0.000000016
3906 0.000000016
3907 0.000000015
3908 0.000000015
3909 0.000000014
3910 0.000000014
3911 0.000000014
3912 0.000000014
3913 0.000000015
3914 0.000000015
3915 0.000000016
3916 0.000000016
3917 0.000000016
3918 0.000000015
3919 0.000000015
3920 0.000000014
3921 0.000000014
3922 0.000000013
3923 0.000000013
3924 0.000000013
3925 0.000000013
3926 0.000000013
3927 0.000000013
3928 0.000000014
3929 0.000000014
3930 0.000000015
3931 0.000000016
3932 0.000000016
3933 0.000000016
3934 0.000000016
3935 0.000000015
3936 0.000000015
3937 0.000000015
3938 0.000000014
3939 0.000000013
3940 0.000000012
3941 0.000000012
3942 0.000000012
3943 0.000000013
3944 0.000000014
3945 0.000000014
3946 0.000000015
3947 0.000000015
3948 0.000000015
3949 0.000000015
3950 0.000000015
3951 0.000000015
3952 0.000000014
3953 0.000000013
3954 0.000000013
3955 0.000000012
3956 0.000000012
3957 0.000000013
3958 0.000000013
3959 0.000000013
3960 0.000000014
3961 0.000000014
3962 0.000000014
3963 0.000000014
3964 0.000000014
3965 0.000000014
3966 0.000000013
3967 0.000000013
3968 0.000000013
3969 0.000000013
3970 0.000000012
3971 0.000000012
3972 0.000000012
3973 0.000000013
3974 0.000000013
3975 0.000000013
3976 0.000000014
3977 0.000000014
3978 0.000000014
3979 0.000000014
3980 0.000000014
3981 0.000000014
3982 0.000000014
3983 0.000000014
3984 0.000000013
3985 0.000000013
3986 0.000000013
3987 0.000000013
3988 0.000000013
3989 0.000000013
3990 0.000000014
3991 0.000000014
3992 0.000000015
3993 0.000000015
3994 0.000000015
3995 0.000000015
3996 0.000000015
3997 0.000000015
3998 0.000000014
3999 0.000000014
4000 0.000000014
4001 0.000000013
4002 0.000000013
4003 0.000000013
4004 0.000000013
4005 0.000000013
4006 0.000000013
4007 0.000000013
4008 0.000000013
4009 0.000000014
4010 0.000000014
4011 0.000000014
4012 0.000000014
4013 0.000000014
4014 0.000000013
4015 0.000000013
4016 0.000000013
4017 0.000000013
4018 0.000000013
4019 0.000000013
4020 0.000000013
4021 0.000000013
4022 0.000000014
4023 0.000000014
4024 0.000000014
4025 0.000000014
4026 0.000000013
4027 0.000000013
4028 0.000000013
4029 0.000000013
4030 0.000000013
4031 0.000000012
4032 0.000000012
4033 0.000000013
4034 0.000000013
4035 0.000000014
4036 0.000000014
4037 0.000000014
4038 0.000000014
4039 0.000000014
4040 0.000000014
4041 0.000000014
4042 0.000000014
4043 0.000000014
4044 0.000000014
4045 0.000000013
4046 0.000000013
4047 0.000000013
4048 0.000000013
4049 0.000000013
4050 0.000000013
4051 0.000000013
4052 0.000000013
4053 0.000000014
4054 0.000000014
4055 0.000000013
4056 0.000000013
4057 0.000000013
4058 0.000000013
4059 0.000000013
4060 0.000000013
4061 0.000000013
4062 0.000000013
4063 0.000000013
4064 0.000000013
4065 0.000000013
4066 0.000000013
4067 0.000000013
4068 0.000000013
4069 0.000000013
4070 0.000000014
4071 0.000000013
4072 0.000000013
4073 0.000000013
4074 0.000000014
4075 0.000000014
4076 0.000000014
4077 0.000000014
4078 0.000000014
4079 0.000000014
4080 0.000000015
4081 0.000000015
4082 0.000000015
4083 0.000000015
4084 0.000000015
4085 0.000000015
4086 0.000000015
4087 0.000000014
4088 0.000000014
4089 0.000000014
4090 0.000000014
4091 0.000000013
4092 0.000000013
4093 0.000000013
4094 0.000000014
4095 0.000000014
4096 0.000000014
4097 0.000000014
4098 0.000000014
4099 0.000000014
4100 0.000000014
4101 0.000000015
4102 0.000000015
4103 0.000000015
4104 0.000000015
4105 0.000000015
4106 0.000000015
4107 0.000000015
4108 0.000000015
4109 0.000000015
4110 0.000000015
4111 0.000000014
4112 0.000000014
4113 0.000000014
4114 0.000000015
4115 0.000000015
4116 0.000000015
4117 0.000000016
4118 0.000000016
4119 0.000000015
4120 0.000000015
4121 0.000000015
4122 0.000000015
4123 0.000000014
4124 0.000000014
4125 0.000000015
4126 0.000000015
4127 0.000000015
4128 0.000000015
4129 0.000000016
4130 0.000000016
4131 0.000000017
4132 0.000000016
4133 0.000000016
4134 0.000000017
4135 0.000000017
4136 0.000000017
4137 0.000000016
4138 0.000000015
4139 0.000000015
4140 0.000000015
4141 0.000000016
4142 0.000000016
4143 0.000000016
4144 0.000000016
4145 0.000000017
4146 0.000000017
4147 0.000000018
4148 0.000000018
4149 0.000000018
4150 0.000000018
4151 0.000000018
4152 0.000000018
4153 0.000000018
4154 0.000000018
4155 0.000000017
4156 0.000000018
4157 0.000000017
4158 0.000000017
4159 0.000000018
4160 0.000000018
4161 0.000000018
4162 0.000000018
4163 0.000000019
4164 0.000000020
4165 0.000000021
4166 0.000000021
4167 0.000000021
4168 0.000000021
4169 0.000000020
4170 0.000000020
4171 0.000000020
4172 0.000000020
4173 0.000000019
4174 0.000000019
4175 0.000000019
4176 0.000000019
4177 0.000000019
4178 0.000000019
4179 0.000000019
4180 0.000000020
4181 0.000000020
4182 0.000000021
4183 0.000000022
4184 0.000000023
4185 0.000000023
4186 0.000000023
4187 0.000000023
4188 0.000000023
4189 0.000000023
4190 0.000000022
4191 0.000000021
4192 0.000000020
4193 0.000000020
4194 0.000000021
4195 0.000000021
4196 0.000000021
4197 0.000000022
4198 0.000000023
4199 0.000000023
4200 0.000000024
4201 0.000000024
4202 0.000000024
4203 0.000000023
4204 0.000000023
4205 0.000000023
4206 0.000000022
4207 0.000000022
4208 0.000000021
4209 0.000000021
4210 0.000000021
4211 0.000000021
4212 0.000000022
4213 0.000000023
4214 0.000000024
4215 0.000000025
4216 0.000000026
4217 0.000000026
4218 0.000000026
4219 0.000000026
4220 0.000000025
4221 0.000000024
4222 0.000000024
4223 0.000000023
4224 0.000000023
4225 0.000000023
4226 0.000000022
4227 0.000000022
4228 0.000000023
4229 0.000000024
4230 0.000000026
4231 0.000000026
4232 0.000000025
4233 0.000000026
4234 0.000000026
4235 0.000000027
4236 0.000000027
4237 0.000000027
4238 0.000000027
4239 0.000000026
4240 0.000000025
4241 0.000000025
4242 0.000000023
4243 0.000000022
4244 0.000000022
4245 0.000000023
4246 0.000000024
4247 0.000000024
4248 0.000000024
4249 0.000000026
4250 0.000000027
4251 0.000000028
4252 0.000000029
4253 0.000000029
4254 0.000000028
4255 0.000000027
4256 0.000000026
4257 0.000000026
4258 0.000000026
4259 0.000000026
4260 0.000000025
4261 0.000000025
4262 0.000000025
4263 0.000000025
4264 0.000000026
4265 0.000000026
4266 0.000000027
4267 0.000000028
4268 0.000000028
4269 0.000000028
4270 0.000000028
4271 0.000000027
4272 0.000000026
4273 0.000000026
4274 0.000000026
4275 0.000000027
4276 0.000000027
4277 0.000000026
4278 0.000000026
4279 0.000000026
4280 0.000000026
4281 0.000000026
4282 0.000000026
4283 0.000000027
4284 0.000000027
4285 0.000000027
4286 0.000000027
4287 0.000000027
4288 0.000000028
4289 0.000000028
4290 0.000000027
4291 0.000000026
4292 0.000000026
4293 0.000000026
4294 0.000000027
4295 0.000000026
4296 0.000000026
4297 0.000000025
4298 0.000000025
4299 0.000000025
4300 0.000000026
4301 0.000000026
4302 0.000000026
4303 0.000000027
4304 0.000000027
4305 0.000000027
4306 0.000000027
4307 0.000000027
4308 0.000000026
4309 0.000000026
4310 0.000000025
4311 0.000000025
4312 0.000000025
4313 0.000000025
4314 0.000000025
4315 0.000000025
4316 0.000000025
4317 0.000000025
4318 0.000000026
4319 0.000000026
4320 0.000000027
4321 0.000000027
4322 0.000000027
4323 0.000000028
4324 0.000000028
4325 0.000000029
4326 0.000000030
4327 0.000000029
4328 0.000000027
4329 0.000000026
4330 0.000000025
4331 0.000000025
4332 0.000000026
4333 0.000000026
4334 0.000000026
4335 0.000000027
4336 0.000000028
4337 0.000000028
4338 0.000000028
4339 0.000000027
4340 0.000000027
4341 0.000000026
4342 0.000000025
4343 0.000000025
4344 0.000000024
4345 0.000000023
4346 0.000000023
4347 0.000000023
4348 0.000000024
4349 0.000000025
4350 0.000000026
4351 0.000000027
4352 0.000000027
4353 0.000000027
4354 0.000000026
4355 0.000000026
4356 0.000000025
4357 0.000000024
4358 0.000000024
4359 0.000000024
4360 0.000000024
4361 0.000000023
4362 0.000000023
4363 0.000000024
4364 0.000000025
4365 0.000000026
4366 0.000000027
4367 0.000000027
4368 0.000000027
4369 0.000000027
4370 0.000000026
4371 0.000000026
4372 0.000000025
4373 0.000000023
4374 0.000000022
4375 0.000000021
4376 0.000000020
4377 0.000000020
4378 0.000000021
4379 0.000000022
4380 0.000000023
4381 0.000000024
4382 0.000000025
4383 0.000000025
4384 0.000000026
4385 0.000000026
4386 0.000000026
4387 0.000000025
4388 0.000000023
4389 0.000000022
4390 0.000000022
4391 0.000000021
4392 0.000000020
4393 0.000000021
4394 0.000000021
4395 0.000000022
4396 0.000000022
4397 0.000000023
4398 0.000000023
4399 0.000000024
4400 0.000000024
4401 0.000000025
4402 0.000000024
4403 0.000000023
4404 0.000000022
4405 0.000000021
4406 0.000000021
4407 0.000000021
4408 0.000000021
4409 0.000000020
4410 0.000000021
4411 0.000000022
4412 0.000000024
4413 0.000000025
4414 0.000000024
4415 0.000000023
4416 0.000000023
4417 0.000000022
4418 0.000000021
4419 0.000000021
4420 0.000000019
4421 0.000000018
4422 0.000000017
4423 0.000000018
4424 0.000000018
4425 0.000000018
4426 0.000000019
4427 0.000000019
4428 0.000000020
4429 0.000000020
4430 0.000000021
4431 0.000000020
4432 0.000000020
4433 0.000000020
4434 0.000000019
4435 0.000000019
4436 0.000000019
4437 0.000000019
4438 0.000000019
4439 0.000000019
4440 0.000000019
4441 0.000000019
4442 0.000000019
4443 0.000000019
4444 0.000000018
4445 0.000000018
4446 0.000000018
4447 0.000000018
4448 0.000000019
4449 0.000000019
4450 0.000000020
4451 0.000000020
4452 0.000000020
4453 0.000000020
4454 0.000000019
4455 0.000000018
4456 0.000000017
4457 0.000000017
4458 0.000000016
4459 0.000000016
4460 0.000000016
4461 0.000000016
4462 0.000000017
4463 0.000000018
4464 0.000000018
4465 0.000000019
4466 0.000000020
4467 0.000000020
4468 0.000000020
4469 0.000000019
4470 0.000000019
4471 0.000000017
4472 0.000000016
4473 0.000000016
4474 0.000000015
4475 0.000000015
4476 0.000000015
4477 0.000000015
4478 0.000000016
4479 0.000000017
4480 0.000000017
4481 0.000000018
4482 0.000000018
4483 0.000000018
4484 0.000000017
4485 0.000000017
4486 0.000000017
4487 0.000000017
4488 0.000000016
4489 0.000000016
4490 0.000000016
4491 0.000000016
4492 0.000000017
4493 0.000000017
4494 0.000000016
4495 0.000000017
4496 0.000000017
4497 0.000000017
4498 0.000000017
4499 0.000000017
4500 0.000000017
4501 0.000000017
4502 0.000000016
4503 0.000000016
4504 0.000000015
4505 0.000000015
4506 0.000000015
4507 0.000000015
4508 0.000000015
4509 0.000000015
4510 0.000000015
4511 0.000000015
4512 0.000000015
4513 0.000000015
4514 0.000000015
4515 0.000000014
4516 0.000000015
4517 0.000000015
4518 0.000000015
4519 0.000000015
4520 0.000000016
4521 0.000000016
4522 0.000000015
4523 0.000000015
4524 0.000000014
4525 0.000000014
4526 0.000000014
4527 0.000000014
4528 0.000000013
4529 0.000000013
4530 0.000000013
4531 0.000000014
4532 0.000000015
4533 0.000000015
4534 0.000000016
4535 0.000000016
4536 0.000000016
4537 0.000000015
4538 0.000000015
4539 0.000000014
4540 0.000000014
4541 0.000000014
4542 0.000000013
4543 0.000000013
4544 0.000000013
4545 0.000000013
4546 0.000000013
4547 0.000000013
4548 0.000000014
4549 0.000000014
4550 0.000000014
4551 0.000000014
4552 0.000000015
4553 0.000000015
4554 0.000000014
4555 0.000000014
4556 0.000000013
4557 0.000000013
4558 0.000000012
4559 0.000000011
4560 0.000000011
4561 0.000000011
4562 0.000000011
4563 0.000000011
4564 0.000000012
4565 0.000000012
4566 0.000000012
4567 0.000000012
4568 0.000000012
4569 0.000000013
4570 0.000000013
4571 0.000000013
4572 0.000000013
4573 0.000000013
4574 0.000000012
4575 0.000000012
4576 0.000000011
4577 0.000000010
4578 0.000000010
4579 0.000000010
4580 0.000000011
4581 0.000000010
4582 0.000000011
4583 0.000000011
4584 0.000000011
4585 0.000000012
4586 0.000000012
4587 0.000000012
4588 0.000000012
4589 0.000000012
4590 0.000000012
4591 0.000000012
4592 0.000000011
4593 0.000000011
4594 0.000000010
4595 0.000000010
