#ite residual of mtx/Hook_1498.mtx
1 1.500876
2 4.021287
3 6.465290
4 6.457209
5 6.910195
6 6.792335
7 7.343381
8 7.494668
9 7.784082
10 7.623546
11 7.657920
12 7.631506
13 7.629981
14 7.631580
15 7.698638
16 7.747110
17 7.813162
18 8.029155
19 8.270736
20 8.612505
21 8.837604
22 9.068689
23 9.145956
24 9.183398
25 9.142495
26 9.022393
27 8.943564
28 8.602183
29 8.624923
30 8.457880
31 8.737962
32 8.298009
33 9.314064
34 7.020185
35 9.959092
36 8.603710
37 9.584165
38 9.253521
39 9.618420
40 9.516732
41 9.888818
42 9.670231
43 9.673442
44 9.527640
45 9.618201
46 9.517120
47 9.334897
48 9.064184
49 8.750994
50 8.531399
51 8.238874
52 8.122029
53 7.968714
54 7.990397
55 8.048507
56 8.252757
57 8.371748
58 8.556591
59 8.749658
60 8.886025
61 9.276201
62 9.407160
63 9.841888
64 9.397136
65 8.966867
66 7.304474
67 8.415634
68 8.560567
69 9.380583
70 9.729499
71 10.433813
72 10.480857
73 10.780216
74 10.413154
75 10.428684
76 10.088995
77 9.917212
78 9.662413
79 9.571643
80 9.651062
81 9.954572
82 10.051295
83 9.927301
84 9.705393
85 9.555227
86 9.502706
87 9.451740
88 9.505003
89 9.519263
90 9.539437
91 9.652295
92 9.707833
93 9.762428
94 9.817287
95 9.516549
96 9.574632
97 10.963488
98 11.122988
99 12.104598
100 10.409737
101 10.530751
102 9.293662
103 9.292117
104 8.708098
105 8.576324
106 8.141885
107 7.829704
108 7.553776
109 7.342312
110 7.305562
111 7.144756
112 7.126934
113 7.007649
114 6.757856
115 6.376328
116 6.236213
117 6.052898
118 5.835201
119 5.608589
120 5.444299
121 5.285459
122 5.137296
123 4.994071
124 4.852513
125 4.778294
126 4.660230
127 4.773865
128 3.931551
129 3.984258
130 4.176150
131 3.254464
132 3.344985
133 3.282092
134 3.342103
135 3.375541
136 3.372151
137 3.435550
138 3.433767
139 3.442565
140 3.405370
141 3.334481
142 3.186505
143 3.088012
144 3.071954
145 3.034980
146 2.963924
147 2.889257
148 2.854827
149 2.826575
150 2.844611
151 2.839876
152 2.869103
153 2.939917
154 3.091640
155 3.193279
156 3.254588
157 3.258055
158 3.136274
159 3.151889
160 3.263484
161 3.352841
162 3.444683
163 3.427431
164 3.666802
165 3.487434
166 3.535069
167 3.599679
168 3.713458
169 3.692600
170 3.756539
171 3.800152
172 3.990855
173 4.104774
174 4.088242
175 4.092290
176 4.179652
177 4.166301
178 4.148116
179 4.156597
180 4.233335
181 4.365778
182 4.407716
183 4.429417
184 4.334843
185 4.187358
186 4.007628
187 3.817975
188 3.682987
189 3.596283
190 3.706127
191 3.704451
192 3.482154
193 3.389967
194 3.450672
195 3.123894
196 2.984023
197 2.827363
198 2.815014
199 2.777298
200 2.752068
201 2.727012
202 2.728308
203 2.699933
204 2.689485
205 2.598767
206 2.505458
207 2.395209
208 2.298803
209 2.238432
210 2.168940
211 2.091430
212 2.025953
213 1.987225
214 1.950079
215 1.946507
216 1.894877
217 1.868239
218 1.799901
219 1.758173
220 1.757148
221 1.697292
222 1.562764
223 1.523253
224 1.580705
225 1.522814
226 1.424450
227 1.478398
228 1.524298
229 1.569750
230 1.615481
231 1.654456
232 1.637829
233 1.620613
234 1.584205
235 1.588809
236 1.596090
237 1.639264
238 1.686344
239 1.712612
240 1.722474
241 1.704280
242 1.656186
243 1.609066
244 1.585788
245 1.562136
246 1.551563
247 1.531963
248 1.528887
249 1.502134
250 1.466466
251 1.456572
252 1.471995
253 1.486396
254 1.563703
255 1.478845
256 1.564870
257 1.458683
258 1.538204
259 1.491159
260 1.441327
261 1.399620
262 1.370279
263 1.365202
264 1.373168
265 1.389251
266 1.371279
267 1.372742
268 1.331417
269 1.275857
270 1.238239
271 1.274645
272 1.294636
273 1.309114
274 1.311084
275 1.320178
276 1.315640
277 1.319253
278 1.332817
279 1.333720
280 1.343958
281 1.369253
282 1.398439
283 1.424590
284 1.430197
285 1.378060
286 1.350390
287 1.358541
288 1.301723
289 1.326475
290 1.261528
291 1.226588
292 1.196828
293 1.217813
294 1.208730
295 1.208149
296 1.181018
297 1.140886
298 1.121367
299 1.104549
300 1.113671
301 1.132006
302 1.144222
303 1.123770
304 1.076497
305 1.025334
306 1.003396
307 1.012650
308 1.010964
309 1.013453
310 1.003664
311 1.032400
312 1.042700
313 1.054945
314 1.059851
315 1.086291
316 1.126516
317 1.200188
318 1.191196
319 1.187618
320 1.187618
321 1.182924
322 1.202850
323 1.242681
324 1.284765
325 1.316157
326 1.316889
327 1.332045
328 1.324722
329 1.337587
330 1.336990
331 1.350080
332 1.322575
333 1.286849
334 1.235673
335 1.191065
336 1.149845
337 1.103771
338 1.074302
339 1.046105
340 1.020915
341 0.995739
342 0.968928
343 0.956111
344 0.938475
345 0.931918
346 0.924739
347 0.905389
348 0.862237
349 0.792769
350 0.788767
351 0.733337
352 0.692242
353 0.690837
354 0.682383
355 0.652366
356 0.637109
357 0.622891
358 0.615369
359 0.599459
360 0.576494
361 0.552049
362 0.533527
363 0.512827
364 0.497073
365 0.488760
366 0.484928
367 0.479654
368 0.471739
369 0.469236
370 0.468485
371 0.466429
372 0.472037
373 0.472489
374 0.473786
375 0.475433
376 0.469311
377 0.458679
378 0.441655
379 0.417745
380 0.414872
381 0.403406
382 0.398177
383 0.388403
384 0.402553
385 0.390126
386 0.389979
387 0.394050
388 0.410790
389 0.424040
390 0.432723
391 0.439801
392 0.446618
393 0.457963
394 0.464278
395 0.469888
396 0.474825
397 0.471418
398 0.467624
399 0.472838
400 0.481077
401 0.486136
402 0.487998
403 0.482353
404 0.478993
405 0.478313
406 0.469894
407 0.466672
408 0.461189
409 0.467112
410 0.468704
411 0.469901
412 0.442450
413 0.449720
414 0.443675
415 0.459236
416 0.430411
417 0.424048
418 0.424693
419 0.432630
420 0.424434
421 0.422592
422 0.409725
423 0.403991
424 0.405089
425 0.403589
426 0.398307
427 0.394754
428 0.390530
429 0.390608
430 0.389025
431 0.394960
432 0.405349
433 0.413377
434 0.415332
435 0.419571
436 0.427927
437 0.438358
438 0.454475
439 0.459171
440 0.460272
441 0.459529
442 0.457016
443 0.458804
444 0.473852
445 0.461244
446 0.470889
447 0.469753
448 0.488019
449 0.497998
450 0.501953
451 0.504667
452 0.507263
453 0.509902
454 0.511230
455 0.519237
456 0.524250
457 0.538810
458 0.539673
459 0.541230
460 0.535274
461 0.533875
462 0.526246
463 0.522630
464 0.513830
465 0.502379
466 0.479086
467 0.451126
468 0.455295
469 0.450298
470 0.443017
471 0.432169
472 0.429311
473 0.413500
474 0.407295
475 0.384975
476 0.380358
477 0.376730
478 0.359915
479 0.350412
480 0.351240
481 0.346667
482 0.344814
483 0.345157
484 0.345086
485 0.348075
486 0.349937
487 0.340613
488 0.318569
489 0.301252
490 0.289752
491 0.286126
492 0.286853
493 0.291028
494 0.291838
495 0.291867
496 0.289318
497 0.286699
498 0.281390
499 0.279593
500 0.278546
501 0.276915
502 0.277695
503 0.279011
504 0.283825
505 0.288095
506 0.289718
507 0.298626
508 0.300035
509 0.301573
510 0.311752
511 0.308141
512 0.306537
513 0.306938
514 0.307141
515 0.295668
516 0.282190
517 0.267375
518 0.259041
519 0.257347
520 0.261240
521 0.265241
522 0.266449
523 0.271985
524 0.270310
525 0.269566
526 0.268531
527 0.267195
528 0.266944
529 0.267260
530 0.267567
531 0.266248
532 0.262426
533 0.257647
534 0.257571
535 0.252402
536 0.245001
537 0.241063
538 0.227534
539 0.219560
540 0.207734
541 0.203151
542 0.191988
543 0.192079
544 0.192824
545 0.188867
546 0.184474
547 0.179610
548 0.176664
549 0.177062
550 0.175521
551 0.170318
552 0.165170
553 0.161314
554 0.159765
555 0.161531
556 0.168665
557 0.173540
558 0.170190
559 0.168960
560 0.171568
561 0.175520
562 0.180249
563 0.183246
564 0.186453
565 0.186742
566 0.188069
567 0.183340
568 0.186214
569 0.187879
570 0.198571
571 0.194590
572 0.193447
573 0.186116
574 0.188051
575 0.185610
576 0.184316
577 0.189186
578 0.196051
579 0.200397
580 0.204014
581 0.199232
582 0.194613
583 0.195035
584 0.199136
585 0.204984
586 0.207976
587 0.210636
588 0.212087
589 0.207590
590 0.208504
591 0.209730
592 0.217087
593 0.221517
594 0.232189
595 0.239708
596 0.238692
597 0.241989
598 0.239782
599 0.249204
600 0.245006
601 0.252350
602 0.238359
603 0.239881
604 0.237860
605 0.238270
606 0.233042
607 0.220834
608 0.220097
609 0.213473
610 0.209015
611 0.209045
612 0.208859
613 0.212438
614 0.209603
615 0.209220
616 0.198883
617 0.196114
618 0.203022
619 0.207133
620 0.206863
621 0.213424
622 0.211533
623 0.218597
624 0.218466
625 0.224366
626 0.224004
627 0.226940
628 0.225810
629 0.230511
630 0.223405
631 0.224833
632 0.214654
633 0.216280
634 0.213204
635 0.213749
636 0.214880
637 0.211333
638 0.203178
639 0.200331
640 0.194143
641 0.189903
642 0.185068
643 0.177210
644 0.173233
645 0.167247
646 0.166314
647 0.165682
648 0.164827
649 0.163169
650 0.162030
651 0.159681
652 0.157725
653 0.153252
654 0.148225
655 0.143135
656 0.137720
657 0.132474
658 0.128323
659 0.125634
660 0.122984
661 0.117376
662 0.115930
663 0.109811
664 0.106973
665 0.101381
666 0.098358
667 0.096314
668 0.090358
669 0.085747
670 0.085529
671 0.085065
672 0.084089
673 0.082551
674 0.079039
675 0.077417
676 0.075714
677 0.077014
678 0.076723
679 0.078601
680 0.077927
681 0.080162
682 0.080601
683 0.082184
684 0.080243
685 0.079790
686 0.076669
687 0.075982
688 0.073447
689 0.072452
690 0.070254
691 0.067444
692 0.067157
693 0.064085
694 0.064163
695 0.060541
696 0.060217
697 0.058030
698 0.057409
699 0.054428
700 0.053540
701 0.051321
702 0.049604
703 0.049264
704 0.049369
705 0.048123
706 0.046002
707 0.046249
708 0.045961
709 0.045846
710 0.045196
711 0.045049
712 0.044138
713 0.043020
714 0.041971
715 0.040243
716 0.039258
717 0.037471
718 0.036623
719 0.034408
720 0.033314
721 0.031809
722 0.032289
723 0.030689
724 0.030817
725 0.030017
726 0.029259
727 0.027747
728 0.027115
729 0.025893
730 0.026382
731 0.025698
732 0.026305
733 0.025048
734 0.026366
735 0.026129
736 0.026180
737 0.026537
738 0.026402
739 0.028503
740 0.028872
741 0.029745
742 0.029920
743 0.030572
744 0.030831
745 0.031252
746 0.032118
747 0.032694
748 0.033401
749 0.034262
750 0.035143
751 0.037043
752 0.038168
753 0.039880
754 0.041163
755 0.042676
756 0.043350
757 0.047697
758 0.049502
759 0.052775
760 0.054593
761 0.057584
762 0.057669
763 0.058341
764 0.057583
765 0.056901
766 0.053891
767 0.050549
768 0.048426
769 0.043869
770 0.041829
771 0.038034
772 0.036847
773 0.034761
774 0.032985
775 0.030842
776 0.030758
777 0.029309
778 0.027586
779 0.025702
780 0.024448
781 0.023372
782 0.022551
783 0.022694
784 0.023242
785 0.025169
786 0.025559
787 0.026618
788 0.026606
789 0.025992
790 0.026101
791 0.026017
792 0.026141
793 0.027169
794 0.028786
795 0.030815
796 0.032725
797 0.034107
798 0.036440
799 0.037503
800 0.038299
801 0.035893
802 0.035930
803 0.036889
804 0.038988
805 0.039321
806 0.039115
807 0.037945
808 0.037449
809 0.036016
810 0.035057
811 0.033697
812 0.032778
813 0.030788
814 0.029679
815 0.027957
816 0.027369
817 0.027500
818 0.028060
819 0.025521
820 0.024193
821 0.022545
822 0.021358
823 0.020342
824 0.019871
825 0.019318
826 0.018282
827 0.018601
828 0.018990
829 0.019385
830 0.019013
831 0.019377
832 0.018798
833 0.017941
834 0.016451
835 0.016709
836 0.016051
837 0.015924
838 0.015713
839 0.015888
840 0.016058
841 0.015847
842 0.015984
843 0.015570
844 0.015709
845 0.015470
846 0.015460
847 0.015065
848 0.015087
849 0.015659
850 0.016259
851 0.016101
852 0.016500
853 0.016615
854 0.016951
855 0.016782
856 0.016718
857 0.016794
858 0.016578
859 0.016715
860 0.016771
861 0.017054
862 0.017456
863 0.018095
864 0.018627
865 0.018819
866 0.018412
867 0.018306
868 0.018073
869 0.017964
870 0.017779
871 0.017377
872 0.017022
873 0.016446
874 0.016323
875 0.015883
876 0.015906
877 0.015793
878 0.015474
879 0.014426
880 0.013336
881 0.012558
882 0.012493
883 0.011803
884 0.011395
885 0.010391
886 0.009821
887 0.009318
888 0.008902
889 0.008499
890 0.008137
891 0.007969
892 0.007574
893 0.007370
894 0.007305
895 0.007292
896 0.007397
897 0.007712
898 0.007980
899 0.008081
900 0.008228
901 0.008394
902 0.008557
903 0.008653
904 0.008789
905 0.009087
906 0.009509
907 0.009826
908 0.010078
909 0.010224
910 0.010366
911 0.010533
912 0.010534
913 0.010527
914 0.010565
915 0.010282
916 0.009810
917 0.009241
918 0.008565
919 0.007936
920 0.007425
921 0.007207
922 0.007052
923 0.006766
924 0.006443
925 0.006038
926 0.005722
927 0.005360
928 0.005145
929 0.004768
930 0.004358
931 0.004031
932 0.003742
933 0.003724
934 0.003730
935 0.003677
936 0.003671
937 0.003676
938 0.003728
939 0.003705
940 0.003655
941 0.003587
942 0.003522
943 0.003487
944 0.003418
945 0.003521
946 0.003742
947 0.003891
948 0.004058
949 0.004154
950 0.004390
951 0.004508
952 0.004790
953 0.004918
954 0.005264
955 0.005529
956 0.005613
957 0.005592
958 0.005843
959 0.006110
960 0.006560
961 0.006726
962 0.006850
963 0.007051
964 0.007018
965 0.007134
966 0.006972
967 0.006925
968 0.006685
969 0.006579
970 0.006380
971 0.006368
972 0.006245
973 0.006240
974 0.006041
975 0.005955
976 0.005823
977 0.005753
978 0.005702
979 0.005633
980 0.005554
981 0.005581
982 0.005404
983 0.005505
984 0.005613
985 0.005654
986 0.005550
987 0.005405
988 0.005270
989 0.005204
990 0.005047
991 0.004919
992 0.004787
993 0.004794
994 0.004785
995 0.004860
996 0.004852
997 0.004864
998 0.004889
999 0.004871
1000 0.004940
1001 0.004864
1002 0.004792
1003 0.004570
1004 0.004503
1005 0.004420
1006 0.004492
1007 0.004438
1008 0.004482
1009 0.004518
1010 0.004673
1011 0.004725
1012 0.004853
1013 0.004922
1014 0.005038
1015 0.005097
1016 0.005183
1017 0.005320
1018 0.005450
1019 0.005766
1020 0.005923
1021 0.006215
1022 0.006379
1023 0.006673
1024 0.006712
1025 0.006783
1026 0.006723
1027 0.006762
1028 0.006917
1029 0.007143
1030 0.007149
1031 0.007189
1032 0.006939
1033 0.006948
1034 0.006885
1035 0.007076
1036 0.007124
1037 0.007110
1038 0.006644
1039 0.006456
1040 0.006149
1041 0.005990
1042 0.005639
1043 0.005531
1044 0.005147
1045 0.004812
1046 0.004347
1047 0.004091
1048 0.003780
1049 0.003531
1050 0.003323
1051 0.003150
1052 0.003003
1053 0.002973
1054 0.002940
1055 0.002855
1056 0.002761
1057 0.002658
1058 0.002628
1059 0.002581
1060 0.002611
1061 0.002579
1062 0.002565
1063 0.002522
1064 0.002494
1065 0.002437
1066 0.002406
1067 0.002345
1068 0.002293
1069 0.002243
1070 0.002166
1071 0.002144
1072 0.002083
1073 0.002100
1074 0.002117
1075 0.002189
1076 0.002201
1077 0.002215
1078 0.002148
1079 0.002125
1080 0.002166
1081 0.002194
1082 0.002170
1083 0.002162
1084 0.002138
1085 0.002136
1086 0.002115
1087 0.002155
1088 0.002206
1089 0.002292
1090 0.002319
1091 0.002358
1092 0.002360
1093 0.002398
1094 0.002384
1095 0.002416
1096 0.002441
1097 0.002466
1098 0.002471
1099 0.002477
1100 0.002437
1101 0.002391
1102 0.002345
1103 0.002272
1104 0.002180
1105 0.002102
1106 0.001988
1107 0.001939
1108 0.001839
1109 0.001793
1110 0.001731
1111 0.001693
1112 0.001625
1113 0.001564
1114 0.001539
1115 0.001512
1116 0.001482
1117 0.001430
1118 0.001418
1119 0.001379
1120 0.001368
1121 0.001316
1122 0.001298
1123 0.001252
1124 0.001237
1125 0.001218
1126 0.001199
1127 0.001170
1128 0.001133
1129 0.001100
1130 0.001072
1131 0.001046
1132 0.001042
1133 0.001088
1134 0.001110
1135 0.001109
1136 0.001099
1137 0.001107
1138 0.001137
1139 0.001154
1140 0.001197
1141 0.001219
1142 0.001261
1143 0.001251
1144 0.001258
1145 0.001261
1146 0.001301
1147 0.001287
1148 0.001285
1149 0.001260
1150 0.001231
1151 0.001215
1152 0.001175
1153 0.001167
1154 0.001120
1155 0.001108
1156 0.001037
1157 0.001002
1158 0.000926
1159 0.000885
1160 0.000841
1161 0.000808
1162 0.000798
1163 0.000739
1164 0.000680
1165 0.000620
1166 0.000580
1167 0.000537
1168 0.000503
1169 0.000466
1170 0.000432
1171 0.000410
1172 0.000377
1173 0.000359
1174 0.000336
1175 0.000323
1176 0.000309
1177 0.000292
1178 0.000287
1179 0.000269
1180 0.000268
1181 0.000272
1182 0.000279
1183 0.000275
1184 0.000283
1185 0.000283
1186 0.000294
1187 0.000292
1188 0.000293
1189 0.000288
1190 0.000293
1191 0.000294
1192 0.000300
1193 0.000298
1194 0.000300
1195 0.000303
1196 0.000305
1197 0.000307
1198 0.000303
1199 0.000305
1200 0.000310
1201 0.000315
1202 0.000317
1203 0.000322
1204 0.000327
1205 0.000330
1206 0.000332
1207 0.000333
1208 0.000333
1209 0.000333
1210 0.000327
1211 0.000314
1212 0.000299
1213 0.000287
1214 0.000276
1215 0.000268
1216 0.000257
1217 0.000251
1218 0.000244
1219 0.000249
1220 0.000245
1221 0.000238
1222 0.000227
1223 0.000214
1224 0.000207
1225 0.000197
1226 0.000188
1227 0.000177
1228 0.000170
1229 0.000162
1230 0.000153
1231 0.000143
1232 0.000139
1233 0.000136
1234 0.000131
1235 0.000124
1236 0.000118
1237 0.000114
1238 0.000109
1239 0.000104
1240 0.000099
1241 0.000094
1242 0.000088
1243 0.000083
1244 0.000077
1245 0.000071
1246 0.000066
1247 0.000062
1248 0.000059
1249 0.000055
1250 0.000052
1251 0.000049
1252 0.000046
1253 0.000043
1254 0.000041
1255 0.000040
1256 0.000039
1257 0.000037
1258 0.000035
1259 0.000033
1260 0.000032
1261 0.000031
1262 0.000030
1263 0.000029
1264 0.000028
1265 0.000028
1266 0.000028
1267 0.000028
1268 0.000027
1269 0.000027
1270 0.000026
1271 0.000026
1272 0.000026
1273 0.000026
1274 0.000026
1275 0.000025
1276 0.000024
1277 0.000024
1278 0.000023
1279 0.000022
1280 0.000020
1281 0.000020
1282 0.000019
1283 0.000019
1284 0.000019
1285 0.000019
1286 0.000019
1287 0.000018
1288 0.000017
1289 0.000016
1290 0.000015
1291 0.000015
1292 0.000015
1293 0.000015
1294 0.000014
1295 0.000013
1296 0.000012
1297 0.000012
1298 0.000011
1299 0.000011
1300 0.000010
1301 0.000010
1302 0.000010
1303 0.000009
1304 0.000009
1305 0.000008
1306 0.000008
1307 0.000008
1308 0.000008
1309 0.000007
1310 0.000007
1311 0.000007
1312 0.000007
1313 0.000006
1314 0.000006
1315 0.000006
1316 0.000006
1317 0.000005
1318 0.000005
1319 0.000005
1320 0.000005
1321 0.000005
1322 0.000004
1323 0.000004
1324 0.000004
1325 0.000004
1326 0.000004
1327 0.000004
1328 0.000004
1329 0.000004
1330 0.000003
1331 0.000003
1332 0.000003
1333 0.000003
1334 0.000003
1335 0.000003
1336 0.000003
1337 0.000003
1338 0.000003
1339 0.000003
1340 0.000003
1341 0.000004
1342 0.000004
1343 0.000004
1344 0.000004
1345 0.000004
1346 0.000004
1347 0.000004
1348 0.000004
1349 0.000004
1350 0.000004
1351 0.000004
1352 0.000004
1353 0.000004
1354 0.000004
1355 0.000004
1356 0.000004
1357 0.000004
1358 0.000003
1359 0.000003
1360 0.000003
1361 0.000003
1362 0.000003
1363 0.000003
1364 0.000003
1365 0.000002
1366 0.000002
1367 0.000002
1368 0.000002
1369 0.000002
1370 0.000002
1371 0.000002
1372 0.000002
1373 0.000001
1374 0.000001
1375 0.000001
1376 0.000001
1377 0.000001
1378 0.000001
1379 0.000001
1380 0.000001
1381 0.000001
1382 0.000001
1383 0.000001
1384 0.000001
1385 0.000001
1386 0.000001
1387 0.000001
1388 0.000001
1389 0.000001
1390 0.000001
1391 0.000001
1392 0.000001
1393 0.000000
1394 0.000000
1395 0.000000
1396 0.000000
1397 0.000000
1398 0.000000
1399 0.000000
1400 0.000000
1401 0.000000
1402 0.000000
1403 0.000000
1404 0.000000
1405 0.000000
1406 0.000000
1407 0.000000
1408 0.000000
1409 0.000000
1410 0.000000
1411 0.000000
1412 0.000000
1413 0.000000
1414 0.000000
1415 0.000000
1416 0.000000
1417 0.000000
1418 0.000000
1419 0.000000
1420 0.000000
1421 0.000000
1422 0.000000
1423 0.000000
1424 0.000000
1425 0.000000
1426 0.000000
1427 0.000000
1428 0.000000
1429 0.000000
1430 0.000000
1431 0.000000
1432 0.000000
1433 0.000000
1434 0.000000
1435 0.000000
1436 0.000000
1437 0.000000
1438 0.000000
1439 0.000000
1440 0.000000
1441 0.000000
1442 0.000000
1443 0.000000
1444 0.000000
1445 0.000000
1446 0.000000
1447 0.000000
