#ite residual of mtx/Hook_1498.mtx
1 4.940950649
2 7.080669594
3 6.540430040
4 6.891999117
5 6.885181491
6 7.192961975
7 7.430845193
8 7.510942765
9 7.379698436
10 7.340231842
11 7.453282273
12 7.477097794
13 7.489596475
14 7.490828749
15 7.512470142
16 7.716223518
17 8.081065777
18 8.429117628
19 8.774635852
20 8.907315399
21 9.021257366
22 9.011998146
23 9.100131527
24 9.013980599
25 9.011192830
26 8.838614057
27 8.718394027
28 8.729008765
29 8.700998595
30 8.566761262
31 8.405643091
32 8.286625275
33 8.052027533
34 7.956613183
35 7.966963346
36 8.144265173
37 8.386609247
38 8.574073687
39 8.581469384
40 8.594939065
41 8.601161240
42 8.562346701
43 8.629360982
44 8.578905835
45 8.501594126
46 8.374472526
47 8.207684466
48 7.934402845
49 7.660368774
50 7.445856426
51 7.270482210
52 7.163868860
53 7.130458360
54 7.144146460
55 7.166425850
56 7.260781187
57 7.343038923
58 7.520541101
59 7.700447281
60 7.919643700
61 8.157065621
62 8.396526072
63 8.576719355
64 8.573181019
65 8.493937483
66 8.414020807
67 8.341669281
68 8.461017464
69 9.003865407
70 9.408461509
71 9.574407932
72 9.508472460
73 9.288310916
74 9.063293148
75 8.615585633
76 8.440754576
77 8.430300127
78 8.450319748
79 8.425005350
80 8.557658345
81 8.545829383
82 8.328481857
83 8.083451687
84 7.765322242
85 7.621027846
86 7.555248913
87 7.553569874
88 7.560961446
89 7.595338170
90 7.566427293
91 7.493897315
92 7.421155988
93 7.265306298
94 7.085326661
95 6.891230374
96 6.789800166
97 6.736803639
98 6.722765032
99 6.680359950
100 6.546180584
101 6.396017006
102 6.283871145
103 6.150941493
104 6.052869907
105 5.937622586
106 5.847653725
107 5.810674171
108 5.727518915
109 5.554255938
110 5.394757941
111 5.327324081
112 5.283321144
113 5.202209481
114 5.124997380
115 5.031640285
116 4.957337860
117 4.898353413
118 4.809364605
119 4.635877329
120 4.510868277
121 4.649966290
122 4.762345615
123 4.811564692
124 4.841333493
125 4.855589300
126 4.817390567
127 4.804422861
128 4.776650343
129 4.734887266
130 4.669611215
131 4.586705899
132 4.529812854
133 4.591104977
134 4.708624550
135 4.760197571
136 4.751791567
137 4.749695218
138 4.797224661
139 4.862829252
140 4.892501742
141 4.871233227
142 4.938037498
143 5.055816500
144 5.095705811
145 5.020034683
146 4.928023218
147 4.913407943
148 4.896261076
149 4.910024332
150 4.946473731
151 4.961175294
152 4.993056353
153 5.085767254
154 5.102471783
155 5.061059042
156 5.034662397
157 4.996258008
158 4.975648531
159 5.002705942
160 5.011707301
161 5.009769034
162 4.994018653
163 5.009368351
164 5.038149105
165 5.082396308
166 5.149215968
167 5.238456126
168 5.319103297
169 5.420208036
170 5.512700929
171 5.556594642
172 5.526106418
173 5.387412681
174 5.329547894
175 5.341893755
176 5.380623973
177 5.365621133
178 5.330358149
179 5.352834291
180 5.443949071
181 5.487669929
182 5.497090226
183 5.435788930
184 5.331803201
185 5.248500829
186 5.151279691
187 5.117547130
188 5.101005061
189 5.101385612
190 5.094144222
191 5.068690533
192 5.035312510
193 4.976728142
194 4.907467189
195 4.864677529
196 4.903386194
197 4.974051344
198 5.025455993
199 5.055870593
200 5.024504520
201 4.914704055
202 4.855867596
203 4.830813357
204 4.792644626
205 4.742903844
206 4.735580575
207 4.760037928
208 4.793879145
209 4.810020908
210 4.834054283
211 4.856678146
212 4.881700054
213 4.936887196
214 4.933617133
215 4.879021212
216 4.814661004
217 4.672512352
218 4.483273084
219 4.310527858
220 4.199685614
221 4.154696611
222 4.110469935
223 4.071156080
224 4.005461535
225 3.927495757
226 4.046100814
227 4.221792405
228 4.284881324
229 4.323035973
230 4.349344948
231 4.359627705
232 4.347855621
233 4.319549152
234 4.331889787
235 4.304074694
236 4.194921824
237 4.151280661
238 4.135397222
239 4.029338928
240 3.882899582
241 3.742735412
242 3.605401081
243 3.498532218
244 3.391274858
245 3.317551315
246 3.268742253
247 3.257855722
248 3.264661522
249 3.290511568
250 3.303936758
251 3.301777450
252 3.266560068
253 3.269564190
254 3.264950243
255 3.254679635
256 3.219179120
257 3.104933650
258 3.009173185
259 2.931195219
260 2.887701031
261 2.849881830
262 2.811842941
263 2.778298674
264 2.708291987
265 2.645368954
266 2.624216612
267 2.614009151
268 2.658895746
269 2.709689086
270 2.683955856
271 2.641032088
272 2.620521391
273 2.607320600
274 2.609921747
275 2.595580736
276 2.545946117
277 2.550009719
278 2.625325008
279 2.649519406
280 2.640347620
281 2.615370467
282 2.602819898
283 2.571000848
284 2.533374417
285 2.502763690
286 2.462787332
287 2.419020563
288 2.350137243
289 2.265048629
290 2.199162061
291 2.169072003
292 2.135702254
293 2.105777657
294 2.069758598
295 2.041552635
296 2.049080701
297 2.051076866
298 2.044256801
299 2.010031114
300 1.983880682
301 1.961241917
302 1.916395130
303 1.873605870
304 1.839098975
305 1.804212760
306 1.783689855
307 1.762293444
308 1.739366918
309 1.744291622
310 1.775938677
311 1.798531977
312 1.818245489
313 1.831878685
314 1.861124196
315 1.898809994
316 1.903384797
317 1.884511209
318 1.871151176
319 1.846846505
320 1.800023565
321 1.757856124
322 1.720334026
323 1.698616028
324 1.671216901
325 1.634501940
326 1.605658245
327 1.590222637
328 1.543776067
329 1.481178396
330 1.464257387
331 1.488434911
332 1.494214039
333 1.486200670
334 1.457536607
335 1.420212904
336 1.395675889
337 1.386392314
338 1.386340112
339 1.379580132
340 1.369508656
341 1.364170326
342 1.375053716
343 1.420534267
344 1.478430555
345 1.533320245
346 1.555827294
347 1.577408444
348 1.593726180
349 1.605125321
350 1.625518684
351 1.667009486
352 1.715339721
353 1.717760871
354 1.697171749
355 1.699738202
356 1.729350687
357 1.772885271
358 1.828687048
359 1.873597132
360 1.910019734
361 1.919802893
362 1.923714916
363 1.906785999
364 1.887692528
365 1.883075621
366 1.887677054
367 1.875494138
368 1.864006775
369 1.858164209
370 1.838811414
371 1.815120798
372 1.781337476
373 1.735888196
374 1.678931788
375 1.633686935
376 1.606530760
377 1.555414466
378 1.483519753
379 1.402352149
380 1.343864713
381 1.298435601
382 1.241157252
383 1.205953304
384 1.223879623
385 1.247724571
386 1.260996614
387 1.288481281
388 1.308102702
389 1.306498208
390 1.301946214
391 1.287727230
392 1.259897870
393 1.227230077
394 1.195048485
395 1.183972250
396 1.184933879
397 1.169444393
398 1.145523607
399 1.122202870
400 1.111309112
401 1.101947793
402 1.092221231
403 1.092384617
404 1.088954176
405 1.082393098
406 1.061564813
407 1.041446668
408 1.028613991
409 1.012389397
410 0.997269547
411 0.983729792
412 0.979824031
413 0.983653869
414 0.985579931
415 0.970215312
416 0.947659398
417 0.924707230
418 0.901489188
419 0.884280103
420 0.872952711
421 0.860784086
422 0.849625928
423 0.851651495
424 0.850851978
425 0.829400131
426 0.802655084
427 0.779985410
428 0.758099868
429 0.746567577
430 0.738900978
431 0.726973981
432 0.709475588
433 0.684596277
434 0.675893053
435 0.687473749
436 0.684778317
437 0.666443033
438 0.645482428
439 0.621060363
440 0.605365179
441 0.598378455
442 0.588994555
443 0.574952291
444 0.556450519
445 0.542230975
446 0.535229808
447 0.529604875
448 0.526703978
449 0.519712938
450 0.517402467
451 0.517656366
452 0.515801309
453 0.514718824
454 0.515458601
455 0.521144123
456 0.529088005
457 0.533490257
458 0.534869636
459 0.534162145
460 0.532096640
461 0.528656772
462 0.523258594
463 0.517742609
464 0.517775288
465 0.524606486
466 0.528856514
467 0.537646541
468 0.548700442
469 0.565718635
470 0.584181469
471 0.601606957
472 0.614017887
473 0.622422108
474 0.628986677
475 0.632865534
476 0.636438374
477 0.644956921
478 0.651849721
479 0.664883094
480 0.675083561
481 0.684964449
482 0.693966166
483 0.699283531
484 0.694094229
485 0.668682591
486 0.655740379
487 0.676772649
488 0.683011747
489 0.687690902
490 0.692702341
491 0.702123838
492 0.707211689
493 0.704606266
494 0.703368327
495 0.691890538
496 0.679289477
497 0.667907850
498 0.659037768
499 0.641926098
500 0.628643700
501 0.628141205
502 0.634692992
503 0.645382843
504 0.649302101
505 0.649352972
506 0.653053398
507 0.658341142
508 0.647701561
509 0.635662114
510 0.625095034
511 0.613580818
512 0.602649415
513 0.591683917
514 0.578669690
515 0.567099286
516 0.556905169
517 0.552056109
518 0.558085984
519 0.569689623
520 0.583709809
521 0.590401986
522 0.595892977
523 0.601178652
524 0.608456641
525 0.613359385
526 0.619933004
527 0.628470081
528 0.634364918
529 0.640586569
530 0.640481061
531 0.638762905
532 0.637378431
533 0.632181552
534 0.620432230
535 0.592470365
536 0.565061716
537 0.560973887
538 0.555350223
539 0.536400566
540 0.516378560
541 0.504249677
542 0.504093358
543 0.508072905
544 0.508318595
545 0.507848755
546 0.503804202
547 0.499683168
548 0.493166604
549 0.486269273
550 0.481313184
551 0.476431483
552 0.470920614
553 0.465558229
554 0.459483257
555 0.456824112
556 0.454511961
557 0.450667993
558 0.447249141
559 0.444764224
560 0.441650569
561 0.446987566
562 0.446035298
563 0.441675229
564 0.437324048
565 0.434842948
566 0.428773883
567 0.420653625
568 0.410302696
569 0.396745123
570 0.385877757
571 0.376515912
572 0.369073782
573 0.361718383
574 0.357936744
575 0.358501652
576 0.361692857
577 0.364905701
578 0.367575814
579 0.368660657
580 0.368243829
581 0.366068743
582 0.365642180
583 0.368523972
584 0.376030822
585 0.383604676
586 0.384845318
587 0.380188305
588 0.372875984
589 0.363318906
590 0.360825570
591 0.369130090
592 0.376706198
593 0.376682321
594 0.371485860
595 0.365160905
596 0.357759989
597 0.352205786
598 0.347042072
599 0.336867333
600 0.326834844
601 0.316431647
602 0.304445967
603 0.292381862
604 0.278466265
605 0.264123547
606 0.251906137
607 0.245013618
608 0.240020416
609 0.236635335
610 0.234909486
611 0.233826347
612 0.230612781
613 0.226975992
614 0.222412889
615 0.221986062
616 0.221130241
617 0.218991550
618 0.216566906
619 0.216143175
620 0.216982862
621 0.218557205
622 0.221004311
623 0.225326655
624 0.231568814
625 0.236349274
626 0.239423683
627 0.243794352
628 0.247665119
629 0.250563040
630 0.247958645
631 0.241631720
632 0.237839209
633 0.238484549
634 0.242208847
635 0.246819109
636 0.252206340
637 0.258343734
638 0.259230484
639 0.258425737
640 0.262596003
641 0.268453695
642 0.270757370
643 0.272228784
644 0.284841848
645 0.294567330
646 0.301448387
647 0.311709219
648 0.323998866
649 0.335245358
650 0.343337619
651 0.346304260
652 0.346681914
653 0.344123025
654 0.345406879
655 0.346321507
656 0.346422853
657 0.350040447
658 0.352512436
659 0.354496030
660 0.355550721
661 0.354141385
662 0.350122556
663 0.346944468
664 0.346038939
665 0.346791976
666 0.341837102
667 0.330415081
668 0.320505031
669 0.313991992
670 0.310260446
671 0.303804293
672 0.293345878
673 0.285235426
674 0.285001387
675 0.288489828
676 0.293591512
677 0.298272472
678 0.303261181
679 0.303647671
680 0.302763844
681 0.300142681
682 0.293194968
683 0.283900006
684 0.273591618
685 0.264236248
686 0.254990277
687 0.245964108
688 0.239446927
689 0.238074620
690 0.234268410
691 0.228276332
692 0.221687802
693 0.215825663
694 0.212616481
695 0.210248516
696 0.202772507
697 0.202736783
698 0.210692142
699 0.215354545
700 0.218463001
701 0.221325789
702 0.222722761
703 0.223128627
704 0.226079640
705 0.232037492
706 0.240329987
707 0.245560671
708 0.248389768
709 0.250332439
710 0.251253936
711 0.249180005
712 0.247219790
713 0.243862026
714 0.236422204
715 0.227459534
716 0.218224447
717 0.207532566
718 0.197397368
719 0.190658012
720 0.185730254
721 0.181387441
722 0.176169726
723 0.171522783
724 0.167692826
725 0.164178345
726 0.159757585
727 0.154062989
728 0.150703268
729 0.147431111
730 0.142917303
731 0.138302592
732 0.133627230
733 0.128641341
734 0.122746553
735 0.116569199
736 0.111445343
737 0.106159770
738 0.101354125
739 0.099089651
740 0.095868245
741 0.091607820
742 0.086664442
743 0.082435529
744 0.078255902
745 0.074609289
746 0.070878622
747 0.065907082
748 0.062641987
749 0.062186005
750 0.062769211
751 0.062061513
752 0.060498189
753 0.059361489
754 0.058269824
755 0.057634371
756 0.057053068
757 0.056216874
758 0.055579594
759 0.055458586
760 0.056274338
761 0.056164751
762 0.054576292
763 0.052493560
764 0.050694919
765 0.049349406
766 0.048553956
767 0.048126880
768 0.047635698
769 0.047462838
770 0.047586335
771 0.047806271
772 0.048445130
773 0.049024783
774 0.049692729
775 0.050484176
776 0.051035697
777 0.051896697
778 0.052464208
779 0.052883647
780 0.052994697
781 0.053169101
782 0.052883950
783 0.051977409
784 0.050348436
785 0.050483354
786 0.051098204
787 0.051717043
788 0.052564305
789 0.053404605
790 0.053737292
791 0.054174125
792 0.054125855
793 0.054182864
794 0.054274325
795 0.054036008
796 0.053343957
797 0.051789975
798 0.049518803
799 0.049280994
800 0.049252013
801 0.048324844
802 0.048154225
803 0.047966883
804 0.047005084
805 0.045691439
806 0.044439256
807 0.043405397
808 0.042641112
809 0.042191493
810 0.041518504
811 0.041336328
812 0.041372634
813 0.041334165
814 0.041620746
815 0.041780894
816 0.041585968
817 0.041319144
818 0.041075761
819 0.040767679
820 0.040627313
821 0.040779138
822 0.041064631
823 0.041770179
824 0.042985937
825 0.044571174
826 0.046118894
827 0.046653024
828 0.045727172
829 0.045147510
830 0.044921609
831 0.044962831
832 0.045073154
833 0.045263288
834 0.045025818
835 0.044210918
836 0.044354187
837 0.045768332
838 0.047058406
839 0.048031166
840 0.048664660
841 0.048507748
842 0.048855691
843 0.050120266
844 0.051237743
845 0.051716869
846 0.051851581
847 0.051816221
848 0.051394003
849 0.050400481
850 0.048625951
851 0.049340693
852 0.050739914
853 0.050990168
854 0.050846182
855 0.050283611
856 0.049364091
857 0.048567415
858 0.047852654
859 0.047190509
860 0.046813004
861 0.045988642
862 0.044660040
863 0.043246754
864 0.041704268
865 0.040299864
866 0.039385763
867 0.038825282
868 0.037947536
869 0.036457206
870 0.035234895
871 0.034409014
872 0.034117619
873 0.034217412
874 0.034115125
875 0.033697368
876 0.033298823
877 0.032842006
878 0.032385004
879 0.031926962
880 0.031588887
881 0.031024092
882 0.030273410
883 0.029770970
884 0.029819788
885 0.030036466
886 0.030017760
887 0.029889900
888 0.029941413
889 0.029996322
890 0.029780446
891 0.029862089
892 0.030378154
893 0.030826991
894 0.031609736
895 0.032677845
896 0.033380567
897 0.033466032
898 0.032819942
899 0.032383746
900 0.032809579
901 0.033025950
902 0.032988410
903 0.033169648
904 0.033396991
905 0.033445301
906 0.033180981
907 0.033411202
908 0.034123539
909 0.033358149
910 0.031842159
911 0.031039410
912 0.030441980
913 0.029662243
914 0.028875993
915 0.028251659
916 0.027618124
917 0.027075608
918 0.026801684
919 0.026709593
920 0.026519696
921 0.026149864
922 0.025638314
923 0.025218614
924 0.025002957
925 0.024771757
926 0.024475595
927 0.024062868
928 0.023482340
929 0.022669800
930 0.021759556
931 0.020943982
932 0.020196960
933 0.019432890
934 0.018542783
935 0.017918552
936 0.017415562
937 0.016873617
938 0.016480251
939 0.016365295
940 0.016226265
941 0.016116867
942 0.015986316
943 0.015794812
944 0.015429976
945 0.014850561
946 0.014842972
947 0.015068414
948 0.015175654
949 0.015216542
950 0.015265782
951 0.015328119
952 0.015289002
953 0.015074165
954 0.014655868
955 0.014408795
956 0.014213880
957 0.013947125
958 0.013687769
959 0.013460739
960 0.013280214
961 0.013238571
962 0.013220635
963 0.013269297
964 0.013449183
965 0.013620720
966 0.013745490
967 0.013736089
968 0.013620710
969 0.013595989
970 0.013698111
971 0.013730202
972 0.013861195
973 0.014144005
974 0.014347428
975 0.014408451
976 0.014330897
977 0.014369913
978 0.014494522
979 0.014604131
980 0.014533768
981 0.014209018
982 0.013644080
983 0.013156367
984 0.012791299
985 0.012473535
986 0.012273513
987 0.012331859
988 0.012584682
989 0.012529162
990 0.012180473
991 0.011885579
992 0.011574171
993 0.011219771
994 0.010821901
995 0.010269795
996 0.009593748
997 0.009432722
998 0.009325267
999 0.009029112
1000 0.008668812
1001 0.008356917
1002 0.008106793
1003 0.007919809
1004 0.007783970
1005 0.007577150
1006 0.007338256
1007 0.007135216
1008 0.006957973
1009 0.006873251
1010 0.006850327
1011 0.006835964
1012 0.006848736
1013 0.006882613
1014 0.006927078
1015 0.006980013
1016 0.007029805
1017 0.007089374
1018 0.007110555
1019 0.007080746
1020 0.007016962
1021 0.006985023
1022 0.006965896
1023 0.007016251
1024 0.007150640
1025 0.007335004
1026 0.007457376
1027 0.007507960
1028 0.007488234
1029 0.007486774
1030 0.007454068
1031 0.007451625
1032 0.007565168
1033 0.007800050
1034 0.008059857
1035 0.008288503
1036 0.008495950
1037 0.008688620
1038 0.008861363
1039 0.008937424
1040 0.008961055
1041 0.008975288
1042 0.008940200
1043 0.008640125
1044 0.008484826
1045 0.008787401
1046 0.008921986
1047 0.008929002
1048 0.008908549
1049 0.008872967
1050 0.008836164
1051 0.008840832
1052 0.008798400
1053 0.008692749
1054 0.008541238
1055 0.008314918
1056 0.008175180
1057 0.008160109
1058 0.008071935
1059 0.007885993
1060 0.007651535
1061 0.007450498
1062 0.007325831
1063 0.007293040
1064 0.007304298
1065 0.007201040
1066 0.007081895
1067 0.007037613
1068 0.007103466
1069 0.007198466
1070 0.007208922
1071 0.007237139
1072 0.007295376
1073 0.007250537
1074 0.007070498
1075 0.006959041
1076 0.006956742
1077 0.006983932
1078 0.007074694
1079 0.007219081
1080 0.007357023
1081 0.007513280
1082 0.007690123
1083 0.007949659
1084 0.008211432
1085 0.008490644
1086 0.008753462
1087 0.009050860
1088 0.009454176
1089 0.009832213
1090 0.010186441
1091 0.010494195
1092 0.010624653
1093 0.010482392
1094 0.010531123
1095 0.010928040
1096 0.011095123
1097 0.011210768
1098 0.011311591
1099 0.011435693
1100 0.011576042
1101 0.011541385
1102 0.011450075
1103 0.011437828
1104 0.011429856
1105 0.011457253
1106 0.011473400
1107 0.011572125
1108 0.011662487
1109 0.011648068
1110 0.011545112
1111 0.011450344
1112 0.011346189
1113 0.011101442
1114 0.010717799
1115 0.010322819
1116 0.010018289
1117 0.009872552
1118 0.009819216
1119 0.009689236
1120 0.009485016
1121 0.009193988
1122 0.008956003
1123 0.008927098
1124 0.008768517
1125 0.008570124
1126 0.008351484
1127 0.008151326
1128 0.008128545
1129 0.008014895
1130 0.007724781
1131 0.007497257
1132 0.007444498
1133 0.007469063
1134 0.007439737
1135 0.007378307
1136 0.007332300
1137 0.007264667
1138 0.007208492
1139 0.007201450
1140 0.007233610
1141 0.007214594
1142 0.007067612
1143 0.007294699
1144 0.007659247
1145 0.007877931
1146 0.008042689
1147 0.008285641
1148 0.008557732
1149 0.008529087
1150 0.008033515
1151 0.007560712
1152 0.007227458
1153 0.006968672
1154 0.006743465
1155 0.006518077
1156 0.006249613
1157 0.006055083
1158 0.005888215
1159 0.005706109
1160 0.005549811
1161 0.005444123
1162 0.005327086
1163 0.005194770
1164 0.005045508
1165 0.004882752
1166 0.004710768
1167 0.004540212
1168 0.004446227
1169 0.004344058
1170 0.004214132
1171 0.004085508
1172 0.003955900
1173 0.003786978
1174 0.003540626
1175 0.003318406
1176 0.003137622
1177 0.002974877
1178 0.002788590
1179 0.002606378
1180 0.002430118
1181 0.002275711
1182 0.002134531
1183 0.001993856
1184 0.001881025
1185 0.001798334
1186 0.001712865
1187 0.001629405
1188 0.001596447
1189 0.001557328
1190 0.001503948
1191 0.001444915
1192 0.001385831
1193 0.001333578
1194 0.001280163
1195 0.001246636
1196 0.001226428
1197 0.001220595
1198 0.001236013
1199 0.001247632
1200 0.001245769
1201 0.001245720
1202 0.001237463
1203 0.001235453
1204 0.001231720
1205 0.001227872
1206 0.001237294
1207 0.001243672
1208 0.001251020
1209 0.001265831
1210 0.001285119
1211 0.001309548
1212 0.001332402
1213 0.001344940
1214 0.001348618
1215 0.001351076
1216 0.001351392
1217 0.001349139
1218 0.001337011
1219 0.001339441
1220 0.001328133
1221 0.001273171
1222 0.001221745
1223 0.001184246
1224 0.001147949
1225 0.001128230
1226 0.001104446
1227 0.001089283
1228 0.001079588
1229 0.001066597
1230 0.001058405
1231 0.001041374
1232 0.001013871
1233 0.000984868
1234 0.000953819
1235 0.000899996
1236 0.000846933
1237 0.000814137
1238 0.000764913
1239 0.000711162
1240 0.000662420
1241 0.000621793
1242 0.000592085
1243 0.000566711
1244 0.000543121
1245 0.000516279
1246 0.000488399
1247 0.000459374
1248 0.000440544
1249 0.000427717
1250 0.000415826
1251 0.000405555
1252 0.000398371
1253 0.000389219
1254 0.000375421
1255 0.000364910
1256 0.000354557
1257 0.000342841
1258 0.000334637
1259 0.000327287
1260 0.000321018
1261 0.000315298
1262 0.000313244
1263 0.000314422
1264 0.000317466
1265 0.000324799
1266 0.000334084
1267 0.000339083
1268 0.000338874
1269 0.000338502
1270 0.000336438
1271 0.000329753
1272 0.000322707
1273 0.000316333
1274 0.000306724
1275 0.000298744
1276 0.000293295
1277 0.000285058
1278 0.000277658
1279 0.000269815
1280 0.000260959
1281 0.000252204
1282 0.000240053
1283 0.000225188
1284 0.000216268
1285 0.000214081
1286 0.000207246
1287 0.000198582
1288 0.000190704
1289 0.000183209
1290 0.000174001
1291 0.000163061
1292 0.000153703
1293 0.000145837
1294 0.000137515
1295 0.000132837
1296 0.000129069
1297 0.000124183
1298 0.000118725
1299 0.000112922
1300 0.000108395
1301 0.000104410
1302 0.000097838
1303 0.000090041
1304 0.000083979
1305 0.000079106
1306 0.000074714
1307 0.000070559
1308 0.000066379
1309 0.000062218
1310 0.000058058
1311 0.000054009
1312 0.000050475
1313 0.000047463
1314 0.000044692
1315 0.000042336
1316 0.000040080
1317 0.000037800
1318 0.000035893
1319 0.000034502
1320 0.000033414
1321 0.000032324
1322 0.000030825
1323 0.000029024
1324 0.000027319
1325 0.000025869
1326 0.000024569
1327 0.000023119
1328 0.000021596
1329 0.000020148
1330 0.000018992
1331 0.000017831
1332 0.000016401
1333 0.000015596
1334 0.000015694
1335 0.000015545
1336 0.000014978
1337 0.000014339
1338 0.000013857
1339 0.000013388
1340 0.000012871
1341 0.000012433
1342 0.000012168
1343 0.000011955
1344 0.000011798
1345 0.000011671
1346 0.000011597
1347 0.000011449
1348 0.000011316
1349 0.000011264
1350 0.000011156
1351 0.000011007
1352 0.000010916
1353 0.000010868
1354 0.000010885
1355 0.000010897
1356 0.000010911
1357 0.000010878
1358 0.000010910
1359 0.000010865
1360 0.000010852
1361 0.000010805
1362 0.000010758
1363 0.000010643
1364 0.000010478
1365 0.000010221
1366 0.000009883
1367 0.000009571
1368 0.000009307
1369 0.000009111
1370 0.000008891
1371 0.000008637
1372 0.000008425
1373 0.000008309
1374 0.000008277
1375 0.000008252
1376 0.000008197
1377 0.000008047
1378 0.000007786
1379 0.000007336
1380 0.000006958
1381 0.000006668
1382 0.000006541
1383 0.000006339
1384 0.000006055
1385 0.000005794
1386 0.000005576
1387 0.000005346
1388 0.000005142
1389 0.000004952
1390 0.000004798
1391 0.000004619
1392 0.000004465
1393 0.000004350
1394 0.000004223
1395 0.000004101
1396 0.000003996
1397 0.000003884
1398 0.000003813
1399 0.000003750
1400 0.000003696
1401 0.000003666
1402 0.000003618
1403 0.000003572
1404 0.000003519
1405 0.000003467
1406 0.000003427
1407 0.000003413
1408 0.000003428
1409 0.000003447
1410 0.000003489
1411 0.000003598
1412 0.000003726
1413 0.000003797
1414 0.000003900
1415 0.000004052
1416 0.000004201
1417 0.000004313
1418 0.000004459
1419 0.000004722
1420 0.000005048
1421 0.000005400
1422 0.000005806
1423 0.000006247
1424 0.000006677
1425 0.000007123
1426 0.000007550
1427 0.000007811
1428 0.000008130
1429 0.000008917
1430 0.000009601
1431 0.000010118
1432 0.000010623
1433 0.000011145
1434 0.000011576
1435 0.000011835
1436 0.000011988
1437 0.000012130
1438 0.000012372
1439 0.000012540
1440 0.000012631
1441 0.000012572
1442 0.000012339
1443 0.000012136
1444 0.000011979
1445 0.000011928
1446 0.000011803
1447 0.000011302
1448 0.000010802
1449 0.000010460
1450 0.000010240
1451 0.000010089
1452 0.000010150
1453 0.000010457
1454 0.000010451
1455 0.000009909
1456 0.000009416
1457 0.000009055
1458 0.000008753
1459 0.000008477
1460 0.000008148
1461 0.000007806
1462 0.000007460
1463 0.000007144
1464 0.000006794
1465 0.000006489
1466 0.000006315
1467 0.000006318
1468 0.000006264
1469 0.000006181
1470 0.000006023
1471 0.000005815
1472 0.000005585
1473 0.000005387
1474 0.000005166
1475 0.000004880
1476 0.000004671
1477 0.000004707
1478 0.000004707
1479 0.000004667
1480 0.000004632
1481 0.000004619
1482 0.000004634
1483 0.000004670
1484 0.000004692
1485 0.000004763
1486 0.000004855
1487 0.000004982
1488 0.000005120
1489 0.000005294
1490 0.000005521
1491 0.000005740
1492 0.000006007
1493 0.000006286
1494 0.000006556
1495 0.000006875
1496 0.000007200
1497 0.000007512
1498 0.000007777
1499 0.000007864
1500 0.000007832
1501 0.000007754
1502 0.000007630
1503 0.000007422
1504 0.000007200
1505 0.000007046
1506 0.000006915
1507 0.000006773
1508 0.000006613
1509 0.000006456
1510 0.000006269
1511 0.000005984
1512 0.000005565
1513 0.000005192
1514 0.000004991
1515 0.000004834
1516 0.000004607
1517 0.000004369
1518 0.000004144
1519 0.000003875
1520 0.000003605
1521 0.000003504
1522 0.000003423
1523 0.000003273
1524 0.000003062
1525 0.000002860
1526 0.000002690
1527 0.000002594
1528 0.000002484
1529 0.000002351
1530 0.000002214
1531 0.000002100
1532 0.000002005
1533 0.000001929
1534 0.000001872
1535 0.000001830
1536 0.000001742
1537 0.000001614
1538 0.000001491
1539 0.000001404
1540 0.000001330
1541 0.000001261
1542 0.000001202
1543 0.000001141
1544 0.000001078
1545 0.000001017
1546 0.000000958
1547 0.000000900
1548 0.000000847
1549 0.000000787
1550 0.000000731
1551 0.000000690
1552 0.000000653
1553 0.000000618
1554 0.000000584
1555 0.000000552
1556 0.000000522
1557 0.000000489
1558 0.000000459
1559 0.000000433
1560 0.000000407
1561 0.000000371
1562 0.000000331
1563 0.000000296
1564 0.000000268
1565 0.000000243
1566 0.000000224
1567 0.000000206
1568 0.000000187
1569 0.000000173
1570 0.000000166
1571 0.000000156
1572 0.000000144
1573 0.000000135
1574 0.000000125
1575 0.000000116
1576 0.000000108
1577 0.000000102
1578 0.000000096
1579 0.000000091
1580 0.000000085
1581 0.000000079
1582 0.000000075
1583 0.000000072
1584 0.000000068
1585 0.000000064
1586 0.000000060
1587 0.000000056
1588 0.000000052
1589 0.000000049
1590 0.000000046
1591 0.000000043
1592 0.000000041
1593 0.000000039
1594 0.000000036
1595 0.000000034
1596 0.000000031
1597 0.000000029
1598 0.000000027
1599 0.000000025
1600 0.000000023
1601 0.000000022
1602 0.000000020
1603 0.000000019
1604 0.000000017
1605 0.000000016
1606 0.000000016
1607 0.000000015
1608 0.000000013
1609 0.000000012
1610 0.000000012
1611 0.000000011
1612 0.000000010
