#ite residual of mtx/thermal1.mtx
1 20.124337
2 14.579342
3 14.323296
4 14.882559
5 14.680509
6 15.055001
7 14.731468
8 14.964247
9 14.931642
10 14.257545
11 8.474244
12 8.858948
13 8.689961
14 8.581427
15 8.673600
16 8.531253
17 8.753248
18 8.527509
19 8.738109
20 7.307599
21 5.889334
22 6.132689
23 6.217801
24 6.095767
25 6.253304
26 6.096879
27 6.249734
28 6.168282
29 5.828176
30 4.758057
31 4.871111
32 4.751931
33 4.741251
34 4.799267
35 4.742576
36 4.802308
37 4.710407
38 4.718933
39 4.099810
40 3.730474
41 3.882866
42 3.864146
43 3.861872
44 3.938727
45 3.834993
46 3.947843
47 3.869776
48 3.635836
49 3.247398
50 3.261248
51 3.242393
52 3.259851
53 3.290126
54 3.228418
55 3.246047
56 3.208721
57 3.187364
58 2.857469
59 2.726318
60 2.840714
61 2.783906
62 2.793880
63 2.794626
64 2.765734
65 2.786790
66 2.733185
67 2.607692
68 2.432136
69 2.453646
70 2.448585
71 2.442197
72 2.472321
73 2.419991
74 2.445034
75 2.432990
76 2.367482
77 2.154779
78 2.113829
79 2.169789
80 2.114585
81 2.161391
82 2.144518
83 2.126876
84 2.158383
85 2.112156
86 1.984917
87 1.895494
88 1.948622
89 1.924172
90 1.916759
91 1.927591
92 1.917632
93 1.918558
94 1.889810
95 1.826918
96 1.719731
97 1.734285
98 1.752203
99 1.722449
100 1.747070
101 1.706142
102 1.725565
103 1.747399
104 1.669652
105 1.608199
106 1.583684
107 1.608778
108 1.588338
109 1.594288
110 1.598967
111 1.571326
112 1.558466
113 1.547364
114 1.496256
115 1.429527
116 1.442707
117 1.439481
118 1.410816
119 1.432438
120 1.430059
121 1.415892
122 1.423039
123 1.369023
124 1.325537
125 1.300637
126 1.330058
127 1.303359
128 1.311556
129 1.311533
130 1.299968
131 1.300283
132 1.274810
133 1.233906
134 1.190315
135 1.220190
136 1.209496
137 1.206165
138 1.196530
139 1.192954
140 1.192942
141 1.188526
142 1.143466
143 1.118362
144 1.128789
145 1.130355
146 1.118969
147 1.110189
148 1.094830
149 1.095357
150 1.092392
151 1.058697
152 1.044505
153 1.028101
154 1.043445
155 1.018624
156 1.013399
157 0.962400
158 0.967437
159 0.977447
160 0.954864
161 0.924317
162 0.892713
163 0.916086
164 0.903873
165 0.909804
166 0.880179
167 0.872777
168 0.869284
169 0.854549
170 0.828399
171 0.816982
172 0.820781
173 0.819179
174 0.814905
175 0.797366
176 0.776965
177 0.774492
178 0.777791
179 0.753123
180 0.749006
181 0.742037
182 0.761709
183 0.751411
184 0.741614
185 0.716360
186 0.708852
187 0.713391
188 0.702549
189 0.689181
190 0.679901
191 0.694763
192 0.691877
193 0.684338
194 0.667067
195 0.654729
196 0.653700
197 0.653136
198 0.630670
199 0.624300
200 0.619538
201 0.632000
202 0.623063
203 0.612673
204 0.595389
205 0.598938
206 0.604856
207 0.589277
208 0.583099
209 0.574653
210 0.584195
211 0.579878
212 0.577215
213 0.564714
214 0.562952
215 0.566540
216 0.564170
217 0.549881
218 0.538454
219 0.537184
220 0.539218
221 0.537572
222 0.534228
223 0.528981
224 0.532159
225 0.533412
226 0.518931
227 0.516276
228 0.511374
229 0.516893
230 0.511238
231 0.506429
232 0.500342
233 0.501869
234 0.507880
235 0.495791
236 0.490847
237 0.487728
238 0.495121
239 0.490986
240 0.491810
241 0.491145
242 0.486651
243 0.489660
244 0.490768
245 0.479424
246 0.474991
247 0.480274
248 0.479246
249 0.473886
250 0.472457
251 0.473235
252 0.471909
253 0.477162
254 0.466492
255 0.460888
256 0.456491
257 0.459075
258 0.457685
259 0.450597
260 0.444251
261 0.443267
262 0.445906
263 0.437096
264 0.428751
265 0.427278
266 0.433799
267 0.432058
268 0.427209
269 0.421335
270 0.420055
271 0.411345
272 0.408316
273 0.398906
274 0.392033
275 0.392371
276 0.397647
277 0.399916
278 0.398254
279 0.395962
280 0.387498
281 0.389565
282 0.377934
283 0.368012
284 0.365916
285 0.368361
286 0.365187
287 0.357424
288 0.352932
289 0.351094
290 0.349998
291 0.348350
292 0.339032
293 0.332620
294 0.334191
295 0.337102
296 0.336734
297 0.331430
298 0.329452
299 0.322095
300 0.322446
301 0.317074
302 0.310716
303 0.305368
304 0.304157
305 0.300536
306 0.298135
307 0.294042
308 0.293448
309 0.296474
310 0.291405
311 0.284218
312 0.279838
313 0.281775
314 0.278005
315 0.275097
316 0.270584
317 0.269176
318 0.267002
319 0.263944
320 0.255456
321 0.251561
322 0.253137
323 0.250674
324 0.248208
325 0.246091
326 0.246177
327 0.239633
328 0.238467
329 0.230576
330 0.226001
331 0.226427
332 0.226864
333 0.224929
334 0.221868
335 0.218166
336 0.216005
337 0.212638
338 0.209173
339 0.203891
340 0.200507
341 0.198145
342 0.195610
343 0.194909
344 0.190049
345 0.188450
346 0.186349
347 0.185423
348 0.178876
349 0.176461
350 0.174248
351 0.171570
352 0.169561
353 0.166044
354 0.164721
355 0.162369
356 0.161001
357 0.155478
358 0.151292
359 0.148184
360 0.147024
361 0.144595
362 0.142541
363 0.140854
364 0.138652
365 0.135932
366 0.133134
367 0.128048
368 0.124077
369 0.123187
370 0.120704
371 0.119177
372 0.116217
373 0.113951
374 0.110520
375 0.107884
376 0.103213
377 0.099422
378 0.096666
379 0.094854
380 0.091827
381 0.089628
382 0.086717
383 0.083689
384 0.081529
385 0.078428
386 0.074236
387 0.070361
388 0.068189
389 0.065934
390 0.063334
391 0.060401
392 0.057961
393 0.055115
394 0.052549
395 0.049154
396 0.046314
397 0.043641
398 0.041131
399 0.038639
400 0.035678
401 0.033054
402 0.030008
403 0.027235
404 0.024175
405 0.021322
406 0.018569
407 0.015943
408 0.013423
409 0.011001
410 0.008899
411 0.007145
412 0.005767
413 0.004634
414 0.003776
415 0.003214
416 0.002888
417 0.002689
418 0.002595
419 0.002534
420 0.002475
421 0.002408
422 0.002353
423 0.002268
424 0.002174
425 0.002113
426 0.002029
427 0.001943
428 0.001851
429 0.001794
430 0.001756
431 0.001742
432 0.001691
433 0.001609
434 0.001543
435 0.001461
436 0.001377
437 0.001310
438 0.001245
439 0.001202
440 0.001175
441 0.001210
442 0.001164
443 0.001194
444 0.001184
445 0.001179
446 0.001184
447 0.001179
448 0.001204
449 0.001215
450 0.001244
451 0.001219
452 0.001223
453 0.001203
454 0.001209
455 0.001180
456 0.001181
457 0.001159
458 0.001176
459 0.001176
460 0.001181
461 0.001171
462 0.001147
463 0.001142
464 0.001130
465 0.001133
466 0.001136
467 0.001156
468 0.001171
469 0.001201
470 0.001217
471 0.001223
472 0.001229
473 0.001194
474 0.001179
475 0.001139
476 0.001111
477 0.001103
478 0.001078
479 0.001075
480 0.001046
481 0.001035
482 0.000999
483 0.000975
484 0.000938
485 0.000919
486 0.000902
487 0.000883
488 0.000857
489 0.000836
490 0.000810
491 0.000772
492 0.000732
493 0.000691
494 0.000662
495 0.000637
496 0.000629
497 0.000614
498 0.000605
499 0.000583
500 0.000564
501 0.000532
502 0.000502
503 0.000473
504 0.000449
505 0.000443
506 0.000436
507 0.000430
508 0.000424
509 0.000415
510 0.000413
511 0.000396
512 0.000390
513 0.000376
514 0.000372
515 0.000366
516 0.000363
517 0.000351
518 0.000345
519 0.000339
520 0.000335
521 0.000328
522 0.000323
523 0.000312
524 0.000308
525 0.000298
526 0.000292
527 0.000286
528 0.000281
529 0.000277
530 0.000268
531 0.000264
532 0.000257
533 0.000253
534 0.000243
535 0.000239
536 0.000229
537 0.000229
538 0.000221
539 0.000216
540 0.000206
541 0.000209
542 0.000205
543 0.000208
544 0.000211
545 0.000213
546 0.000213
547 0.000216
548 0.000218
549 0.000219
550 0.000223
551 0.000223
552 0.000227
553 0.000226
554 0.000229
555 0.000233
556 0.000236
557 0.000237
558 0.000235
559 0.000234
560 0.000231
561 0.000227
562 0.000224
563 0.000221
564 0.000218
565 0.000210
566 0.000203
567 0.000192
568 0.000181
569 0.000181
570 0.000170
571 0.000171
572 0.000162
573 0.000158
574 0.000150
575 0.000144
576 0.000135
577 0.000128
578 0.000122
579 0.000118
580 0.000113
581 0.000109
582 0.000106
583 0.000104
584 0.000102
585 0.000098
586 0.000095
587 0.000091
588 0.000089
589 0.000084
590 0.000083
591 0.000079
592 0.000078
593 0.000076
594 0.000074
595 0.000073
596 0.000072
597 0.000074
598 0.000074
599 0.000077
600 0.000077
601 0.000076
602 0.000074
603 0.000076
604 0.000075
605 0.000075
606 0.000074
607 0.000075
608 0.000074
609 0.000073
610 0.000073
611 0.000071
612 0.000072
613 0.000071
614 0.000072
615 0.000070
616 0.000070
617 0.000069
618 0.000069
619 0.000067
620 0.000067
621 0.000067
622 0.000065
623 0.000066
624 0.000064
625 0.000065
626 0.000062
627 0.000062
628 0.000060
629 0.000059
630 0.000056
631 0.000054
632 0.000050
633 0.000050
634 0.000047
635 0.000048
636 0.000046
637 0.000046
638 0.000044
639 0.000043
640 0.000042
641 0.000041
642 0.000040
643 0.000039
644 0.000039
645 0.000038
646 0.000037
647 0.000036
648 0.000035
649 0.000034
650 0.000033
651 0.000032
652 0.000031
653 0.000031
654 0.000030
655 0.000029
656 0.000029
657 0.000029
658 0.000029
659 0.000028
660 0.000027
661 0.000026
662 0.000025
663 0.000024
664 0.000024
665 0.000023
666 0.000023
667 0.000023
668 0.000023
669 0.000023
670 0.000023
671 0.000023
672 0.000022
673 0.000022
674 0.000022
675 0.000021
676 0.000022
677 0.000021
678 0.000021
679 0.000021
680 0.000021
681 0.000021
682 0.000021
683 0.000020
684 0.000020
685 0.000020
686 0.000019
687 0.000019
688 0.000019
689 0.000019
690 0.000018
691 0.000018
692 0.000018
693 0.000018
694 0.000017
695 0.000017
696 0.000017
697 0.000017
698 0.000016
699 0.000016
700 0.000016
701 0.000016
702 0.000016
703 0.000015
704 0.000015
705 0.000015
706 0.000015
707 0.000014
708 0.000014
709 0.000014
710 0.000013
711 0.000013
712 0.000012
713 0.000012
714 0.000011
715 0.000011
716 0.000010
717 0.000010
718 0.000009
719 0.000009
720 0.000008
721 0.000008
722 0.000008
723 0.000007
724 0.000007
725 0.000007
726 0.000007
727 0.000006
728 0.000006
729 0.000006
730 0.000006
731 0.000006
732 0.000005
733 0.000005
734 0.000005
735 0.000005
736 0.000005
737 0.000005
738 0.000005
739 0.000005
740 0.000005
741 0.000005
742 0.000004
743 0.000004
744 0.000004
745 0.000004
746 0.000004
747 0.000004
748 0.000004
749 0.000004
750 0.000004
751 0.000004
752 0.000004
753 0.000004
754 0.000004
755 0.000004
756 0.000004
757 0.000004
758 0.000004
759 0.000003
760 0.000003
761 0.000003
762 0.000003
763 0.000003
764 0.000003
765 0.000003
766 0.000003
767 0.000003
768 0.000003
769 0.000003
770 0.000003
771 0.000003
772 0.000003
773 0.000003
774 0.000003
775 0.000003
776 0.000003
777 0.000003
778 0.000003
779 0.000003
780 0.000003
781 0.000003
782 0.000003
783 0.000003
784 0.000003
785 0.000003
786 0.000003
787 0.000003
788 0.000003
789 0.000002
790 0.000002
791 0.000002
792 0.000002
793 0.000002
794 0.000002
795 0.000002
796 0.000002
797 0.000002
798 0.000002
799 0.000002
800 0.000002
801 0.000002
802 0.000002
803 0.000002
804 0.000002
805 0.000002
806 0.000002
807 0.000002
808 0.000001
809 0.000001
810 0.000001
811 0.000001
812 0.000001
813 0.000001
814 0.000001
815 0.000001
816 0.000001
817 0.000001
818 0.000001
819 0.000001
820 0.000001
821 0.000001
822 0.000001
823 0.000001
