#ite residual of mtx/thermal1.mtx
1 20.124353
2 14.579340
3 14.323437
4 14.882616
5 14.680603
6 15.055149
7 14.731499
8 14.964209
9 14.931671
10 14.257403
11 8.473380
12 8.858133
13 8.690191
14 8.581654
15 8.674036
16 8.531168
17 8.753808
18 8.528011
19 8.738026
20 7.306299
21 5.889506
22 6.131821
23 6.217108
24 6.095835
25 6.253764
26 6.097565
27 6.250098
28 6.169181
29 5.828562
30 4.758167
31 4.871438
32 4.751879
33 4.741127
34 4.799024
35 4.742365
36 4.802461
37 4.710777
38 4.719773
39 4.101407
40 3.732305
41 3.887475
42 3.868859
43 3.866228
44 3.943663
45 3.835453
46 3.947560
47 3.863930
48 3.634906
49 3.244217
50 3.257457
51 3.240245
52 3.258405
53 3.289363
54 3.228148
55 3.246992
56 3.209826
57 3.189196
58 2.859818
59 2.728568
60 2.842584
61 2.783823
62 2.793021
63 2.793397
64 2.763890
65 2.784584
66 2.730513
67 2.603733
68 2.429549
69 2.453578
70 2.446565
71 2.442495
72 2.473300
73 2.421118
74 2.446530
75 2.433214
76 2.367481
77 2.154327
78 2.113524
79 2.168983
80 2.114382
81 2.160838
82 2.143085
83 2.124742
84 2.156438
85 2.110154
86 1.981465
87 1.897135
88 1.952181
89 1.924865
90 1.918692
91 1.928406
92 1.918522
93 1.919231
94 1.889820
95 1.827142
96 1.720019
97 1.734642
98 1.752422
99 1.722771
100 1.746952
101 1.705782
102 1.724654
103 1.745540
104 1.665650
105 1.601052
106 1.577348
107 1.599901
108 1.578418
109 1.601544
110 1.609507
111 1.580182
112 1.563470
113 1.549431
114 1.497125
115 1.429534
116 1.443092
117 1.439590
118 1.410939
119 1.432403
120 1.430066
121 1.415808
122 1.423049
123 1.368617
124 1.325270
125 1.300972
126 1.330112
127 1.303207
128 1.311564
129 1.311403
130 1.299926
131 1.300311
132 1.274465
133 1.233998
134 1.190297
135 1.220289
136 1.209384
137 1.206214
138 1.196520
139 1.192997
140 1.192936
141 1.188543
142 1.143395
143 1.118089
144 1.128936
145 1.130306
146 1.119042
147 1.110067
148 1.094708
149 1.095356
150 1.092236
151 1.058412
152 1.044454
153 1.028392
154 1.043432
155 1.018730
156 1.013278
157 0.962418
158 0.967342
159 0.977234
160 0.954695
161 0.924290
162 0.892689
163 0.916080
164 0.903841
165 0.909798
166 0.879948
167 0.872697
168 0.869454
169 0.854577
170 0.828286
171 0.816811
172 0.820900
173 0.819067
174 0.814869
175 0.797229
176 0.777031
177 0.774544
178 0.777173
179 0.751901
180 0.747113
181 0.740439
182 0.760882
183 0.752189
184 0.742625
185 0.717070
186 0.709041
187 0.712875
188 0.699939
189 0.684269
190 0.671320
191 0.686388
192 0.686890
193 0.689880
194 0.675317
195 0.661772
196 0.657658
197 0.655037
198 0.631956
199 0.625179
200 0.620458
201 0.633304
202 0.625206
203 0.616697
204 0.601735
205 0.607822
206 0.612165
207 0.597694
208 0.588569
209 0.574577
210 0.579093
211 0.577125
212 0.572548
213 0.560648
214 0.557748
215 0.561809
216 0.560787
217 0.546918
218 0.536753
219 0.536206
220 0.538789
221 0.537415
222 0.534174
223 0.528798
224 0.531924
225 0.533327
226 0.518634
227 0.516343
228 0.511358
229 0.517189
230 0.511308
231 0.506769
232 0.500286
233 0.502253
234 0.507920
235 0.495840
236 0.491177
237 0.488145
238 0.496301
239 0.492560
240 0.494810
241 0.494859
242 0.491134
243 0.491729
244 0.491325
245 0.476772
246 0.471861
247 0.476603
248 0.477073
249 0.472388
250 0.471470
251 0.472674
252 0.471577
253 0.477096
254 0.466374
255 0.461074
256 0.456610
257 0.459655
258 0.458345
259 0.452036
260 0.445900
261 0.445554
262 0.448525
263 0.440651
264 0.431331
265 0.428717
266 0.433225
267 0.430141
268 0.424327
269 0.417876
270 0.417765
271 0.409433
272 0.407343
273 0.398286
274 0.391491
275 0.391569
276 0.395696
277 0.395689
278 0.390981
279 0.388655
280 0.385361
281 0.390867
282 0.380780
283 0.372690
284 0.370669
285 0.372297
286 0.368699
287 0.360270
288 0.356482
289 0.355090
290 0.354036
291 0.352792
292 0.343077
293 0.334672
294 0.333978
295 0.335657
296 0.334155
297 0.327929
298 0.324662
299 0.318943
300 0.320012
301 0.316063
302 0.309623
303 0.305090
304 0.303720
305 0.300817
306 0.297813
307 0.293882
308 0.292599
309 0.295482
310 0.289889
311 0.282026
312 0.278134
313 0.279620
314 0.276280
315 0.272760
316 0.269417
317 0.267650
318 0.267079
319 0.263025
320 0.256448
321 0.252929
322 0.255057
323 0.251947
324 0.249568
325 0.247709
326 0.247224
327 0.240245
328 0.238527
329 0.230256
330 0.224570
331 0.224239
332 0.223173
333 0.221746
334 0.219299
335 0.216926
336 0.214845
337 0.213747
338 0.210818
339 0.207223
340 0.203207
341 0.199984
342 0.196750
343 0.195175
344 0.190221
345 0.188192
346 0.186005
347 0.184567
348 0.177938
349 0.175283
350 0.173388
351 0.170687
352 0.169409
353 0.166364
354 0.165222
355 0.162633
356 0.161209
357 0.155658
358 0.151309
359 0.148508
360 0.147264
361 0.145087
362 0.142606
363 0.140832
364 0.138059
365 0.135312
366 0.132266
367 0.127490
368 0.123718
369 0.122856
370 0.119627
371 0.117628
372 0.113815
373 0.112287
374 0.110670
375 0.109799
376 0.105205
377 0.100650
378 0.097287
379 0.095059
380 0.092029
381 0.089678
382 0.086999
383 0.083802
384 0.081887
385 0.078751
386 0.074904
387 0.071044
388 0.069121
389 0.066870
390 0.064032
391 0.060812
392 0.058370
393 0.055267
394 0.052814
395 0.049412
396 0.046455
397 0.043832
398 0.041018
399 0.038571
400 0.035633
401 0.033088
402 0.029982
403 0.027261
404 0.024199
405 0.021352
406 0.018620
407 0.015978
408 0.013493
409 0.011058
410 0.008973
411 0.007192
412 0.005814
413 0.004667
414 0.003806
415 0.003244
416 0.002924
417 0.002737
418 0.002659
419 0.002619
420 0.002578
421 0.002533
422 0.002496
423 0.002427
424 0.002347
425 0.002303
426 0.002239
427 0.002175
428 0.002105
429 0.002058
430 0.002026
431 0.002020
432 0.001976
433 0.001900
434 0.001848
435 0.001779
436 0.001709
437 0.001658
438 0.001612
439 0.001589
440 0.001586
441 0.001588
442 0.001570
443 0.001546
444 0.001535
445 0.001498
446 0.001474
447 0.001446
448 0.001427
449 0.001430
450 0.001421
451 0.001396
452 0.001368
453 0.001344
454 0.001303
455 0.001264
456 0.001221
457 0.001191
458 0.001169
459 0.001151
460 0.001122
461 0.001083
462 0.001027
463 0.000994
464 0.000955
465 0.000932
466 0.000912
467 0.000902
468 0.000891
469 0.000888
470 0.000871
471 0.000848
472 0.000831
473 0.000797
474 0.000769
475 0.000732
476 0.000713
477 0.000702
478 0.000686
479 0.000677
480 0.000659
481 0.000640
482 0.000617
483 0.000589
484 0.000565
485 0.000546
486 0.000534
487 0.000521
488 0.000506
489 0.000495
490 0.000481
491 0.000465
492 0.000439
493 0.000416
494 0.000394
495 0.000380
496 0.000374
497 0.000368
498 0.000363
499 0.000354
500 0.000346
501 0.000330
502 0.000316
503 0.000302
504 0.000294
505 0.000293
506 0.000296
507 0.000294
508 0.000296
509 0.000292
510 0.000293
511 0.000285
512 0.000286
513 0.000284
514 0.000288
515 0.000293
516 0.000295
517 0.000296
518 0.000297
519 0.000302
520 0.000303
521 0.000309
522 0.000308
523 0.000309
524 0.000311
525 0.000314
526 0.000318
527 0.000325
528 0.000333
529 0.000340
530 0.000344
531 0.000351
532 0.000361
533 0.000369
534 0.000378
535 0.000387
536 0.000386
537 0.000389
538 0.000385
539 0.000389
540 0.000385
541 0.000404
542 0.000406
543 0.000427
544 0.000435
545 0.000455
546 0.000456
547 0.000471
548 0.000470
549 0.000476
550 0.000479
551 0.000479
552 0.000481
553 0.000480
554 0.000479
555 0.000480
556 0.000478
557 0.000468
558 0.000457
559 0.000445
560 0.000432
561 0.000416
562 0.000404
563 0.000391
564 0.000376
565 0.000357
566 0.000337
567 0.000313
568 0.000295
569 0.000293
570 0.000277
571 0.000274
572 0.000266
573 0.000255
574 0.000249
575 0.000236
576 0.000229
577 0.000216
578 0.000213
579 0.000208
580 0.000207
581 0.000205
582 0.000205
583 0.000208
584 0.000209
585 0.000209
586 0.000208
587 0.000206
588 0.000207
589 0.000202
590 0.000205
591 0.000205
592 0.000208
593 0.000209
594 0.000211
595 0.000212
596 0.000217
597 0.000224
598 0.000228
599 0.000239
600 0.000237
601 0.000246
602 0.000243
603 0.000255
604 0.000252
605 0.000259
606 0.000259
607 0.000265
608 0.000263
609 0.000268
610 0.000270
611 0.000272
612 0.000276
613 0.000276
614 0.000278
615 0.000276
616 0.000280
617 0.000278
618 0.000280
619 0.000277
620 0.000277
621 0.000276
622 0.000274
623 0.000276
624 0.000273
625 0.000275
626 0.000270
627 0.000267
628 0.000261
629 0.000258
630 0.000254
631 0.000252
632 0.000250
633 0.000248
634 0.000244
635 0.000242
636 0.000239
637 0.000234
638 0.000231
639 0.000229
640 0.000227
641 0.000221
642 0.000214
643 0.000208
644 0.000204
645 0.000199
646 0.000193
647 0.000189
648 0.000182
649 0.000178
650 0.000174
651 0.000171
652 0.000168
653 0.000164
654 0.000161
655 0.000155
656 0.000152
657 0.000147
658 0.000146
659 0.000139
660 0.000133
661 0.000126
662 0.000121
663 0.000118
664 0.000115
665 0.000113
666 0.000110
667 0.000110
668 0.000110
669 0.000110
670 0.000109
671 0.000108
672 0.000106
673 0.000104
674 0.000102
675 0.000100
676 0.000099
677 0.000098
678 0.000098
679 0.000097
680 0.000096
681 0.000094
682 0.000094
683 0.000091
684 0.000090
685 0.000088
686 0.000086
687 0.000086
688 0.000085
689 0.000084
690 0.000084
691 0.000085
692 0.000084
693 0.000083
694 0.000082
695 0.000082
696 0.000081
697 0.000080
698 0.000079
699 0.000078
700 0.000078
701 0.000077
702 0.000075
703 0.000074
704 0.000072
705 0.000071
706 0.000069
707 0.000067
708 0.000066
709 0.000065
710 0.000063
711 0.000062
712 0.000060
713 0.000058
714 0.000057
715 0.000055
716 0.000054
717 0.000052
718 0.000051
719 0.000050
720 0.000049
721 0.000049
722 0.000049
723 0.000049
724 0.000049
725 0.000049
726 0.000049
727 0.000049
728 0.000048
729 0.000048
730 0.000046
731 0.000046
732 0.000045
733 0.000044
734 0.000044
735 0.000044
736 0.000043
737 0.000043
738 0.000043
739 0.000042
740 0.000041
741 0.000040
742 0.000039
743 0.000038
744 0.000036
745 0.000035
746 0.000033
747 0.000032
748 0.000031
749 0.000031
750 0.000031
751 0.000031
752 0.000031
753 0.000031
754 0.000031
755 0.000030
756 0.000029
757 0.000028
758 0.000028
759 0.000027
760 0.000027
761 0.000027
762 0.000026
763 0.000025
764 0.000025
765 0.000025
766 0.000025
767 0.000024
768 0.000024
769 0.000024
770 0.000024
771 0.000024
772 0.000023
773 0.000023
774 0.000022
775 0.000022
776 0.000022
777 0.000022
778 0.000022
779 0.000022
780 0.000022
781 0.000021
782 0.000021
783 0.000021
784 0.000021
785 0.000021
786 0.000021
787 0.000020
788 0.000020
789 0.000020
790 0.000020
791 0.000020
792 0.000019
793 0.000019
794 0.000019
795 0.000019
796 0.000019
797 0.000019
798 0.000019
799 0.000018
800 0.000018
801 0.000018
802 0.000018
803 0.000017
804 0.000017
805 0.000017
806 0.000017
807 0.000017
808 0.000017
809 0.000017
810 0.000016
811 0.000016
812 0.000016
813 0.000016
814 0.000015
815 0.000015
816 0.000015
817 0.000015
818 0.000015
819 0.000014
820 0.000014
821 0.000014
822 0.000013
823 0.000013
824 0.000013
825 0.000013
826 0.000013
827 0.000013
828 0.000013
829 0.000012
830 0.000012
831 0.000012
832 0.000012
833 0.000012
834 0.000012
835 0.000011
836 0.000011
837 0.000011
838 0.000011
839 0.000011
840 0.000011
841 0.000011
842 0.000011
843 0.000011
844 0.000011
845 0.000010
846 0.000010
847 0.000010
848 0.000010
849 0.000010
850 0.000009
851 0.000009
852 0.000009
853 0.000009
854 0.000009
855 0.000009
856 0.000009
857 0.000009
858 0.000008
859 0.000008
860 0.000008
861 0.000008
862 0.000008
863 0.000008
864 0.000008
865 0.000008
866 0.000008
867 0.000008
868 0.000008
869 0.000007
870 0.000007
871 0.000007
872 0.000007
873 0.000007
874 0.000007
875 0.000007
876 0.000007
877 0.000006
878 0.000006
879 0.000006
880 0.000006
881 0.000006
882 0.000006
883 0.000006
884 0.000006
885 0.000006
886 0.000005
887 0.000005
888 0.000005
889 0.000005
890 0.000005
891 0.000005
892 0.000005
893 0.000005
894 0.000005
895 0.000005
896 0.000005
897 0.000005
898 0.000005
899 0.000005
900 0.000005
901 0.000005
902 0.000005
903 0.000004
904 0.000004
905 0.000004
906 0.000004
907 0.000004
908 0.000004
909 0.000004
910 0.000004
911 0.000004
912 0.000004
913 0.000004
914 0.000004
915 0.000004
916 0.000004
917 0.000004
918 0.000004
919 0.000004
920 0.000004
921 0.000004
922 0.000004
923 0.000004
924 0.000004
925 0.000004
926 0.000004
927 0.000004
928 0.000004
929 0.000004
930 0.000004
931 0.000003
932 0.000004
933 0.000004
934 0.000004
935 0.000003
936 0.000003
937 0.000003
938 0.000003
939 0.000003
940 0.000003
941 0.000003
942 0.000003
943 0.000003
944 0.000003
945 0.000003
946 0.000003
947 0.000003
948 0.000003
949 0.000003
950 0.000003
951 0.000003
952 0.000003
953 0.000003
954 0.000002
955 0.000002
956 0.000002
957 0.000002
958 0.000002
959 0.000002
960 0.000002
961 0.000002
962 0.000002
963 0.000002
964 0.000002
965 0.000002
966 0.000002
967 0.000002
968 0.000002
969 0.000002
970 0.000002
971 0.000002
972 0.000002
973 0.000002
974 0.000002
975 0.000002
976 0.000002
977 0.000001
978 0.000001
979 0.000001
980 0.000001
981 0.000001
982 0.000001
983 0.000001
984 0.000001
985 0.000001
986 0.000001
987 0.000001
988 0.000001
989 0.000001
990 0.000001
991 0.000001
992 0.000001
993 0.000001
994 0.000001
995 0.000001
996 0.000001
997 0.000001
998 0.000001
999 0.000001
