#ite residual of mtx/thermal2.mtx
1 42.785787
2 27.508169
3 31.934050
4 30.287781
5 31.157573
6 30.745161
7 31.085952
8 29.475467
9 27.937978
10 19.512984
11 15.418446
12 20.138494
13 17.827056
14 18.434038
15 18.341240
16 17.432301
17 16.341427
18 14.423177
19 11.939173
20 12.348175
21 14.257564
22 12.950019
23 13.082062
24 12.682564
25 11.857958
26 10.888365
27 9.718307
28 9.148400
29 10.293697
30 10.471318
31 9.685817
32 9.828205
33 9.279359
34 8.737732
35 8.028832
36 7.926349
37 7.788587
38 8.781294
39 8.001514
40 7.628177
41 7.765356
42 7.011838
43 6.962877
44 6.506976
45 6.877890
46 7.001453
47 7.313806
48 6.548531
49 6.397767
50 6.474184
51 5.829747
52 5.871909
53 5.772873
54 6.095906
55 6.104489
56 5.945066
57 5.432859
58 5.539549
59 5.326376
60 5.009849
61 5.210350
62 5.138035
63 5.348747
64 5.084888
65 4.872275
66 4.636264
67 4.778935
68 4.541591
69 4.464606
70 4.695254
71 4.601796
72 4.625247
73 4.321716
74 4.166005
75 4.140957
76 4.201724
77 4.008243
78 4.210849
79 4.277492
80 4.142104
81 4.000888
82 3.783903
83 3.823513
84 3.842451
85 3.793955
86 3.757944
87 3.960020
88 3.861358
89 3.677339
90 3.594899
91 3.453007
92 3.520465
93 3.540308
94 3.460785
95 3.486757
96 3.563873
97 3.343121
98 3.255678
99 3.177884
100 3.224594
101 3.259835
102 3.230337
103 3.216175
104 3.231735
105 3.200242
106 2.939432
107 3.009913
108 2.946049
109 3.037402
110 3.048752
111 2.994617
112 3.012064
113 2.957723
114 2.834720
115 2.731583
116 2.839649
117 2.801455
118 2.855623
119 2.804161
120 2.762507
121 2.781893
122 2.698110
123 2.606835
124 2.666233
125 2.705800
126 2.677399
127 2.661156
128 2.578512
129 2.564317
130 2.504886
131 2.471686
132 2.474434
133 2.619201
134 2.550830
135 2.517652
136 2.513382
137 2.480314
138 2.510520
139 2.416787
140 2.378638
141 2.389828
142 2.452185
143 2.374111
144 2.351358
145 2.336792
146 2.286482
147 2.291612
148 2.231210
149 2.279553
150 2.303917
151 2.294282
152 2.196509
153 2.209687
154 2.166055
155 2.134872
156 2.147194
157 2.119260
158 2.175148
159 2.142600
160 2.113940
161 2.041285
162 2.070360
163 2.020175
164 2.003432
165 1.993678
166 1.958781
167 1.988464
168 1.914364
169 1.885003
170 1.844975
171 1.852579
172 1.802000
173 1.819903
174 1.845481
175 1.818781
176 1.831811
177 1.731966
178 1.709492
179 1.682344
180 1.688725
181 1.648366
182 1.657598
183 1.664014
184 1.620225
185 1.613421
186 1.558410
187 1.566398
188 1.563969
189 1.539043
190 1.537622
191 1.542096
192 1.506004
193 1.492187
194 1.440123
195 1.439253
196 1.435376
197 1.423676
198 1.404673
199 1.396658
200 1.404204
201 1.345603
202 1.341865
203 1.308011
204 1.320898
205 1.322364
206 1.297806
207 1.304271
208 1.301549
209 1.269367
210 1.226844
211 1.222234
212 1.201729
213 1.215647
214 1.192705
215 1.177518
216 1.172678
217 1.159971
218 1.125739
219 1.109720
220 1.109320
221 1.096471
222 1.096901
223 1.064286
224 1.058635
225 1.042374
226 1.017163
227 0.998289
228 1.003267
229 1.003617
230 0.998656
231 0.987724
232 0.953694
233 0.958429
234 0.936071
235 0.918296
236 0.920930
237 0.927785
238 0.922705
239 0.904104
240 0.891383
241 0.855848
242 0.851595
243 0.828660
244 0.811849
245 0.819240
246 0.818075
247 0.799265
248 0.785122
249 0.768215
250 0.753729
251 0.745207
252 0.730431
253 0.730325
254 0.724137
255 0.714836
256 0.692158
257 0.692086
258 0.680172
259 0.680174
260 0.673195
261 0.662604
262 0.669910
263 0.646634
264 0.624761
265 0.603404
266 0.601012
267 0.589927
268 0.586212
269 0.579659
270 0.565228
271 0.564514
272 0.543099
273 0.534739
274 0.524939
275 0.514808
276 0.506109
277 0.502663
278 0.492649
279 0.486718
280 0.481487
281 0.462436
282 0.457524
283 0.451291
284 0.444527
285 0.437965
286 0.434205
287 0.426741
288 0.421191
289 0.405168
290 0.392172
291 0.389812
292 0.384473
293 0.378543
294 0.371637
295 0.365021
296 0.355658
297 0.349126
298 0.334532
299 0.327501
300 0.324084
301 0.315018
302 0.307949
303 0.300962
304 0.292382
305 0.282346
306 0.273403
307 0.263147
308 0.261543
309 0.253515
310 0.245247
311 0.239483
312 0.233534
313 0.226806
314 0.222635
315 0.216772
316 0.216572
317 0.211816
318 0.209467
319 0.198921
320 0.199159
321 0.191546
322 0.185901
323 0.181583
324 0.175325
325 0.175153
326 0.171292
327 0.165225
328 0.162772
329 0.156873
330 0.153620
331 0.147442
332 0.144570
333 0.142465
334 0.138827
335 0.135963
336 0.128179
337 0.127413
338 0.121892
339 0.117181
340 0.115399
341 0.111909
342 0.110149
343 0.107411
344 0.102372
345 0.099865
346 0.096333
347 0.092573
348 0.090319
349 0.086970
350 0.085437
351 0.081318
352 0.078859
353 0.075092
354 0.072386
355 0.069997
356 0.067363
357 0.067051
358 0.064370
359 0.062098
360 0.059901
361 0.057268
362 0.055934
363 0.053903
364 0.051633
365 0.050346
366 0.049048
367 0.047113
368 0.045334
369 0.044372
370 0.043100
371 0.042105
372 0.040748
373 0.039243
374 0.038311
375 0.037349
376 0.035241
377 0.034068
378 0.032571
379 0.031691
380 0.030440
381 0.029504
382 0.028353
383 0.027929
384 0.026845
385 0.025815
386 0.024995
387 0.023671
388 0.022835
389 0.021724
390 0.021133
391 0.020272
392 0.019667
393 0.018624
394 0.017696
395 0.017105
396 0.016285
397 0.015736
398 0.014954
399 0.014383
400 0.013807
401 0.013191
402 0.012501
403 0.012082
404 0.011773
405 0.011335
406 0.010970
407 0.010518
408 0.010088
409 0.009718
410 0.009263
411 0.008829
412 0.008599
413 0.008279
414 0.008024
415 0.007750
416 0.007484
417 0.007277
418 0.006971
419 0.006685
420 0.006537
421 0.006472
422 0.006320
423 0.006213
424 0.006080
425 0.005937
426 0.005832
427 0.005701
428 0.005602
429 0.005590
430 0.005531
431 0.005419
432 0.005358
433 0.005266
434 0.005182
435 0.005075
436 0.004984
437 0.004934
438 0.004828
439 0.004586
440 0.004419
441 0.004387
442 0.004267
443 0.004134
444 0.004191
445 0.004012
446 0.004084
447 0.003951
448 0.003872
449 0.003876
450 0.003673
451 0.003666
452 0.003526
453 0.003497
454 0.003464
455 0.003309
456 0.003251
457 0.003087
458 0.003074
459 0.002928
460 0.002859
461 0.002749
462 0.002620
463 0.002528
464 0.002377
465 0.002275
466 0.002158
467 0.002083
468 0.001998
469 0.001939
470 0.001914
471 0.001872
472 0.001806
473 0.001726
474 0.001636
475 0.001609
476 0.001515
477 0.001480
478 0.001428
479 0.001353
480 0.001308
481 0.001235
482 0.001194
483 0.001151
484 0.001104
485 0.001079
486 0.001056
487 0.001035
488 0.000978
489 0.000926
490 0.000885
491 0.000853
492 0.000836
493 0.000807
494 0.000787
495 0.000769
496 0.000739
497 0.000713
498 0.000697
499 0.000681
500 0.000669
501 0.000649
502 0.000623
503 0.000588
504 0.000556
505 0.000539
506 0.000519
507 0.000495
508 0.000495
509 0.000464
510 0.000471
511 0.000445
512 0.000448
513 0.000427
514 0.000410
515 0.000408
516 0.000394
517 0.000396
518 0.000387
519 0.000381
520 0.000378
521 0.000367
522 0.000366
523 0.000360
524 0.000368
525 0.000368
526 0.000368
527 0.000370
528 0.000365
529 0.000371
530 0.000365
531 0.000370
532 0.000373
533 0.000382
534 0.000383
535 0.000386
536 0.000394
537 0.000392
538 0.000401
539 0.000401
540 0.000413
541 0.000423
542 0.000434
543 0.000443
544 0.000454
545 0.000466
546 0.000467
547 0.000474
548 0.000476
549 0.000490
550 0.000501
551 0.000504
552 0.000513
553 0.000519
554 0.000525
555 0.000530
556 0.000537
557 0.000542
558 0.000550
559 0.000549
560 0.000544
561 0.000547
562 0.000547
563 0.000539
564 0.000539
565 0.000529
566 0.000527
567 0.000520
568 0.000510
569 0.000497
570 0.000487
571 0.000477
572 0.000459
573 0.000456
574 0.000441
575 0.000429
576 0.000413
577 0.000389
578 0.000377
579 0.000358
580 0.000344
581 0.000328
582 0.000312
583 0.000294
584 0.000273
585 0.000254
586 0.000238
587 0.000223
588 0.000207
589 0.000191
590 0.000179
591 0.000165
592 0.000153
593 0.000142
594 0.000131
595 0.000122
596 0.000114
597 0.000107
598 0.000101
599 0.000097
600 0.000092
601 0.000087
602 0.000082
603 0.000076
604 0.000073
605 0.000069
606 0.000067
607 0.000066
608 0.000064
609 0.000062
610 0.000061
611 0.000061
612 0.000061
613 0.000062
614 0.000062
615 0.000064
616 0.000066
617 0.000068
618 0.000070
619 0.000074
620 0.000078
621 0.000081
622 0.000086
623 0.000088
624 0.000094
625 0.000097
626 0.000102
627 0.000107
628 0.000112
629 0.000116
630 0.000118
631 0.000119
632 0.000118
633 0.000115
634 0.000110
635 0.000104
636 0.000098
637 0.000091
638 0.000083
639 0.000076
640 0.000069
641 0.000063
642 0.000057
643 0.000052
644 0.000048
645 0.000046
646 0.000044
647 0.000043
648 0.000044
649 0.000046
650 0.000050
651 0.000054
652 0.000060
653 0.000068
654 0.000075
655 0.000081
656 0.000083
657 0.000084
658 0.000080
659 0.000075
660 0.000068
661 0.000062
662 0.000056
663 0.000053
664 0.000051
665 0.000051
666 0.000053
667 0.000054
668 0.000056
669 0.000056
670 0.000055
671 0.000052
672 0.000049
673 0.000048
674 0.000047
675 0.000048
676 0.000049
677 0.000050
678 0.000050
679 0.000049
680 0.000047
681 0.000045
682 0.000045
683 0.000044
684 0.000043
685 0.000043
686 0.000042
687 0.000041
688 0.000040
689 0.000039
690 0.000039
691 0.000038
692 0.000037
693 0.000037
694 0.000037
695 0.000036
696 0.000036
697 0.000036
698 0.000035
699 0.000035
700 0.000035
701 0.000034
702 0.000034
703 0.000034
704 0.000034
705 0.000033
706 0.000033
707 0.000032
708 0.000033
709 0.000033
710 0.000033
711 0.000032
712 0.000032
713 0.000032
714 0.000032
715 0.000032
716 0.000032
717 0.000032
718 0.000032
719 0.000033
720 0.000033
721 0.000033
722 0.000032
723 0.000032
724 0.000031
725 0.000031
726 0.000031
727 0.000030
728 0.000030
729 0.000030
730 0.000029
731 0.000029
732 0.000029
733 0.000029
734 0.000029
735 0.000029
736 0.000029
737 0.000028
738 0.000028
739 0.000028
740 0.000027
741 0.000027
742 0.000027
743 0.000026
744 0.000026
745 0.000025
746 0.000024
747 0.000024
748 0.000023
749 0.000023
750 0.000023
751 0.000023
752 0.000022
753 0.000021
754 0.000021
755 0.000020
756 0.000020
757 0.000020
758 0.000019
759 0.000019
760 0.000019
761 0.000019
762 0.000019
763 0.000019
764 0.000018
765 0.000019
766 0.000019
767 0.000019
768 0.000019
769 0.000019
770 0.000019
771 0.000019
772 0.000019
773 0.000020
774 0.000020
775 0.000020
776 0.000020
777 0.000020
778 0.000019
779 0.000019
780 0.000018
781 0.000018
782 0.000017
783 0.000017
784 0.000016
785 0.000015
786 0.000015
787 0.000014
788 0.000013
789 0.000013
790 0.000012
791 0.000012
792 0.000012
793 0.000012
794 0.000012
795 0.000011
796 0.000011
797 0.000011
798 0.000011
799 0.000011
800 0.000010
801 0.000010
802 0.000010
803 0.000010
804 0.000009
805 0.000009
806 0.000009
807 0.000009
808 0.000009
809 0.000009
810 0.000008
811 0.000008
812 0.000008
813 0.000008
814 0.000008
815 0.000008
816 0.000008
817 0.000008
818 0.000008
819 0.000008
820 0.000008
821 0.000008
822 0.000008
823 0.000008
824 0.000008
825 0.000008
826 0.000008
827 0.000008
828 0.000008
829 0.000008
830 0.000008
831 0.000008
832 0.000008
833 0.000008
834 0.000007
835 0.000007
836 0.000007
837 0.000007
838 0.000007
839 0.000007
840 0.000007
841 0.000007
842 0.000007
843 0.000007
844 0.000007
845 0.000007
846 0.000007
847 0.000007
848 0.000007
849 0.000007
850 0.000007
851 0.000007
852 0.000007
853 0.000007
854 0.000007
855 0.000007
856 0.000007
857 0.000007
858 0.000007
859 0.000007
860 0.000007
861 0.000007
862 0.000007
863 0.000007
864 0.000007
865 0.000007
866 0.000007
867 0.000007
868 0.000007
869 0.000007
870 0.000007
871 0.000007
872 0.000006
873 0.000006
874 0.000006
875 0.000006
876 0.000006
877 0.000006
878 0.000006
879 0.000006
880 0.000005
881 0.000005
882 0.000005
883 0.000005
884 0.000005
885 0.000005
886 0.000004
887 0.000004
888 0.000004
889 0.000004
890 0.000004
891 0.000004
892 0.000004
893 0.000004
894 0.000003
895 0.000003
896 0.000003
897 0.000003
898 0.000003
899 0.000003
900 0.000003
901 0.000003
902 0.000003
903 0.000003
904 0.000003
905 0.000003
906 0.000003
907 0.000003
908 0.000003
909 0.000003
910 0.000003
911 0.000003
912 0.000003
913 0.000003
914 0.000003
915 0.000003
916 0.000003
917 0.000003
918 0.000003
919 0.000002
920 0.000002
921 0.000002
922 0.000002
923 0.000002
924 0.000002
925 0.000002
926 0.000002
927 0.000002
928 0.000002
929 0.000002
930 0.000002
931 0.000002
932 0.000002
933 0.000002
934 0.000002
935 0.000002
936 0.000002
937 0.000002
938 0.000002
939 0.000002
940 0.000002
941 0.000002
942 0.000002
943 0.000002
944 0.000002
945 0.000002
946 0.000002
947 0.000002
948 0.000002
949 0.000002
950 0.000002
951 0.000002
952 0.000002
953 0.000002
954 0.000002
955 0.000002
956 0.000002
957 0.000002
958 0.000002
959 0.000002
960 0.000002
961 0.000002
962 0.000002
963 0.000002
964 0.000002
965 0.000002
966 0.000002
967 0.000002
968 0.000002
969 0.000002
970 0.000002
971 0.000002
972 0.000002
973 0.000002
974 0.000002
975 0.000002
976 0.000002
977 0.000001
978 0.000001
979 0.000001
980 0.000001
981 0.000001
982 0.000001
983 0.000001
984 0.000001
985 0.000001
986 0.000001
987 0.000001
988 0.000001
989 0.000001
990 0.000001
991 0.000001
992 0.000001
993 0.000001
994 0.000001
995 0.000001
996 0.000001
997 0.000001
998 0.000001
999 0.000001
