#ite residual of mtx/thermal2.mtx
1 45.612002
2 29.068143
3 33.926152
4 32.162205
5 33.110336
6 32.612510
7 32.867850
8 31.334122
9 29.711353
10 21.219063
11 16.931347
12 21.796793
13 19.365442
14 20.108770
15 19.940303
16 19.097366
17 18.097558
18 16.117759
19 13.746405
20 14.026724
21 16.061929
22 14.637327
23 14.823252
24 14.471710
25 13.655060
26 12.863044
27 11.640085
28 11.152367
29 12.160266
30 12.373329
31 11.633709
32 11.768811
33 11.381457
34 10.835358
35 10.292460
36 10.100861
37 9.996957
38 10.829648
39 10.151859
40 9.874579
41 9.977351
42 9.493926
43 9.364832
44 9.057344
45 9.225011
46 9.309562
47 9.643327
48 8.968309
49 8.908150
50 8.957355
51 8.489819
52 8.504602
53 8.394436
54 8.695700
55 8.630600
56 8.589245
57 8.174023
58 8.265783
59 8.145936
60 7.843420
61 8.037356
62 7.895827
63 8.069130
64 7.863489
65 7.741693
66 7.616393
67 7.713069
68 7.591218
69 7.508198
70 7.661210
71 7.559431
72 7.587267
73 7.408014
74 7.279222
75 7.244982
76 7.323392
77 7.223733
78 7.330424
79 7.395120
80 7.318979
81 7.201249
82 7.083107
83 7.126014
84 7.121751
85 7.103102
86 7.014720
87 7.146174
88 7.063429
89 7.069182
90 7.107918
91 7.003785
92 6.981892
93 6.939443
94 6.908999
95 6.853722
96 6.901401
97 6.815602
98 6.736426
99 6.716422
100 6.705383
101 6.753238
102 6.732320
103 6.707265
104 6.728654
105 6.695943
106 6.583395
107 6.603287
108 6.542723
109 6.597398
110 6.606617
111 6.624547
112 6.584145
113 6.563554
114 6.529753
115 6.467105
116 6.512818
117 6.460336
118 6.473207
119 6.447452
120 6.418699
121 6.467823
122 6.462906
123 6.441795
124 6.455876
125 6.445440
126 6.409547
127 6.365030
128 6.328833
129 6.306125
130 6.305885
131 6.367359
132 6.441258
133 6.522934
134 6.442224
135 6.362603
136 6.293391
137 6.300709
138 6.318253
139 6.294209
140 6.260992
141 6.223225
142 6.251786
143 6.267278
144 6.274074
145 6.277951
146 6.226964
147 6.231216
148 6.199042
149 6.183818
150 6.196997
151 6.140430
152 6.215580
153 6.083614
154 6.150181
155 6.037854
156 5.735484
157 4.096293
158 4.442034
159 4.297503
160 4.368275
161 4.380622
162 4.330654
163 4.263045
164 4.174270
165 3.744455
166 3.497643
167 3.748314
168 3.616025
169 3.660791
170 3.638583
171 3.615426
172 3.558031
173 3.480709
174 3.369161
175 3.305076
176 3.446970
177 3.321915
178 3.341834
179 3.306578
180 3.320173
181 3.314281
182 3.303314
183 3.293369
184 3.250064
185 3.272741
186 3.283317
187 3.302894
188 3.312871
189 3.358242
190 3.436516
191 3.408318
192 3.390462
193 3.295616
194 3.369900
195 3.420566
196 3.392106
197 3.522150
198 3.529791
199 3.601315
200 3.534087
201 3.465753
202 3.462385
203 3.618101
204 3.604250
205 3.676553
206 3.793377
207 3.786747
208 3.781252
209 3.640671
210 3.638766
211 3.749407
212 3.877926
213 3.837331
214 3.970184
215 4.028903
216 3.915608
217 3.882298
218 3.803975
219 3.895725
220 4.042552
221 4.111989
222 4.069021
223 4.200347
224 4.072982
225 4.017012
226 3.974246
227 4.074791
228 4.175344
229 4.296139
230 4.251979
231 4.269067
232 4.304813
233 4.146937
234 4.216925
235 4.233430
236 4.407252
237 4.441661
238 4.446040
239 4.367228
240 4.405454
241 4.338536
242 4.204630
243 4.297248
244 4.309378
245 4.380706
246 4.353412
247 4.310943
248 4.246492
249 4.274293
250 4.171492
251 4.130957
252 4.301315
253 4.214560
254 4.233218
255 4.187481
256 4.235803
257 4.244519
258 4.199962
259 4.111848
260 4.071801
261 4.129004
262 3.998351
263 3.967638
264 3.909906
265 3.897025
266 3.887241
267 3.857556
268 3.883086
269 3.909115
270 3.853569
271 3.724444
272 3.720147
273 3.702091
274 3.633470
275 3.587883
276 3.589214
277 3.636335
278 3.612043
279 3.568607
280 3.487440
281 3.483495
282 3.436980
283 3.340334
284 3.400939
285 3.361989
286 3.359642
287 3.282756
288 3.215605
289 3.176322
290 3.148440
291 3.122177
292 3.095989
293 3.183865
294 3.059792
295 2.951385
296 2.848373
297 2.804771
298 2.784138
299 2.762319
300 2.718676
301 2.709707
302 2.752152
303 2.544161
304 2.513629
305 2.437738
306 2.431667
307 2.419668
308 2.395910
309 2.353811
310 2.337315
311 2.240992
312 2.046503
313 2.063855
314 2.020603
315 2.012195
316 2.001821
317 1.979572
318 1.981091
319 1.961957
320 1.910043
321 1.859947
322 1.841900
323 1.801729
324 1.786429
325 1.769269
326 1.734660
327 1.732230
328 1.726829
329 1.744858
330 1.709830
331 1.666721
332 1.654906
333 1.634867
334 1.633724
335 1.614309
336 1.626651
337 1.628928
338 1.630283
339 1.540319
340 1.551420
341 1.544714
342 1.525944
343 1.538257
344 1.531826
345 1.546005
346 1.524386
347 1.493138
348 1.451473
349 1.480762
350 1.455680
351 1.457821
352 1.469393
353 1.476113
354 1.463207
355 1.447162
356 1.426033
357 1.449015
358 1.455882
359 1.446426
360 1.468990
361 1.480733
362 1.508369
363 1.504795
364 1.491011
365 1.466882
366 1.470669
367 1.453683
368 1.452851
369 1.460315
370 1.467265
371 1.471182
372 1.491743
373 1.497954
374 1.472381
375 1.473027
376 1.460490
377 1.455768
378 1.456980
379 1.472365
380 1.483695
381 1.491508
382 1.479093
383 1.459373
384 1.451962
385 1.460877
386 1.454027
387 1.468640
388 1.494205
389 1.492489
390 1.499703
391 1.453198
392 1.434617
393 1.422329
394 1.420315
395 1.408584
396 1.419284
397 1.442586
398 1.403173
399 1.396046
400 1.335739
401 1.347903
402 1.361791
403 1.369052
404 1.372035
405 1.387503
406 1.372612
407 1.318871
408 1.297990
409 1.261737
410 1.292065
411 1.289138
412 1.269338
413 1.266517
414 1.281387
415 1.243673
416 1.209233
417 1.208358
418 1.172773
419 1.196713
420 1.164358
421 1.147244
422 1.153371
423 1.151167
424 1.096931
425 1.079823
426 1.073539
427 1.071243
428 1.077186
429 1.032891
430 1.041965
431 1.027863
432 1.005609
433 0.965565
434 0.984791
435 0.952261
436 0.956809
437 0.934186
438 0.911702
439 0.927467
440 0.894761
441 0.877534
442 0.861235
443 0.871336
444 0.840011
445 0.845567
446 0.822833
447 0.832793
448 0.831608
449 0.793154
450 0.778300
451 0.770119
452 0.758261
453 0.750041
454 0.752704
455 0.737256
456 0.739033
457 0.715756
458 0.709303
459 0.705139
460 0.703531
461 0.690245
462 0.698572
463 0.696644
464 0.682708
465 0.667793
466 0.654427
467 0.650099
468 0.648202
469 0.644382
470 0.635486
471 0.639690
472 0.634446
473 0.631904
474 0.632027
475 0.640116
476 0.635889
477 0.631986
478 0.629319
479 0.629612
480 0.634994
481 0.636084
482 0.647111
483 0.665601
484 0.679945
485 0.668769
486 0.671224
487 0.669309
488 0.671454
489 0.676691
490 0.681518
491 0.695240
492 0.708812
493 0.709803
494 0.713846
495 0.726565
496 0.732431
497 0.735978
498 0.742577
499 0.745634
500 0.744587
501 0.741599
502 0.718282
503 0.695401
504 0.666997
505 0.634206
506 0.597748
507 0.563841
508 0.530620
509 0.511517
510 0.505678
511 0.497579
512 0.491356
513 0.478600
514 0.463268
515 0.446600
516 0.432112
517 0.409736
518 0.396216
519 0.383531
520 0.370929
521 0.361737
522 0.357936
523 0.351931
524 0.341324
525 0.328829
526 0.308795
527 0.298517
528 0.286744
529 0.275089
530 0.268850
531 0.267457
532 0.259443
533 0.252686
534 0.243269
535 0.235838
536 0.231705
537 0.222318
538 0.215710
539 0.211997
540 0.209335
541 0.200352
542 0.195067
543 0.188035
544 0.180752
545 0.177171
546 0.168362
547 0.163090
548 0.159009
549 0.154546
550 0.146394
551 0.143886
552 0.138873
553 0.136558
554 0.132464
555 0.127913
556 0.125724
557 0.121022
558 0.115676
559 0.110608
560 0.109074
561 0.105665
562 0.103873
563 0.099702
564 0.096473
565 0.092766
566 0.088332
567 0.084401
568 0.082127
569 0.080635
570 0.077906
571 0.076253
572 0.072560
573 0.070262
574 0.067484
575 0.063926
576 0.062163
577 0.060416
578 0.058946
579 0.057364
580 0.055082
581 0.052889
582 0.050584
583 0.048354
584 0.046603
585 0.045637
586 0.044811
587 0.043714
588 0.042115
589 0.039997
590 0.038614
591 0.037224
592 0.036398
593 0.035770
594 0.035158
595 0.034806
596 0.034413
597 0.033214
598 0.032305
599 0.031385
600 0.030304
601 0.029729
602 0.028915
603 0.028283
604 0.027643
605 0.026799
606 0.025627
607 0.025617
608 0.025013
609 0.025091
610 0.024895
611 0.024592
612 0.024977
613 0.024375
614 0.023829
615 0.023076
616 0.023530
617 0.023050
618 0.023153
619 0.023231
620 0.023069
621 0.023832
622 0.023137
623 0.023199
624 0.023319
625 0.023852
626 0.023674
627 0.024140
628 0.024372
629 0.024511
630 0.025174
631 0.024655
632 0.025278
633 0.025435
634 0.025501
635 0.025386
636 0.025929
637 0.025941
638 0.025921
639 0.025692
640 0.025104
641 0.024926
642 0.024219
643 0.023016
644 0.022356
645 0.021583
646 0.020252
647 0.018930
648 0.017552
649 0.015780
650 0.014273
651 0.012534
652 0.010827
653 0.009577
654 0.008137
655 0.006753
656 0.005605
657 0.004678
658 0.003895
659 0.003301
660 0.002908
661 0.002630
662 0.002557
663 0.002506
664 0.002577
665 0.002726
666 0.002866
667 0.002961
668 0.003017
669 0.003006
670 0.002954
671 0.002862
672 0.002731
673 0.002706
674 0.002736
675 0.002763
676 0.002811
677 0.002896
678 0.002890
679 0.002882
680 0.002791
681 0.002776
682 0.002764
683 0.002805
684 0.002831
685 0.002927
686 0.003022
687 0.003016
688 0.003064
689 0.003046
690 0.003085
691 0.003093
692 0.003129
693 0.003157
694 0.003228
695 0.003281
696 0.003227
697 0.003228
698 0.003137
699 0.003137
700 0.003124
701 0.003148
702 0.003194
703 0.003236
704 0.003234
705 0.003182
706 0.003209
707 0.003202
708 0.003247
709 0.003294
710 0.003344
711 0.003386
712 0.003412
713 0.003405
714 0.003422
715 0.003432
716 0.003442
717 0.003477
718 0.003493
719 0.003505
720 0.003484
721 0.003435
722 0.003385
723 0.003355
724 0.003288
725 0.003253
726 0.003237
727 0.003228
728 0.003185
729 0.003158
730 0.003132
731 0.003135
732 0.003117
733 0.003094
734 0.003073
735 0.003051
736 0.003028
737 0.002964
738 0.002929
739 0.002888
740 0.002833
741 0.002768
742 0.002710
743 0.002635
744 0.002597
745 0.002523
746 0.002482
747 0.002457
748 0.002402
749 0.002346
750 0.002301
751 0.002280
752 0.002230
753 0.002208
754 0.002174
755 0.002149
756 0.002130
757 0.002065
758 0.002034
759 0.002010
760 0.001990
761 0.001973
762 0.001977
763 0.001961
764 0.001909
765 0.001850
766 0.001775
767 0.001718
768 0.001676
769 0.001639
770 0.001608
771 0.001577
772 0.001513
773 0.001454
774 0.001398
775 0.001353
776 0.001316
777 0.001290
778 0.001263
779 0.001229
780 0.001195
781 0.001146
782 0.001108
783 0.001093
784 0.001076
785 0.001078
786 0.001091
787 0.001099
788 0.001106
789 0.001100
790 0.001118
791 0.001124
792 0.001159
793 0.001167
794 0.001199
795 0.001209
796 0.001181
797 0.001150
798 0.001106
799 0.001084
800 0.001052
801 0.001044
802 0.001012
803 0.001019
804 0.000981
805 0.000954
806 0.000927
807 0.000909
808 0.000886
809 0.000865
810 0.000844
811 0.000823
812 0.000816
813 0.000772
814 0.000761
815 0.000745
816 0.000739
817 0.000728
818 0.000726
819 0.000723
820 0.000741
821 0.000749
822 0.000763
823 0.000801
824 0.000812
825 0.000821
826 0.000821
827 0.000838
828 0.000848
829 0.000869
830 0.000870
831 0.000878
832 0.000911
833 0.000913
834 0.000922
835 0.000931
836 0.000938
837 0.000932
838 0.000933
839 0.000927
840 0.000935
841 0.000949
842 0.000947
843 0.000958
844 0.000956
845 0.000946
846 0.000928
847 0.000921
848 0.000922
849 0.000935
850 0.000935
851 0.000921
852 0.000910
853 0.000901
854 0.000888
855 0.000887
856 0.000894
857 0.000892
858 0.000894
859 0.000884
860 0.000885
861 0.000870
862 0.000861
863 0.000855
864 0.000845
865 0.000835
866 0.000814
867 0.000803
868 0.000797
869 0.000789
870 0.000782
871 0.000775
872 0.000764
873 0.000757
874 0.000742
875 0.000733
876 0.000724
877 0.000721
878 0.000705
879 0.000698
880 0.000681
881 0.000668
882 0.000656
883 0.000645
884 0.000641
885 0.000636
886 0.000630
887 0.000615
888 0.000611
889 0.000603
890 0.000586
891 0.000582
892 0.000570
893 0.000564
894 0.000556
895 0.000541
896 0.000535
897 0.000520
898 0.000508
899 0.000498
900 0.000489
901 0.000481
902 0.000465
903 0.000459
904 0.000448
905 0.000436
906 0.000424
907 0.000408
908 0.000405
909 0.000396
910 0.000386
911 0.000380
912 0.000375
913 0.000370
914 0.000354
915 0.000344
916 0.000336
917 0.000335
918 0.000330
919 0.000324
920 0.000329
921 0.000331
922 0.000339
923 0.000345
924 0.000354
925 0.000364
926 0.000374
927 0.000380
928 0.000385
929 0.000393
930 0.000391
931 0.000393
932 0.000388
933 0.000388
934 0.000389
935 0.000391
936 0.000399
937 0.000412
938 0.000419
939 0.000418
940 0.000427
941 0.000427
942 0.000428
943 0.000426
944 0.000435
945 0.000448
946 0.000463
947 0.000463
948 0.000456
949 0.000459
950 0.000454
951 0.000459
952 0.000455
953 0.000453
954 0.000448
955 0.000441
956 0.000430
957 0.000422
958 0.000416
959 0.000408
960 0.000402
961 0.000402
962 0.000397
963 0.000392
964 0.000381
965 0.000369
966 0.000364
967 0.000354
968 0.000350
969 0.000342
970 0.000338
971 0.000334
972 0.000332
973 0.000333
974 0.000331
975 0.000331
976 0.000329
977 0.000329
978 0.000326
979 0.000325
980 0.000326
981 0.000324
982 0.000325
983 0.000327
984 0.000325
985 0.000321
986 0.000315
987 0.000315
988 0.000316
989 0.000315
990 0.000311
991 0.000309
992 0.000305
993 0.000300
994 0.000301
995 0.000294
996 0.000297
997 0.000299
998 0.000297
999 0.000295
1000 0.000290
1001 0.000287
1002 0.000282
1003 0.000282
1004 0.000274
1005 0.000276
1006 0.000272
1007 0.000266
1008 0.000264
1009 0.000261
1010 0.000259
1011 0.000258
1012 0.000258
1013 0.000259
1014 0.000260
1015 0.000252
1016 0.000248
1017 0.000245
1018 0.000242
1019 0.000237
1020 0.000236
1021 0.000233
1022 0.000232
1023 0.000233
1024 0.000228
1025 0.000231
1026 0.000230
1027 0.000228
1028 0.000227
1029 0.000226
1030 0.000225
1031 0.000223
1032 0.000220
1033 0.000217
1034 0.000217
1035 0.000211
1036 0.000206
1037 0.000203
1038 0.000199
1039 0.000194
1040 0.000190
1041 0.000184
1042 0.000181
1043 0.000178
1044 0.000171
1045 0.000166
1046 0.000163
1047 0.000158
1048 0.000153
1049 0.000148
1050 0.000144
1051 0.000140
1052 0.000136
1053 0.000133
1054 0.000133
1055 0.000133
1056 0.000130
1057 0.000128
1058 0.000126
1059 0.000125
1060 0.000122
1061 0.000121
1062 0.000120
1063 0.000121
1064 0.000119
1065 0.000116
1066 0.000116
1067 0.000113
1068 0.000111
1069 0.000106
1070 0.000105
1071 0.000104
1072 0.000103
1073 0.000101
1074 0.000099
1075 0.000099
1076 0.000097
1077 0.000095
1078 0.000093
1079 0.000093
1080 0.000092
1081 0.000092
1082 0.000090
1083 0.000089
1084 0.000088
1085 0.000087
1086 0.000086
1087 0.000084
1088 0.000082
1089 0.000079
1090 0.000077
1091 0.000075
1092 0.000073
1093 0.000073
1094 0.000072
1095 0.000072
1096 0.000070
1097 0.000069
1098 0.000067
1099 0.000066
1100 0.000064
1101 0.000064
1102 0.000063
1103 0.000062
1104 0.000061
1105 0.000060
1106 0.000059
1107 0.000057
1108 0.000057
1109 0.000055
1110 0.000055
1111 0.000055
1112 0.000054
1113 0.000053
1114 0.000052
1115 0.000051
1116 0.000050
1117 0.000049
1118 0.000049
1119 0.000048
1120 0.000048
1121 0.000047
1122 0.000046
1123 0.000045
1124 0.000044
1125 0.000044
1126 0.000043
1127 0.000043
1128 0.000043
1129 0.000042
1130 0.000041
1131 0.000041
1132 0.000041
1133 0.000040
1134 0.000040
1135 0.000039
1136 0.000039
1137 0.000038
1138 0.000037
1139 0.000036
1140 0.000035
1141 0.000035
1142 0.000034
1143 0.000034
1144 0.000033
1145 0.000033
1146 0.000032
1147 0.000031
1148 0.000031
1149 0.000030
1150 0.000030
1151 0.000029
1152 0.000029
1153 0.000029
1154 0.000028
1155 0.000028
1156 0.000028
1157 0.000027
1158 0.000027
1159 0.000027
1160 0.000027
1161 0.000027
1162 0.000027
1163 0.000027
1164 0.000027
1165 0.000027
1166 0.000026
1167 0.000026
1168 0.000026
1169 0.000026
1170 0.000025
1171 0.000024
1172 0.000024
1173 0.000023
1174 0.000023
1175 0.000023
1176 0.000022
1177 0.000022
1178 0.000022
1179 0.000021
1180 0.000021
1181 0.000021
1182 0.000020
1183 0.000019
1184 0.000019
1185 0.000018
1186 0.000018
1187 0.000018
1188 0.000017
1189 0.000017
1190 0.000017
1191 0.000017
1192 0.000017
1193 0.000017
1194 0.000017
1195 0.000017
1196 0.000017
1197 0.000016
1198 0.000016
1199 0.000015
1200 0.000015
1201 0.000015
1202 0.000014
1203 0.000014
1204 0.000014
1205 0.000014
1206 0.000014
1207 0.000014
1208 0.000014
1209 0.000013
1210 0.000013
1211 0.000013
1212 0.000013
1213 0.000013
1214 0.000013
1215 0.000013
1216 0.000013
1217 0.000013
1218 0.000013
1219 0.000013
1220 0.000013
1221 0.000013
1222 0.000012
1223 0.000012
1224 0.000012
1225 0.000012
1226 0.000012
1227 0.000012
1228 0.000012
1229 0.000012
1230 0.000012
1231 0.000012
1232 0.000012
1233 0.000012
1234 0.000012
1235 0.000011
1236 0.000011
1237 0.000011
1238 0.000011
1239 0.000011
1240 0.000011
1241 0.000011
1242 0.000011
1243 0.000011
1244 0.000010
1245 0.000010
1246 0.000010
1247 0.000010
1248 0.000010
1249 0.000010
1250 0.000010
1251 0.000010
1252 0.000010
1253 0.000010
1254 0.000010
1255 0.000009
1256 0.000009
1257 0.000009
1258 0.000009
1259 0.000009
1260 0.000009
1261 0.000009
1262 0.000008
1263 0.000008
1264 0.000008
1265 0.000008
1266 0.000008
1267 0.000007
1268 0.000007
1269 0.000007
1270 0.000007
1271 0.000007
1272 0.000007
1273 0.000007
1274 0.000007
1275 0.000007
1276 0.000007
1277 0.000007
1278 0.000007
1279 0.000006
1280 0.000006
1281 0.000006
1282 0.000006
1283 0.000006
1284 0.000006
1285 0.000006
1286 0.000006
1287 0.000006
1288 0.000006
1289 0.000006
1290 0.000006
1291 0.000006
1292 0.000006
1293 0.000006
1294 0.000006
1295 0.000006
1296 0.000006
1297 0.000006
1298 0.000006
1299 0.000005
1300 0.000005
1301 0.000005
1302 0.000005
1303 0.000005
1304 0.000005
1305 0.000005
1306 0.000005
1307 0.000005
1308 0.000005
1309 0.000005
1310 0.000005
1311 0.000005
1312 0.000004
1313 0.000004
1314 0.000004
1315 0.000004
1316 0.000004
1317 0.000004
1318 0.000004
1319 0.000004
1320 0.000004
1321 0.000003
1322 0.000003
1323 0.000003
1324 0.000003
1325 0.000004
1326 0.000004
1327 0.000004
1328 0.000004
1329 0.000004
1330 0.000004
1331 0.000004
1332 0.000004
1333 0.000003
1334 0.000003
1335 0.000003
1336 0.000003
1337 0.000003
1338 0.000003
1339 0.000003
1340 0.000003
1341 0.000003
1342 0.000003
1343 0.000003
1344 0.000003
1345 0.000003
1346 0.000003
1347 0.000003
1348 0.000003
1349 0.000003
1350 0.000003
1351 0.000003
1352 0.000003
1353 0.000003
1354 0.000003
1355 0.000003
1356 0.000003
1357 0.000003
1358 0.000003
1359 0.000003
1360 0.000003
1361 0.000003
1362 0.000003
1363 0.000003
1364 0.000003
1365 0.000003
1366 0.000003
1367 0.000003
1368 0.000003
1369 0.000003
1370 0.000003
1371 0.000003
1372 0.000003
1373 0.000003
1374 0.000003
1375 0.000003
1376 0.000003
1377 0.000002
1378 0.000002
1379 0.000002
1380 0.000002
1381 0.000002
1382 0.000002
1383 0.000002
1384 0.000002
1385 0.000002
1386 0.000002
1387 0.000002
1388 0.000002
1389 0.000002
1390 0.000002
1391 0.000002
1392 0.000002
1393 0.000002
1394 0.000002
1395 0.000002
1396 0.000002
1397 0.000002
1398 0.000002
1399 0.000002
1400 0.000002
1401 0.000002
1402 0.000002
1403 0.000002
1404 0.000002
1405 0.000001
1406 0.000001
1407 0.000001
1408 0.000001
1409 0.000001
1410 0.000001
1411 0.000001
1412 0.000001
1413 0.000001
1414 0.000001
1415 0.000001
1416 0.000001
1417 0.000001
1418 0.000001
1419 0.000001
1420 0.000001
1421 0.000001
1422 0.000001
1423 0.000001
1424 0.000001
1425 0.000001
1426 0.000001
1427 0.000001
1428 0.000001
1429 0.000001
1430 0.000001
1431 0.000001
1432 0.000001
1433 0.000001
1434 0.000001
1435 0.000001
1436 0.000001
1437 0.000001
1438 0.000001
1439 0.000001
1440 0.000001
1441 0.000001
