#ite residual of mtx/thermal2.mtx
1 42.785891
2 27.508218
3 31.926153
4 30.281445
5 31.151782
6 30.715747
7 31.056864
8 29.405591
9 27.899430
10 19.484871
11 15.416285
12 20.148022
13 17.841176
14 18.488558
15 18.371730
16 17.487605
17 16.438217
18 14.524908
19 12.181941
20 12.186142
21 14.535320
22 12.784089
23 12.989638
24 12.586510
25 11.813336
26 10.908118
27 9.710911
28 9.173913
29 10.259137
30 10.530867
31 9.691345
32 9.836285
33 9.308554
34 8.728274
35 8.045927
36 7.895689
37 7.779801
38 8.755972
39 8.018605
40 7.635513
41 7.783668
42 7.069915
43 7.003729
44 6.563243
45 6.824394
46 6.948339
47 7.296015
48 6.547457
49 6.382849
50 6.477431
51 5.834067
52 5.871312
53 5.772604
54 6.094520
55 6.102991
56 5.948473
57 5.432151
58 5.534227
59 5.319953
60 4.998266
61 5.198764
62 5.126845
63 5.340006
64 5.072530
65 4.858765
66 4.649553
67 4.789436
68 4.549645
69 4.473986
70 4.698218
71 4.603887
72 4.625160
73 4.323560
74 4.166326
75 4.138525
76 4.203406
77 4.009116
78 4.209736
79 4.280145
80 4.144615
81 4.006422
82 3.783421
83 3.825762
84 3.840145
85 3.796079
86 3.753299
87 3.955551
88 3.861069
89 3.678901
90 3.600500
91 3.453675
92 3.523939
93 3.539439
94 3.463604
95 3.485051
96 3.562736
97 3.348707
98 3.252518
99 3.181476
100 3.221339
101 3.262375
102 3.233484
103 3.217767
104 3.236671
105 3.205218
106 2.945751
107 3.014208
108 2.952340
109 3.042846
110 3.054680
111 3.003104
112 3.020069
113 2.966661
114 2.843402
115 2.736752
116 2.845460
117 2.804962
118 2.858313
119 2.805926
120 2.763999
121 2.784415
122 2.704574
123 2.619488
124 2.684757
125 2.761809
126 2.747954
127 2.744455
128 2.652022
129 2.599182
130 2.555070
131 2.481269
132 2.481496
133 2.599144
134 2.578986
135 2.505472
136 2.478992
137 2.412841
138 2.438004
139 2.372093
140 2.347193
141 2.371026
142 2.435186
143 2.362543
144 2.322349
145 2.328026
146 2.269586
147 2.291142
148 2.239729
149 2.263174
150 2.312435
151 2.310135
152 2.225622
153 2.221642
154 2.180284
155 2.140620
156 2.149537
157 2.123462
158 2.175166
159 2.149457
160 2.121540
161 2.051069
162 2.078230
163 2.015408
164 1.989066
165 1.982233
166 1.960825
167 1.997698
168 1.941583
169 1.914647
170 1.868265
171 1.869381
172 1.803519
173 1.801905
174 1.823749
175 1.801354
176 1.821009
177 1.729438
178 1.707158
179 1.680765
180 1.688767
181 1.647646
182 1.656928
183 1.663661
184 1.619761
185 1.613588
186 1.557378
187 1.565706
188 1.561682
189 1.538475
190 1.534870
191 1.540141
192 1.504812
193 1.488870
194 1.439137
195 1.434773
196 1.433082
197 1.420293
198 1.401423
199 1.394140
200 1.401655
201 1.345167
202 1.341117
203 1.309102
204 1.322084
205 1.326640
206 1.303599
207 1.310184
208 1.304865
209 1.271956
210 1.223243
211 1.218041
212 1.198256
213 1.211765
214 1.191192
215 1.175261
216 1.171358
217 1.159948
218 1.125164
219 1.109276
220 1.109034
221 1.095623
222 1.096734
223 1.063177
224 1.057225
225 1.039720
226 1.014154
227 0.994255
228 0.999061
229 1.001363
230 0.997881
231 0.990102
232 0.958562
233 0.965320
234 0.944680
235 0.926305
236 0.927037
237 0.931308
238 0.921782
239 0.897924
240 0.888740
241 0.857084
242 0.858649
243 0.843297
244 0.834468
245 0.842229
246 0.836749
247 0.819250
248 0.787328
249 0.779615
250 0.754114
251 0.748771
252 0.734829
253 0.726399
254 0.729058
255 0.714920
256 0.696589
257 0.689147
258 0.676863
259 0.670376
260 0.660061
261 0.645229
262 0.649510
263 0.636627
264 0.617893
265 0.599208
266 0.597156
267 0.586198
268 0.580769
269 0.576726
270 0.563765
271 0.564179
272 0.547054
273 0.535883
274 0.526777
275 0.518322
276 0.507364
277 0.505624
278 0.498565
279 0.490877
280 0.486768
281 0.464976
282 0.458442
283 0.451649
284 0.445333
285 0.438540
286 0.436025
287 0.430306
288 0.426696
289 0.413949
290 0.396609
291 0.392209
292 0.386533
293 0.379828
294 0.372513
295 0.364802
296 0.353197
297 0.346290
298 0.332750
299 0.325307
300 0.323772
301 0.314937
302 0.309146
303 0.301932
304 0.294674
305 0.284157
306 0.274829
307 0.264745
308 0.262295
309 0.254751
310 0.245209
311 0.239482
312 0.234180
313 0.229011
314 0.223872
315 0.218968
316 0.214517
317 0.208811
318 0.207783
319 0.197197
320 0.198408
321 0.190282
322 0.185849
323 0.181226
324 0.175530
325 0.175177
326 0.171252
327 0.165516
328 0.162714
329 0.157190
330 0.153674
331 0.147582
332 0.144664
333 0.142416
334 0.138927
335 0.135964
336 0.128229
337 0.127424
338 0.121839
339 0.117236
340 0.115313
341 0.111943
342 0.110265
343 0.107470
344 0.102870
345 0.100465
346 0.098061
347 0.095727
348 0.093807
349 0.090923
350 0.087380
351 0.083100
352 0.080093
353 0.075753
354 0.073466
355 0.070538
356 0.067807
357 0.067496
358 0.064748
359 0.062918
360 0.059957
361 0.057548
362 0.055437
363 0.053564
364 0.051664
365 0.050000
366 0.049514
367 0.047262
368 0.045620
369 0.043928
370 0.042224
371 0.041016
372 0.039902
373 0.039038
374 0.038173
375 0.037576
376 0.035490
377 0.034253
378 0.032664
379 0.031712
380 0.030383
381 0.029490
382 0.028176
383 0.027734
384 0.026597
385 0.025451
386 0.024692
387 0.023636
388 0.023018
389 0.022047
390 0.021444
391 0.020436
392 0.019828
393 0.018693
394 0.017692
395 0.017039
396 0.016230
397 0.015746
398 0.014967
399 0.014475
400 0.013919
401 0.013395
402 0.012780
403 0.012339
404 0.012066
405 0.011505
406 0.011080
407 0.010572
408 0.010132
409 0.009758
410 0.009337
411 0.008950
412 0.008725
413 0.008453
414 0.008124
415 0.007861
416 0.007540
417 0.007335
418 0.007043
419 0.006755
420 0.006537
421 0.006466
422 0.006321
423 0.006177
424 0.006061
425 0.005864
426 0.005758
427 0.005635
428 0.005550
429 0.005551
430 0.005508
431 0.005396
432 0.005334
433 0.005244
434 0.005158
435 0.005054
436 0.004958
437 0.004909
438 0.004801
439 0.004568
440 0.004383
441 0.004376
442 0.004217
443 0.004119
444 0.004159
445 0.003979
446 0.004071
447 0.003912
448 0.003868
449 0.003836
450 0.003660
451 0.003648
452 0.003505
453 0.003495
454 0.003439
455 0.003320
456 0.003232
457 0.003073
458 0.003056
459 0.002914
460 0.002839
461 0.002716
462 0.002597
463 0.002494
464 0.002369
465 0.002278
466 0.002192
467 0.002138
468 0.002043
469 0.001954
470 0.001917
471 0.001837
472 0.001828
473 0.001685
474 0.001646
475 0.001571
476 0.001504
477 0.001460
478 0.001395
479 0.001347
480 0.001272
481 0.001218
482 0.001163
483 0.001119
484 0.001070
485 0.001025
486 0.000988
487 0.000956
488 0.000907
489 0.000864
490 0.000832
491 0.000801
492 0.000782
493 0.000752
494 0.000731
495 0.000709
496 0.000678
497 0.000647
498 0.000630
499 0.000616
500 0.000601
501 0.000586
502 0.000557
503 0.000528
504 0.000488
505 0.000478
506 0.000438
507 0.000433
508 0.000410
509 0.000388
510 0.000387
511 0.000361
512 0.000358
513 0.000334
514 0.000320
515 0.000308
516 0.000299
517 0.000292
518 0.000280
519 0.000272
520 0.000259
521 0.000252
522 0.000239
523 0.000232
524 0.000229
525 0.000224
526 0.000219
527 0.000213
528 0.000207
529 0.000202
530 0.000195
531 0.000192
532 0.000189
533 0.000190
534 0.000188
535 0.000186
536 0.000186
537 0.000183
538 0.000181
539 0.000179
540 0.000179
541 0.000180
542 0.000182
543 0.000183
544 0.000185
545 0.000188
546 0.000189
547 0.000192
548 0.000193
549 0.000199
550 0.000205
551 0.000207
552 0.000212
553 0.000217
554 0.000223
555 0.000228
556 0.000235
557 0.000242
558 0.000251
559 0.000257
560 0.000260
561 0.000269
562 0.000277
563 0.000281
564 0.000290
565 0.000295
566 0.000305
567 0.000312
568 0.000319
569 0.000326
570 0.000333
571 0.000338
572 0.000336
573 0.000343
574 0.000345
575 0.000348
576 0.000348
577 0.000341
578 0.000338
579 0.000331
580 0.000325
581 0.000316
582 0.000311
583 0.000298
584 0.000285
585 0.000270
586 0.000255
587 0.000244
588 0.000228
589 0.000214
590 0.000200
591 0.000187
592 0.000173
593 0.000161
594 0.000149
595 0.000138
596 0.000130
597 0.000120
598 0.000113
599 0.000106
600 0.000099
601 0.000092
602 0.000086
603 0.000080
604 0.000076
605 0.000072
606 0.000068
607 0.000065
608 0.000061
609 0.000058
610 0.000055
611 0.000054
612 0.000053
613 0.000052
614 0.000051
615 0.000051
616 0.000051
617 0.000052
618 0.000052
619 0.000054
620 0.000055
621 0.000057
622 0.000060
623 0.000061
624 0.000063
625 0.000066
626 0.000069
627 0.000072
628 0.000076
629 0.000079
630 0.000081
631 0.000083
632 0.000083
633 0.000083
634 0.000079
635 0.000076
636 0.000073
637 0.000068
638 0.000063
639 0.000057
640 0.000052
641 0.000047
642 0.000043
643 0.000038
644 0.000035
645 0.000032
646 0.000030
647 0.000029
648 0.000028
649 0.000028
650 0.000030
651 0.000032
652 0.000035
653 0.000039
654 0.000043
655 0.000047
656 0.000050
657 0.000051
658 0.000050
659 0.000047
660 0.000044
661 0.000039
662 0.000036
663 0.000034
664 0.000032
665 0.000032
666 0.000033
667 0.000034
668 0.000035
669 0.000035
670 0.000034
671 0.000033
672 0.000031
673 0.000030
674 0.000029
675 0.000030
676 0.000031
677 0.000031
678 0.000031
679 0.000030
680 0.000029
681 0.000028
682 0.000027
683 0.000027
684 0.000027
685 0.000027
686 0.000026
687 0.000025
688 0.000024
689 0.000023
690 0.000023
691 0.000022
692 0.000022
693 0.000021
694 0.000021
695 0.000020
696 0.000020
697 0.000020
698 0.000019
699 0.000019
700 0.000019
701 0.000018
702 0.000018
703 0.000017
704 0.000017
705 0.000017
706 0.000016
707 0.000016
708 0.000016
709 0.000016
710 0.000015
711 0.000015
712 0.000015
713 0.000015
714 0.000015
715 0.000014
716 0.000014
717 0.000014
718 0.000014
719 0.000014
720 0.000014
721 0.000014
722 0.000013
723 0.000013
724 0.000013
725 0.000013
726 0.000013
727 0.000012
728 0.000012
729 0.000012
730 0.000012
731 0.000012
732 0.000012
733 0.000012
734 0.000012
735 0.000012
736 0.000011
737 0.000011
738 0.000011
739 0.000011
740 0.000011
741 0.000011
742 0.000011
743 0.000011
744 0.000011
745 0.000010
746 0.000010
747 0.000010
748 0.000010
749 0.000010
750 0.000010
751 0.000009
752 0.000009
753 0.000009
754 0.000009
755 0.000009
756 0.000008
757 0.000008
758 0.000008
759 0.000008
760 0.000008
761 0.000008
762 0.000008
763 0.000008
764 0.000008
765 0.000008
766 0.000008
767 0.000008
768 0.000008
769 0.000008
770 0.000008
771 0.000009
772 0.000009
773 0.000009
774 0.000009
775 0.000009
776 0.000009
777 0.000010
778 0.000010
779 0.000010
780 0.000010
781 0.000010
782 0.000010
783 0.000009
784 0.000009
785 0.000009
786 0.000009
787 0.000008
788 0.000008
789 0.000008
790 0.000008
791 0.000007
792 0.000007
793 0.000007
794 0.000007
795 0.000007
796 0.000007
797 0.000007
798 0.000007
799 0.000007
800 0.000006
801 0.000006
802 0.000006
803 0.000006
804 0.000006
805 0.000005
806 0.000005
807 0.000005
808 0.000005
809 0.000005
810 0.000004
811 0.000004
812 0.000004
813 0.000004
814 0.000004
815 0.000004
816 0.000004
817 0.000004
818 0.000004
819 0.000004
820 0.000004
821 0.000004
822 0.000003
823 0.000003
824 0.000003
825 0.000003
826 0.000003
827 0.000003
828 0.000003
829 0.000003
830 0.000003
831 0.000003
832 0.000003
833 0.000002
834 0.000002
835 0.000002
836 0.000002
837 0.000002
838 0.000002
839 0.000002
840 0.000002
841 0.000002
842 0.000002
843 0.000002
844 0.000002
845 0.000001
846 0.000001
847 0.000001
848 0.000001
849 0.000001
850 0.000001
851 0.000001
852 0.000001
853 0.000001
854 0.000001
855 0.000001
856 0.000001
