#ite residual of mtx/thermal2.mtx
1 42.785401
2 27.508056
3 31.925962
4 30.281293
5 31.151976
6 30.716020
7 31.056671
8 29.406680
9 27.899035
10 19.486079
11 15.415633
12 20.148128
13 17.841329
14 18.489750
15 18.372366
16 17.488112
17 16.438590
18 14.524952
19 12.182216
20 12.185678
21 14.536072
22 12.783707
23 12.989392
24 12.586166
25 11.812516
26 10.905507
27 9.709576
28 9.172136
29 10.259032
30 10.531679
31 9.690991
32 9.835483
33 9.306459
34 8.726177
35 8.042166
36 7.894323
37 7.779170
38 8.755653
39 8.019623
40 7.635997
41 7.783688
42 7.068780
43 7.002718
44 6.562214
45 6.825881
46 6.949866
47 7.297779
48 6.548425
49 6.383707
50 6.477137
51 5.833718
52 5.870952
53 5.771365
54 6.093074
55 6.100757
56 5.945386
57 5.428636
58 5.533711
59 5.316525
60 4.997973
61 5.199382
62 5.129325
63 5.342493
64 5.074718
65 4.859920
66 4.648465
67 4.787311
68 4.546994
69 4.473603
70 4.697271
71 4.604868
72 4.624485
73 4.323573
74 4.166730
75 4.139042
76 4.205547
77 4.012046
78 4.205718
79 4.283768
80 4.146389
81 4.012296
82 3.781544
83 3.824733
84 3.833923
85 3.791729
86 3.732656
87 3.926170
88 3.827469
89 3.690071
90 3.624434
91 3.473846
92 3.535787
93 3.541163
94 3.466869
95 3.482804
96 3.561718
97 3.356749
98 3.251364
99 3.184696
100 3.220586
101 3.263622
102 3.234876
103 3.216120
104 3.236113
105 3.205083
106 2.944301
107 3.008309
108 2.946144
109 3.032143
110 3.045747
111 2.994289
112 3.008429
113 2.956660
114 2.843373
115 2.723505
116 2.836915
117 2.795336
118 2.851269
119 2.801129
120 2.757883
121 2.780699
122 2.699571
123 2.614151
124 2.668356
125 2.741895
126 2.725470
127 2.737005
128 2.664067
129 2.617994
130 2.570346
131 2.485835
132 2.481662
133 2.591854
134 2.577671
135 2.500762
136 2.475515
137 2.410725
138 2.436152
139 2.372706
140 2.347118
141 2.371444
142 2.437228
143 2.366649
144 2.324275
145 2.329461
146 2.269163
147 2.290930
148 2.241097
149 2.262958
150 2.314848
151 2.313837
152 2.233172
153 2.226335
154 2.190249
155 2.150194
156 2.159576
157 2.136037
158 2.178130
159 2.157916
160 2.119332
161 2.037570
162 2.058487
163 2.002574
164 2.001884
165 2.010791
166 1.980167
167 1.997977
168 1.927587
169 1.891099
170 1.846535
171 1.855221
172 1.796522
173 1.809131
174 1.834845
175 1.817064
176 1.839969
177 1.746151
178 1.720001
179 1.688318
180 1.696649
181 1.653085
182 1.662138
183 1.672251
184 1.624031
185 1.625542
186 1.559055
187 1.571135
188 1.562763
189 1.543733
190 1.538694
191 1.541405
192 1.515512
193 1.489510
194 1.445272
195 1.432507
196 1.432733
197 1.422194
198 1.400555
199 1.394481
200 1.403444
201 1.346782
202 1.342219
203 1.308641
204 1.319426
205 1.322821
206 1.297880
207 1.303646
208 1.299841
209 1.270270
210 1.223847
211 1.219800
212 1.199576
213 1.212386
214 1.192867
215 1.175417
216 1.172364
217 1.160756
218 1.126327
219 1.109191
220 1.109416
221 1.095789
222 1.096981
223 1.063709
224 1.057213
225 1.040393
226 1.014998
227 0.995220
228 1.000076
229 1.003105
230 0.999258
231 0.991672
232 0.957425
233 0.962037
234 0.939754
235 0.919778
236 0.920205
237 0.926469
238 0.922582
239 0.904356
240 0.893926
241 0.857107
242 0.853167
243 0.830649
244 0.814967
245 0.825265
246 0.832359
247 0.829613
248 0.809804
249 0.797489
250 0.764878
251 0.753501
252 0.736736
253 0.726525
254 0.729340
255 0.714461
256 0.696762
257 0.688155
258 0.676405
259 0.669334
260 0.659349
261 0.644510
262 0.648243
263 0.636865
264 0.617862
265 0.599109
266 0.597107
267 0.586451
268 0.580641
269 0.576328
270 0.563183
271 0.563427
272 0.547118
273 0.535603
274 0.526689
275 0.518313
276 0.507175
277 0.505282
278 0.498557
279 0.490216
280 0.486832
281 0.464673
282 0.457940
283 0.451012
284 0.444681
285 0.437334
286 0.434019
287 0.426562
288 0.420800
289 0.406244
290 0.391159
291 0.389231
292 0.384071
293 0.378526
294 0.371788
295 0.365209
296 0.355127
297 0.349649
298 0.336955
299 0.327885
300 0.325837
301 0.316109
302 0.310026
303 0.302367
304 0.295304
305 0.284759
306 0.275529
307 0.265495
308 0.262672
309 0.255592
310 0.246089
311 0.240539
312 0.234316
313 0.228407
314 0.224194
315 0.219467
316 0.216379
317 0.209898
318 0.207976
319 0.196795
320 0.197695
321 0.190110
322 0.185508
323 0.180732
324 0.175164
325 0.175065
326 0.170495
327 0.165380
328 0.162293
329 0.157153
330 0.153676
331 0.147533
332 0.144790
333 0.142166
334 0.138683
335 0.135746
336 0.128392
337 0.127636
338 0.122190
339 0.117709
340 0.115644
341 0.112206
342 0.110464
343 0.107387
344 0.103075
345 0.100249
346 0.097071
347 0.093628
348 0.091636
349 0.089800
350 0.088927
351 0.085224
352 0.081837
353 0.076994
354 0.074198
355 0.071008
356 0.068296
357 0.067749
358 0.065053
359 0.063125
360 0.060251
361 0.058019
362 0.055929
363 0.054091
364 0.052249
365 0.050406
366 0.049982
367 0.047554
368 0.045958
369 0.044284
370 0.042712
371 0.041476
372 0.040268
373 0.039424
374 0.038294
375 0.037710
376 0.035654
377 0.034357
378 0.032790
379 0.031774
380 0.030458
381 0.029630
382 0.028373
383 0.027856
384 0.026663
385 0.025429
386 0.024632
387 0.023561
388 0.022943
389 0.022096
390 0.021648
391 0.020623
392 0.019838
393 0.018662
394 0.017621
395 0.016943
396 0.016125
397 0.015602
398 0.014855
399 0.014360
400 0.013801
401 0.013213
402 0.012536
403 0.011968
404 0.011657
405 0.011111
406 0.010673
407 0.010176
408 0.009722
409 0.009316
410 0.008870
411 0.008418
412 0.008150
413 0.007820
414 0.007519
415 0.007251
416 0.006956
417 0.006766
418 0.006467
419 0.006204
420 0.006013
421 0.005887
422 0.005695
423 0.005502
424 0.005351
425 0.005128
426 0.004997
427 0.004858
428 0.004748
429 0.004713
430 0.004627
431 0.004517
432 0.004428
433 0.004332
434 0.004237
435 0.004123
436 0.004027
437 0.003958
438 0.003855
439 0.003651
440 0.003491
441 0.003480
442 0.003320
443 0.003266
444 0.003264
445 0.003132
446 0.003199
447 0.003062
448 0.003056
449 0.003013
450 0.002898
451 0.002890
452 0.002779
453 0.002786
454 0.002741
455 0.002665
456 0.002627
457 0.002535
458 0.002540
459 0.002421
460 0.002367
461 0.002279
462 0.002210
463 0.002154
464 0.002073
465 0.002015
466 0.001944
467 0.001902
468 0.001832
469 0.001784
470 0.001774
471 0.001727
472 0.001745
473 0.001631
474 0.001628
475 0.001572
476 0.001540
477 0.001522
478 0.001487
479 0.001475
480 0.001425
481 0.001407
482 0.001383
483 0.001375
484 0.001360
485 0.001350
486 0.001354
487 0.001363
488 0.001353
489 0.001349
490 0.001361
491 0.001370
492 0.001402
493 0.001411
494 0.001438
495 0.001460
496 0.001480
497 0.001485
498 0.001524
499 0.001564
500 0.001606
501 0.001647
502 0.001649
503 0.001653
504 0.001611
505 0.001662
506 0.001611
507 0.001706
508 0.001634
509 0.001705
510 0.001751
511 0.001727
512 0.001815
513 0.001757
514 0.001782
515 0.001768
516 0.001790
517 0.001825
518 0.001809
519 0.001836
520 0.001813
521 0.001818
522 0.001804
523 0.001789
524 0.001819
525 0.001792
526 0.001782
527 0.001741
528 0.001709
529 0.001685
530 0.001632
531 0.001611
532 0.001577
533 0.001575
534 0.001525
535 0.001498
536 0.001471
537 0.001426
538 0.001392
539 0.001340
540 0.001307
541 0.001273
542 0.001242
543 0.001202
544 0.001162
545 0.001137
546 0.001083
547 0.001049
548 0.001001
549 0.000975
550 0.000949
551 0.000904
552 0.000874
553 0.000839
554 0.000810
555 0.000774
556 0.000750
557 0.000716
558 0.000694
559 0.000663
560 0.000625
561 0.000603
562 0.000575
563 0.000548
564 0.000521
565 0.000498
566 0.000478
567 0.000462
568 0.000449
569 0.000429
570 0.000422
571 0.000410
572 0.000402
573 0.000400
574 0.000401
575 0.000400
576 0.000405
577 0.000405
578 0.000416
579 0.000425
580 0.000433
581 0.000440
582 0.000452
583 0.000465
584 0.000475
585 0.000488
586 0.000502
587 0.000523
588 0.000538
589 0.000553
590 0.000567
591 0.000584
592 0.000587
593 0.000597
594 0.000601
595 0.000602
596 0.000613
597 0.000605
598 0.000609
599 0.000601
600 0.000596
601 0.000574
602 0.000560
603 0.000533
604 0.000512
605 0.000484
606 0.000459
607 0.000437
608 0.000408
609 0.000377
610 0.000346
611 0.000320
612 0.000292
613 0.000269
614 0.000244
615 0.000223
616 0.000204
617 0.000186
618 0.000170
619 0.000157
620 0.000148
621 0.000140
622 0.000135
623 0.000130
624 0.000129
625 0.000132
626 0.000138
627 0.000148
628 0.000161
629 0.000176
630 0.000188
631 0.000192
632 0.000179
633 0.000200
634 0.000184
635 0.000208
636 0.000182
637 0.000204
638 0.000192
639 0.000183
640 0.000177
641 0.000155
642 0.000149
643 0.000125
644 0.000116
645 0.000099
646 0.000088
647 0.000078
648 0.000069
649 0.000064
650 0.000059
651 0.000059
652 0.000059
653 0.000063
654 0.000067
655 0.000072
656 0.000076
657 0.000080
658 0.000083
659 0.000081
660 0.000078
661 0.000071
662 0.000066
663 0.000060
664 0.000056
665 0.000055
666 0.000054
667 0.000056
668 0.000058
669 0.000059
670 0.000059
671 0.000057
672 0.000054
673 0.000051
674 0.000051
675 0.000051
676 0.000053
677 0.000055
678 0.000056
679 0.000056
680 0.000055
681 0.000053
682 0.000053
683 0.000054
684 0.000055
685 0.000056
686 0.000055
687 0.000055
688 0.000053
689 0.000053
690 0.000052
691 0.000052
692 0.000052
693 0.000050
694 0.000051
695 0.000050
696 0.000051
697 0.000051
698 0.000050
699 0.000050
700 0.000050
701 0.000049
702 0.000049
703 0.000048
704 0.000049
705 0.000047
706 0.000047
707 0.000046
708 0.000045
709 0.000045
710 0.000045
711 0.000044
712 0.000044
713 0.000043
714 0.000043
715 0.000042
716 0.000042
717 0.000042
718 0.000041
719 0.000041
720 0.000041
721 0.000041
722 0.000041
723 0.000040
724 0.000040
725 0.000039
726 0.000039
727 0.000038
728 0.000038
729 0.000037
730 0.000036
731 0.000036
732 0.000036
733 0.000036
734 0.000036
735 0.000036
736 0.000036
737 0.000036
738 0.000036
739 0.000036
740 0.000036
741 0.000036
742 0.000036
743 0.000036
744 0.000036
745 0.000036
746 0.000036
747 0.000035
748 0.000034
749 0.000034
750 0.000034
751 0.000033
752 0.000032
753 0.000031
754 0.000030
755 0.000029
756 0.000028
757 0.000028
758 0.000026
759 0.000025
760 0.000024
761 0.000023
762 0.000022
763 0.000021
764 0.000020
765 0.000019
766 0.000019
767 0.000018
768 0.000017
769 0.000016
770 0.000016
771 0.000015
772 0.000015
773 0.000015
774 0.000015
775 0.000015
776 0.000015
777 0.000015
778 0.000014
779 0.000014
780 0.000014
781 0.000014
782 0.000014
783 0.000013
784 0.000013
785 0.000013
786 0.000012
787 0.000012
788 0.000011
789 0.000011
790 0.000010
791 0.000010
792 0.000010
793 0.000010
794 0.000009
795 0.000009
796 0.000009
797 0.000009
798 0.000009
799 0.000009
800 0.000009
801 0.000008
802 0.000008
803 0.000008
804 0.000008
805 0.000008
806 0.000008
807 0.000008
808 0.000008
809 0.000007
810 0.000007
811 0.000007
812 0.000007
813 0.000007
814 0.000007
815 0.000007
816 0.000007
817 0.000007
818 0.000007
819 0.000006
820 0.000006
821 0.000006
822 0.000006
823 0.000006
824 0.000006
825 0.000006
826 0.000006
827 0.000006
828 0.000006
829 0.000006
830 0.000006
831 0.000006
832 0.000006
833 0.000005
834 0.000005
835 0.000005
836 0.000005
837 0.000005
838 0.000005
839 0.000005
840 0.000005
841 0.000005
842 0.000005
843 0.000005
844 0.000005
845 0.000005
846 0.000005
847 0.000005
848 0.000004
849 0.000004
850 0.000004
851 0.000004
852 0.000004
853 0.000004
854 0.000004
855 0.000004
856 0.000004
857 0.000003
858 0.000003
859 0.000003
860 0.000003
861 0.000003
862 0.000003
863 0.000003
864 0.000003
865 0.000003
866 0.000003
867 0.000003
868 0.000003
869 0.000003
870 0.000003
871 0.000003
872 0.000003
873 0.000003
874 0.000003
875 0.000002
876 0.000002
877 0.000002
878 0.000002
879 0.000002
880 0.000002
881 0.000002
882 0.000002
883 0.000002
884 0.000002
885 0.000002
886 0.000002
887 0.000002
888 0.000002
889 0.000002
890 0.000002
891 0.000002
892 0.000002
893 0.000002
894 0.000002
895 0.000002
896 0.000002
897 0.000002
898 0.000002
899 0.000002
900 0.000002
901 0.000002
902 0.000002
903 0.000002
904 0.000002
905 0.000002
906 0.000002
907 0.000002
908 0.000002
909 0.000002
910 0.000002
911 0.000002
912 0.000002
913 0.000002
914 0.000001
915 0.000001
916 0.000001
917 0.000001
918 0.000001
919 0.000001
920 0.000001
921 0.000001
922 0.000001
923 0.000001
924 0.000001
925 0.000001
926 0.000001
927 0.000001
928 0.000001
929 0.000001
930 0.000001
931 0.000001
932 0.000001
933 0.000001
934 0.000001
935 0.000001
936 0.000001
937 0.000001
938 0.000001
939 0.000001
940 0.000001
941 0.000001
942 0.000001
943 0.000001
944 0.000001
945 0.000001
946 0.000001
947 0.000001
948 0.000001
949 0.000001
950 0.000001
951 0.000001
