#ite residual of mtx/thermal2.mtx
1 5.645810
2 17.976612
3 23.645356
4 32.655464
5 35.783978
6 36.725231
7 38.805993
8 37.711429
9 38.842447
10 37.310296
11 37.621648
12 37.218106
13 37.080149
14 37.042373
15 36.831565
16 37.320528
17 36.874408
18 36.903092
19 36.535757
20 36.159158
21 36.309314
22 35.760376
23 36.250607
24 36.045608
25 36.069961
26 36.173694
27 36.080668
28 36.328436
29 36.042370
30 36.441816
31 36.135311
32 36.188560
33 36.102901
34 36.040756
35 36.254129
36 35.824708
37 35.980272
38 35.528983
39 35.625368
40 35.469019
41 35.485676
42 35.490028
43 35.319195
44 35.406015
45 35.119960
46 34.993766
47 35.002265
48 34.851878
49 34.962003
50 34.707710
51 34.558997
52 34.554452
53 34.390262
54 34.587511
55 34.555677
56 35.085433
57 35.007230
58 35.087763
59 34.986763
60 34.789215
61 34.873272
62 34.885441
63 34.992481
64 35.035931
65 35.307241
66 35.021205
67 34.802492
68 34.525053
69 34.023796
70 33.985477
71 33.708769
72 33.513502
73 33.276478
74 33.118414
75 33.338787
76 32.997478
77 32.991027
78 32.956219
79 32.797095
80 32.653980
81 32.613288
82 32.706391
83 32.422530
84 32.496849
85 32.501205
86 32.467915
87 32.555760
88 32.507620
89 32.564104
90 32.456360
91 32.455678
92 32.626327
93 32.448054
94 32.430566
95 32.286194
96 32.261463
97 32.183607
98 32.135565
99 32.233495
100 32.035179
101 32.100197
102 32.284085
103 32.294875
104 32.423278
105 32.275516
106 31.910089
107 31.576541
108 31.514922
109 31.210802
110 31.068933
111 30.834080
112 30.640774
113 30.752934
114 30.785321
115 30.912083
116 30.691739
117 30.516571
118 30.555118
119 30.568966
120 30.744353
121 30.693289
122 30.623041
123 30.703330
124 30.415094
125 30.254464
126 30.033242
127 30.137546
128 30.193686
129 30.178191
130 30.387197
131 30.330585
132 30.251135
133 30.034185
134 29.837854
135 29.817201
136 29.638288
137 29.510839
138 29.375391
139 29.196947
140 29.253425
141 29.403322
142 29.742969
143 29.715436
144 29.513899
145 29.322317
146 29.166010
147 29.304928
148 29.440904
149 29.666949
150 29.682470
151 29.833111
152 29.820919
153 29.548220
154 29.413904
155 29.340108
156 29.173996
157 28.900679
158 28.686244
159 28.563124
160 28.593922
161 28.508387
162 28.474176
163 28.330955
164 28.197625
165 27.965706
166 27.901929
167 27.957939
168 28.098388
169 27.983701
170 28.124998
171 27.993173
172 27.893675
173 27.752696
174 27.517845
175 27.550698
176 27.592450
177 27.423631
178 27.416907
179 27.534609
180 27.538283
181 27.516206
182 27.729403
183 27.854757
184 27.870036
185 27.751958
186 27.611839
187 27.693074
188 27.667371
189 27.671537
190 27.462466
191 27.152910
192 26.766840
193 26.607879
194 26.723532
195 26.610911
196 26.700265
197 26.510507
198 26.423300
199 26.303592
200 26.239632
201 26.188115
202 26.021406
203 26.194689
204 26.382758
205 26.263875
206 26.153420
207 25.910352
208 25.818116
209 25.602730
210 25.588205
211 25.544453
212 25.584786
213 25.599959
214 25.680668
215 25.668019
216 25.608356
217 25.591203
218 25.518416
219 25.317963
220 25.258433
221 25.198407
222 25.196501
223 25.095122
224 25.045560
225 25.043070
226 24.921572
227 24.979203
228 24.804774
229 24.657915
230 24.598549
231 24.447504
232 24.378386
233 24.225619
234 24.214310
235 24.174793
236 24.151706
237 24.213287
238 24.285860
239 24.476022
240 24.447160
241 24.250877
242 24.058353
243 23.857427
244 23.840602
245 23.861080
246 23.864728
247 23.761899
248 23.686983
249 23.687291
250 23.662555
251 23.511538
252 23.319059
253 23.315197
254 23.311703
255 23.336431
256 23.202747
257 23.176407
258 23.279952
259 23.226537
260 23.129257
261 23.105736
262 23.070460
263 23.218201
264 23.327628
265 23.170542
266 22.890840
267 22.756398
268 22.610394
269 22.372925
270 22.285184
271 22.267044
272 22.167339
273 21.998879
274 22.073339
275 22.413846
276 22.672701
277 22.812148
278 22.761688
279 22.384890
280 22.042665
281 21.714996
282 21.636218
283 21.549100
284 21.436583
285 21.371439
286 21.283564
287 21.319292
288 21.205504
289 21.214137
290 21.135085
291 21.045897
292 20.875863
293 20.708596
294 20.676655
295 20.662648
296 20.711128
297 20.722862
298 20.768838
299 20.721211
300 20.690259
301 20.643550
302 20.568191
303 20.537173
304 20.396838
305 20.315159
306 20.117449
307 20.081399
308 20.285864
309 20.236943
310 20.142101
311 19.998575
312 19.862815
313 19.733427
314 19.690525
315 19.783219
316 19.789639
317 19.816691
318 19.840038
319 19.760477
320 19.611746
321 19.501994
322 19.401681
323 19.339110
324 19.339405
325 19.318893
326 19.239596
327 19.139095
328 19.050912
329 19.061485
330 19.053781
331 18.995835
332 18.888486
333 18.688568
334 18.525543
335 18.442431
336 18.417572
337 18.489001
338 18.512322
339 18.563676
340 18.539811
341 18.358052
342 18.279486
343 18.207747
344 18.154284
345 18.286411
346 18.492467
347 18.617614
348 18.511342
349 18.177522
350 17.910634
351 17.709803
352 17.724790
353 17.703770
354 17.599620
355 17.596028
356 17.562663
357 17.563179
358 17.423597
359 17.314866
360 17.184544
361 17.080283
362 16.891263
363 16.751421
364 16.695239
365 16.755754
366 16.913457
367 16.876709
368 16.810578
369 16.762370
370 16.680794
371 16.650549
372 16.581934
373 16.544307
374 16.562277
375 16.551897
376 16.437003
377 16.365590
378 16.286366
379 16.154503
380 16.084593
381 15.982021
382 15.987786
383 15.953798
384 15.875363
385 15.802540
386 15.738422
387 15.758114
388 15.748327
389 15.765158
390 15.776040
391 15.858827
392 15.942768
393 15.802274
394 15.650706
395 15.557791
396 15.377905
397 15.231992
398 15.146435
399 15.107169
400 15.070765
401 15.043095
402 15.039495
403 14.910646
404 14.842306
405 14.690202
406 14.595662
407 14.531851
408 14.446887
409 14.343917
410 14.419603
411 14.398770
412 14.373613
413 14.340158
414 14.302159
415 14.264036
416 14.129429
417 14.073340
418 14.046199
419 14.001386
420 13.953496
421 13.813806
422 13.729628
423 13.660862
424 13.603360
425 13.624422
426 13.685172
427 13.672531
428 13.611887
429 13.598476
430 13.459677
431 13.300237
432 13.250506
433 13.234600
434 13.319911
435 13.246072
436 13.111783
437 12.993154
438 12.895636
439 12.793564
440 12.740911
441 12.702785
442 12.589820
443 12.574928
444 12.530926
445 12.491626
446 12.447216
447 12.362299
448 12.320815
449 12.284284
450 12.212793
451 12.209152
452 12.172390
453 12.131233
454 12.075609
455 12.016361
456 11.898925
457 11.788414
458 11.771454
459 11.791396
460 11.691555
461 11.555717
462 11.451900
463 11.425787
464 11.375828
465 11.336885
466 11.301880
467 11.241426
468 11.235508
469 11.137975
470 11.087269
471 10.971620
472 10.926251
473 10.937177
474 10.834812
475 10.787596
476 10.749141
477 10.667437
478 10.608433
479 10.576146
480 10.525046
481 10.467028
482 10.397085
483 10.354188
484 10.286076
485 10.234927
486 10.173408
487 10.112891
488 10.038433
489 10.019950
490 9.975643
491 9.924706
492 9.825415
493 9.710442
494 9.608400
495 9.556651
496 9.512413
497 9.456690
498 9.460473
499 9.448763
500 9.511180
501 9.584422
502 9.544769
503 9.412103
504 9.233995
505 9.123603
506 9.104699
507 9.148948
508 9.167113
509 9.080472
510 9.005043
511 8.872693
512 8.730791
513 8.628124
514 8.560973
515 8.514356
516 8.406398
517 8.288253
518 8.252330
519 8.242329
520 8.215412
521 8.173568
522 8.104709
523 8.010221
524 7.969922
525 7.937749
526 7.907164
527 7.852109
528 7.771309
529 7.674399
530 7.586003
531 7.496320
532 7.472301
533 7.450022
534 7.405646
535 7.325641
536 7.268046
537 7.205564
538 7.128956
539 7.061562
540 7.030312
541 6.992528
542 6.987182
543 6.966121
544 6.923572
545 6.899978
546 6.842212
547 6.771788
548 6.698404
549 6.600057
550 6.494646
551 6.432428
552 6.401561
553 6.357097
554 6.278023
555 6.215155
556 6.120211
557 6.035076
558 6.009203
559 5.959784
560 5.884307
561 5.866240
562 5.831078
563 5.804841
564 5.757745
565 5.719759
566 5.649074
567 5.598626
568 5.551972
569 5.503531
570 5.458102
571 5.410938
572 5.344235
573 5.276744
574 5.169177
575 5.108187
576 5.049666
577 5.018580
578 4.982682
579 4.908745
580 4.806554
581 4.755343
582 4.726093
583 4.661737
584 4.600300
585 4.542671
586 4.472653
587 4.419413
588 4.376026
589 4.362648
590 4.361651
591 4.286000
592 4.187183
593 4.097230
594 4.055149
595 4.005301
596 3.920138
597 3.871683
598 3.821194
599 3.772213
600 3.738624
601 3.698575
602 3.659617
603 3.604754
604 3.551400
605 3.490011
606 3.454799
607 3.424079
608 3.382205
609 3.317467
610 3.241339
611 3.166674
612 3.084454
613 3.016306
614 2.933236
615 2.853523
616 2.796623
617 2.744825
618 2.697301
619 2.653034
620 2.602064
621 2.547943
622 2.504828
623 2.455540
624 2.416370
625 2.380982
626 2.319665
627 2.265360
628 2.199149
629 2.128704
630 2.066276
631 1.994487
632 1.921460
633 1.867577
634 1.825285
635 1.768943
636 1.709430
637 1.655237
638 1.600590
639 1.537104
640 1.479526
641 1.421561
642 1.358310
643 1.295792
644 1.238331
645 1.181028
646 1.122455
647 1.060187
648 1.005515
649 0.958105
650 0.900609
651 0.846077
652 0.791581
653 0.735847
654 0.679799
655 0.626339
656 0.571697
657 0.517199
658 0.466345
659 0.415494
660 0.365111
661 0.318273
662 0.275988
663 0.238266
664 0.202062
665 0.170042
666 0.143201
667 0.121215
668 0.103633
669 0.090423
670 0.080752
671 0.074280
672 0.070332
673 0.068496
674 0.068853
675 0.070465
676 0.071998
677 0.072447
678 0.071104
679 0.068423
680 0.065023
681 0.061904
682 0.060262
683 0.059600
684 0.059793
685 0.060266
686 0.060304
687 0.059657
688 0.058009
689 0.056356
690 0.054860
691 0.053945
692 0.053472
693 0.053430
694 0.053328
695 0.052431
696 0.051727
697 0.051426
698 0.051340
699 0.051029
700 0.050703
701 0.050130
702 0.049362
703 0.048628
704 0.048150
705 0.047451
706 0.046697
707 0.046038
708 0.045262
709 0.044429
710 0.043760
711 0.042931
712 0.042226
713 0.041914
714 0.041449
715 0.040913
716 0.040594
717 0.040467
718 0.040413
719 0.040388
720 0.040234
721 0.040041
722 0.039740
723 0.039487
724 0.039475
725 0.039422
726 0.039175
727 0.038859
728 0.038641
729 0.038439
730 0.038328
731 0.038058
732 0.037695
733 0.037422
734 0.037018
735 0.036780
736 0.036524
737 0.036470
738 0.036679
739 0.037173
740 0.037808
741 0.037910
742 0.037740
743 0.037245
744 0.036940
745 0.036684
746 0.036351
747 0.035868
748 0.035436
749 0.035091
750 0.034652
751 0.034118
752 0.033744
753 0.033484
754 0.032857
755 0.032084
756 0.031290
757 0.030714
758 0.030326
759 0.029855
760 0.029227
761 0.028455
762 0.027841
763 0.027330
764 0.026850
765 0.026542
766 0.026166
767 0.025981
768 0.025694
769 0.025205
770 0.024677
771 0.024220
772 0.023906
773 0.023759
774 0.023725
775 0.023602
776 0.023352
777 0.022911
778 0.022663
779 0.022316
780 0.021925
781 0.021537
782 0.021210
783 0.020787
784 0.020416
785 0.020017
786 0.019609
787 0.019233
788 0.018852
789 0.018588
790 0.018496
791 0.018346
792 0.018294
793 0.018202
794 0.018145
795 0.018248
796 0.018345
797 0.018479
798 0.018691
799 0.019040
800 0.019551
801 0.020066
802 0.020612
803 0.021180
804 0.021730
805 0.022049
806 0.022256
807 0.022369
808 0.022542
809 0.022532
810 0.022576
811 0.022632
812 0.022615
813 0.022499
814 0.022439
815 0.022292
816 0.022245
817 0.022195
818 0.022046
819 0.022131
820 0.022346
821 0.022690
822 0.022951
823 0.022978
824 0.022919
825 0.022929
826 0.022881
827 0.022791
828 0.022868
829 0.022895
830 0.022863
831 0.022846
832 0.022876
833 0.022895
834 0.022989
835 0.023103
836 0.023330
837 0.023550
838 0.023556
839 0.023515
840 0.023467
841 0.023474
842 0.023470
843 0.023466
844 0.023401
845 0.023313
846 0.023187
847 0.023079
848 0.022910
849 0.022739
850 0.022480
851 0.022323
852 0.022279
853 0.022171
854 0.022008
855 0.021769
856 0.021581
857 0.021412
858 0.021328
859 0.021347
860 0.021278
861 0.021141
862 0.020969
863 0.020743
864 0.020367
865 0.019984
866 0.019729
867 0.019663
868 0.019760
869 0.019796
870 0.019742
871 0.019563
872 0.019105
873 0.018683
874 0.018298
875 0.018101
876 0.017943
877 0.017781
878 0.017755
879 0.017457
880 0.017259
881 0.017200
882 0.017178
883 0.017032
884 0.016977
885 0.016930
886 0.016799
887 0.016672
888 0.016612
889 0.016469
890 0.016300
891 0.016111
892 0.015956
893 0.015847
894 0.015764
895 0.015786
896 0.015829
897 0.015848
898 0.015761
899 0.015579
900 0.015464
901 0.015359
902 0.015207
903 0.015133
904 0.014923
905 0.014749
906 0.014744
907 0.014656
908 0.014600
909 0.014466
910 0.014308
911 0.014113
912 0.013967
913 0.013806
914 0.013548
915 0.013362
916 0.013216
917 0.013033
918 0.012900
919 0.012812
920 0.012678
921 0.012524
922 0.012341
923 0.012090
924 0.011973
925 0.011875
926 0.011857
927 0.011917
928 0.011961
929 0.012102
930 0.012336
931 0.012660
932 0.013074
933 0.013468
934 0.013914
935 0.014394
936 0.014735
937 0.014987
938 0.015161
939 0.015333
940 0.015323
941 0.015280
942 0.015424
943 0.015575
944 0.015800
945 0.016175
946 0.016416
947 0.016663
948 0.016829
949 0.016914
950 0.016823
951 0.016626
952 0.016540
953 0.016488
954 0.016629
955 0.016697
956 0.016680
957 0.016631
958 0.016685
959 0.016684
960 0.016701
961 0.016674
962 0.016562
963 0.016542
964 0.016474
965 0.016372
966 0.016269
967 0.016248
968 0.016313
969 0.016374
970 0.016231
971 0.015987
972 0.015646
973 0.015394
974 0.015165
975 0.014930
976 0.014734
977 0.014501
978 0.014185
979 0.013861
980 0.013611
981 0.013362
982 0.013124
983 0.012986
984 0.012889
985 0.012810
986 0.012759
987 0.012731
988 0.012662
989 0.012348
990 0.012059
991 0.011838
992 0.011720
993 0.011574
994 0.011382
995 0.011337
996 0.011296
997 0.011237
998 0.011128
999 0.011045
1000 0.010960
1001 0.010956
1002 0.010931
1003 0.010931
1004 0.010948
1005 0.010895
1006 0.010901
1007 0.010940
1008 0.010956
1009 0.011048
1010 0.011155
1011 0.011296
1012 0.011366
1013 0.011408
1014 0.011352
1015 0.011373
1016 0.011433
1017 0.011538
1018 0.011589
1019 0.011642
1020 0.011679
1021 0.011713
1022 0.011730
1023 0.011708
1024 0.011751
1025 0.011788
1026 0.011823
1027 0.011971
1028 0.012090
1029 0.012205
1030 0.012299
1031 0.012408
1032 0.012532
1033 0.012611
1034 0.012659
1035 0.012761
1036 0.012845
1037 0.012832
1038 0.012755
1039 0.012741
1040 0.012730
1041 0.012704
1042 0.012633
1043 0.012555
1044 0.012414
1045 0.012320
1046 0.012272
1047 0.012216
1048 0.012165
1049 0.012041
1050 0.012002
1051 0.012004
1052 0.011816
1053 0.011538
1054 0.011344
1055 0.011272
1056 0.011241
1057 0.011182
1058 0.011075
1059 0.010925
1060 0.010780
1061 0.010699
1062 0.010691
1063 0.010733
1064 0.010774
1065 0.010834
1066 0.010995
1067 0.011115
1068 0.011187
1069 0.011278
1070 0.011347
1071 0.011435
1072 0.011488
1073 0.011463
1074 0.011415
1075 0.011270
1076 0.011175
1077 0.011092
1078 0.011056
1079 0.011020
1080 0.010946
1081 0.010878
1082 0.010881
1083 0.010832
1084 0.010801
1085 0.010721
1086 0.010615
1087 0.010522
1088 0.010453
1089 0.010454
1090 0.010429
1091 0.010430
1092 0.010381
1093 0.010368
1094 0.010399
1095 0.010416
1096 0.010370
1097 0.010305
1098 0.010180
1099 0.010114
1100 0.010088
1101 0.010034
1102 0.009983
1103 0.009965
1104 0.009970
1105 0.009957
1106 0.009972
1107 0.009931
1108 0.009930
1109 0.009893
1110 0.009840
1111 0.009817
1112 0.009874
1113 0.009921
1114 0.009840
1115 0.009772
1116 0.009725
1117 0.009701
1118 0.009741
1119 0.009837
1120 0.009865
1121 0.009913
1122 0.010057
1123 0.010176
1124 0.010156
1125 0.010012
1126 0.009870
1127 0.009794
1128 0.009735
1129 0.009610
1130 0.009549
1131 0.009529
1132 0.009501
1133 0.009374
1134 0.009235
1135 0.009096
1136 0.008962
1137 0.008812
1138 0.008665
1139 0.008522
1140 0.008468
1141 0.008377
1142 0.008379
1143 0.008303
1144 0.008261
1145 0.008233
1146 0.008170
1147 0.008144
1148 0.008095
1149 0.008079
1150 0.008014
1151 0.007915
1152 0.007832
1153 0.007765
1154 0.007727
1155 0.007696
1156 0.007665
1157 0.007634
1158 0.007595
1159 0.007586
1160 0.007561
1161 0.007516
1162 0.007483
1163 0.007469
1164 0.007467
1165 0.007450
1166 0.007411
1167 0.007413
1168 0.007470
1169 0.007510
1170 0.007540
1171 0.007569
1172 0.007591
1173 0.007524
1174 0.007498
1175 0.007484
1176 0.007496
1177 0.007507
1178 0.007498
1179 0.007486
1180 0.007513
1181 0.007506
1182 0.007439
1183 0.007395
1184 0.007365
1185 0.007291
1186 0.007208
1187 0.007119
1188 0.007035
1189 0.006980
1190 0.006958
1191 0.006947
1192 0.006905
1193 0.006864
1194 0.006890
1195 0.006956
1196 0.006999
1197 0.007115
1198 0.007231
1199 0.007408
1200 0.007612
1201 0.007763
1202 0.007770
1203 0.007737
1204 0.007739
1205 0.007705
1206 0.007653
1207 0.007611
1208 0.007535
1209 0.007541
1210 0.007542
1211 0.007533
1212 0.007502
1213 0.007504
1214 0.007510
1215 0.007533
1216 0.007534
1217 0.007543
1218 0.007516
1219 0.007451
1220 0.007390
1221 0.007353
1222 0.007349
1223 0.007385
1224 0.007423
1225 0.007421
1226 0.007430
1227 0.007440
1228 0.007457
1229 0.007462
1230 0.007434
1231 0.007361
1232 0.007313
1233 0.007215
1234 0.007132
1235 0.007002
1236 0.006840
1237 0.006674
1238 0.006543
1239 0.006435
1240 0.006293
1241 0.006155
1242 0.006004
1243 0.005862
1244 0.005764
1245 0.005659
1246 0.005541
1247 0.005411
1248 0.005273
1249 0.005140
1250 0.005030
1251 0.004937
1252 0.004832
1253 0.004730
1254 0.004599
1255 0.004486
1256 0.004385
1257 0.004300
1258 0.004238
1259 0.004202
1260 0.004157
1261 0.004116
1262 0.004046
1263 0.003964
1264 0.003905
1265 0.003847
1266 0.003775
1267 0.003700
1268 0.003619
1269 0.003540
1270 0.003470
1271 0.003368
1272 0.003291
1273 0.003238
1274 0.003195
1275 0.003159
1276 0.003117
1277 0.003077
1278 0.003054
1279 0.003019
1280 0.002976
1281 0.002942
1282 0.002902
1283 0.002883
1284 0.002860
1285 0.002832
1286 0.002789
1287 0.002750
1288 0.002713
1289 0.002692
1290 0.002673
1291 0.002629
1292 0.002585
1293 0.002526
1294 0.002484
1295 0.002449
1296 0.002427
1297 0.002404
1298 0.002386
1299 0.002377
1300 0.002364
1301 0.002355
1302 0.002344
1303 0.002328
1304 0.002312
1305 0.002307
1306 0.002285
1307 0.002258
1308 0.002256
1309 0.002233
1310 0.002202
1311 0.002168
1312 0.002142
1313 0.002107
1314 0.002062
1315 0.002009
1316 0.001957
1317 0.001901
1318 0.001844
1319 0.001778
1320 0.001706
1321 0.001635
1322 0.001560
1323 0.001497
1324 0.001444
1325 0.001399
1326 0.001350
1327 0.001296
1328 0.001248
1329 0.001216
1330 0.001197
1331 0.001187
1332 0.001199
1333 0.001232
1334 0.001273
1335 0.001296
1336 0.001315
1337 0.001314
1338 0.001298
1339 0.001272
1340 0.001231
1341 0.001192
1342 0.001162
1343 0.001128
1344 0.001076
1345 0.001026
1346 0.001001
1347 0.000990
1348 0.000985
1349 0.000985
1350 0.000986
1351 0.000982
1352 0.000956
1353 0.000931
1354 0.000911
1355 0.000894
1356 0.000888
1357 0.000887
1358 0.000885
1359 0.000890
1360 0.000886
1361 0.000878
1362 0.000869
1363 0.000857
1364 0.000847
1365 0.000837
1366 0.000823
1367 0.000813
1368 0.000802
1369 0.000790
1370 0.000779
1371 0.000771
1372 0.000761
1373 0.000751
1374 0.000745
1375 0.000736
1376 0.000723
1377 0.000706
1378 0.000692
1379 0.000680
1380 0.000668
1381 0.000660
1382 0.000651
1383 0.000638
1384 0.000622
1385 0.000606
1386 0.000594
1387 0.000583
1388 0.000576
1389 0.000568
1390 0.000557
1391 0.000546
1392 0.000538
1393 0.000530
1394 0.000523
1395 0.000516
1396 0.000509
1397 0.000502
1398 0.000498
1399 0.000491
1400 0.000486
1401 0.000478
1402 0.000471
1403 0.000462
1404 0.000458
1405 0.000454
1406 0.000449
1407 0.000444
1408 0.000437
1409 0.000429
1410 0.000424
1411 0.000420
1412 0.000414
1413 0.000409
1414 0.000402
1415 0.000398
1416 0.000395
1417 0.000390
1418 0.000387
1419 0.000384
1420 0.000380
1421 0.000377
1422 0.000375
1423 0.000375
1424 0.000374
1425 0.000374
1426 0.000378
1427 0.000379
1428 0.000374
1429 0.000369
1430 0.000363
1431 0.000358
1432 0.000354
1433 0.000348
1434 0.000343
1435 0.000337
1436 0.000333
1437 0.000329
1438 0.000325
1439 0.000322
1440 0.000320
1441 0.000316
1442 0.000313
1443 0.000310
1444 0.000307
1445 0.000304
1446 0.000299
1447 0.000293
1448 0.000290
1449 0.000285
1450 0.000281
1451 0.000277
1452 0.000274
1453 0.000269
1454 0.000267
1455 0.000263
1456 0.000260
1457 0.000258
1458 0.000258
1459 0.000257
1460 0.000255
1461 0.000253
1462 0.000251
1463 0.000251
1464 0.000251
1465 0.000251
1466 0.000250
1467 0.000246
1468 0.000241
1469 0.000235
1470 0.000231
1471 0.000228
1472 0.000226
1473 0.000224
1474 0.000219
1475 0.000215
1476 0.000212
1477 0.000210
1478 0.000208
1479 0.000209
1480 0.000208
1481 0.000206
1482 0.000203
1483 0.000202
1484 0.000200
1485 0.000198
1486 0.000196
1487 0.000194
1488 0.000193
1489 0.000191
1490 0.000189
1491 0.000188
1492 0.000189
1493 0.000189
1494 0.000188
1495 0.000188
1496 0.000190
1497 0.000190
1498 0.000188
1499 0.000185
1500 0.000182
1501 0.000181
1502 0.000181
1503 0.000180
1504 0.000178
1505 0.000177
1506 0.000176
1507 0.000175
1508 0.000174
1509 0.000173
1510 0.000171
1511 0.000169
1512 0.000167
1513 0.000165
1514 0.000164
1515 0.000163
1516 0.000161
1517 0.000159
1518 0.000158
1519 0.000156
1520 0.000155
1521 0.000154
1522 0.000152
1523 0.000150
1524 0.000148
1525 0.000146
1526 0.000145
1527 0.000145
1528 0.000143
1529 0.000141
1530 0.000138
1531 0.000137
1532 0.000136
1533 0.000135
1534 0.000133
1535 0.000133
1536 0.000133
1537 0.000131
1538 0.000131
1539 0.000130
1540 0.000128
1541 0.000127
1542 0.000126
1543 0.000124
1544 0.000122
1545 0.000121
1546 0.000121
1547 0.000120
1548 0.000120
1549 0.000120
1550 0.000119
1551 0.000118
1552 0.000117
1553 0.000115
1554 0.000114
1555 0.000112
1556 0.000110
1557 0.000108
1558 0.000106
1559 0.000104
1560 0.000102
1561 0.000101
1562 0.000099
1563 0.000098
1564 0.000097
1565 0.000096
1566 0.000096
1567 0.000096
1568 0.000096
1569 0.000095
1570 0.000094
1571 0.000093
1572 0.000093
1573 0.000093
1574 0.000092
1575 0.000090
1576 0.000088
1577 0.000087
1578 0.000086
1579 0.000085
1580 0.000084
1581 0.000083
1582 0.000083
1583 0.000081
1584 0.000081
1585 0.000081
1586 0.000080
1587 0.000080
1588 0.000079
1589 0.000080
1590 0.000080
1591 0.000080
1592 0.000079
1593 0.000077
1594 0.000076
1595 0.000075
1596 0.000073
1597 0.000072
1598 0.000071
1599 0.000070
1600 0.000069
1601 0.000068
1602 0.000066
1603 0.000065
1604 0.000064
1605 0.000063
1606 0.000063
1607 0.000062
1608 0.000061
1609 0.000060
1610 0.000059
1611 0.000058
1612 0.000057
1613 0.000056
1614 0.000055
1615 0.000054
1616 0.000052
1617 0.000051
1618 0.000050
1619 0.000049
1620 0.000048
1621 0.000047
1622 0.000046
1623 0.000045
1624 0.000044
1625 0.000044
1626 0.000043
1627 0.000042
1628 0.000042
1629 0.000041
1630 0.000040
1631 0.000039
1632 0.000038
1633 0.000038
1634 0.000037
1635 0.000036
1636 0.000036
1637 0.000035
1638 0.000034
1639 0.000034
1640 0.000033
1641 0.000032
1642 0.000032
1643 0.000031
1644 0.000031
1645 0.000030
1646 0.000030
1647 0.000030
1648 0.000030
1649 0.000029
1650 0.000029
1651 0.000028
1652 0.000027
1653 0.000027
1654 0.000026
1655 0.000026
1656 0.000026
1657 0.000026
1658 0.000025
1659 0.000025
1660 0.000025
1661 0.000024
1662 0.000024
1663 0.000024
1664 0.000024
1665 0.000023
1666 0.000022
1667 0.000022
1668 0.000021
1669 0.000021
1670 0.000020
1671 0.000020
1672 0.000020
1673 0.000020
1674 0.000019
1675 0.000019
1676 0.000019
1677 0.000019
1678 0.000019
1679 0.000019
1680 0.000019
1681 0.000018
1682 0.000018
1683 0.000018
1684 0.000018
1685 0.000018
1686 0.000018
1687 0.000018
1688 0.000017
1689 0.000017
1690 0.000017
1691 0.000017
1692 0.000017
1693 0.000017
1694 0.000017
1695 0.000016
1696 0.000016
1697 0.000016
1698 0.000016
1699 0.000016
1700 0.000015
1701 0.000015
1702 0.000015
1703 0.000015
1704 0.000015
1705 0.000015
1706 0.000015
1707 0.000015
1708 0.000015
1709 0.000014
1710 0.000014
1711 0.000014
1712 0.000014
1713 0.000014
1714 0.000014
1715 0.000014
1716 0.000013
1717 0.000013
1718 0.000013
1719 0.000013
1720 0.000013
1721 0.000013
1722 0.000013
1723 0.000012
1724 0.000012
1725 0.000012
1726 0.000012
1727 0.000012
1728 0.000012
1729 0.000012
1730 0.000012
1731 0.000012
1732 0.000012
1733 0.000012
1734 0.000012
1735 0.000012
1736 0.000012
1737 0.000012
1738 0.000012
1739 0.000011
1740 0.000011
1741 0.000011
1742 0.000011
1743 0.000011
1744 0.000011
1745 0.000011
1746 0.000011
1747 0.000011
1748 0.000011
1749 0.000010
1750 0.000010
1751 0.000010
1752 0.000010
1753 0.000010
1754 0.000010
1755 0.000009
1756 0.000009
1757 0.000009
1758 0.000009
1759 0.000009
1760 0.000008
1761 0.000008
1762 0.000008
1763 0.000008
1764 0.000008
1765 0.000008
1766 0.000008
1767 0.000008
1768 0.000007
1769 0.000007
1770 0.000007
1771 0.000007
1772 0.000007
1773 0.000007
1774 0.000007
1775 0.000007
1776 0.000007
1777 0.000007
1778 0.000006
1779 0.000006
1780 0.000006
1781 0.000006
1782 0.000006
1783 0.000006
1784 0.000006
1785 0.000006
1786 0.000006
1787 0.000005
1788 0.000005
1789 0.000005
1790 0.000005
1791 0.000005
1792 0.000005
1793 0.000005
1794 0.000005
1795 0.000005
1796 0.000005
1797 0.000005
1798 0.000005
1799 0.000004
1800 0.000004
1801 0.000004
1802 0.000004
1803 0.000004
1804 0.000004
1805 0.000004
1806 0.000004
1807 0.000004
1808 0.000004
1809 0.000004
1810 0.000004
1811 0.000004
1812 0.000004
1813 0.000004
1814 0.000004
1815 0.000004
1816 0.000004
1817 0.000004
1818 0.000004
1819 0.000004
1820 0.000004
1821 0.000004
1822 0.000004
1823 0.000003
1824 0.000003
1825 0.000003
1826 0.000003
1827 0.000003
1828 0.000003
1829 0.000003
1830 0.000003
1831 0.000003
1832 0.000003
1833 0.000003
1834 0.000003
1835 0.000003
1836 0.000003
1837 0.000003
1838 0.000003
1839 0.000003
1840 0.000003
1841 0.000003
1842 0.000003
1843 0.000003
1844 0.000003
1845 0.000003
1846 0.000003
1847 0.000002
1848 0.000002
1849 0.000002
1850 0.000002
1851 0.000002
1852 0.000002
1853 0.000002
1854 0.000002
1855 0.000002
1856 0.000002
1857 0.000002
1858 0.000002
1859 0.000002
1860 0.000002
1861 0.000002
1862 0.000002
1863 0.000002
1864 0.000002
1865 0.000002
1866 0.000002
1867 0.000002
1868 0.000002
1869 0.000002
1870 0.000002
1871 0.000002
1872 0.000002
1873 0.000002
1874 0.000002
1875 0.000002
1876 0.000002
1877 0.000002
1878 0.000002
1879 0.000002
1880 0.000001
1881 0.000001
1882 0.000001
1883 0.000001
1884 0.000001
1885 0.000001
1886 0.000001
1887 0.000001
1888 0.000001
1889 0.000001
1890 0.000001
1891 0.000001
1892 0.000001
1893 0.000001
1894 0.000001
1895 0.000001
1896 0.000001
1897 0.000001
1898 0.000001
1899 0.000001
1900 0.000001
1901 0.000001
1902 0.000001
1903 0.000001
1904 0.000001
1905 0.000001
1906 0.000001
1907 0.000001
1908 0.000001
1909 0.000001
1910 0.000001
1911 0.000001
1912 0.000001
1913 0.000001
1914 0.000001
1915 0.000001
1916 0.000001
1917 0.000001
1918 0.000001
1919 0.000001
1920 0.000001
1921 0.000001
1922 0.000001
1923 0.000001
1924 0.000001
1925 0.000001
1926 0.000001
1927 0.000001
1928 0.000001
1929 0.000001
1930 0.000001
1931 0.000001
1932 0.000001
1933 0.000001
1934 0.000001
1935 0.000001
1936 0.000001
1937 0.000001
1938 0.000001
1939 0.000001
1940 0.000001
1941 0.000001
1942 0.000001
1943 0.000001
1944 0.000001
1945 0.000001
1946 0.000001
1947 0.000001
1948 0.000001
1949 0.000001
1950 0.000001
1951 0.000001
1952 0.000001
1953 0.000001
1954 0.000001
1955 0.000001
1956 0.000001
1957 0.000001
1958 0.000001
1959 0.000001
1960 0.000001
1961 0.000001
1962 0.000001
1963 0.000001
1964 0.000001
1965 0.000001
1966 0.000001
1967 0.000001
1968 0.000001
1969 0.000001
1970 0.000001
1971 0.000001
1972 0.000001
1973 0.000001
1974 0.000000
1975 0.000000
1976 0.000000
1977 0.000000
1978 0.000000
1979 0.000000
1980 0.000000
1981 0.000000
1982 0.000000
1983 0.000000
1984 0.000000
1985 0.000000
1986 0.000000
1987 0.000000
1988 0.000000
1989 0.000000
1990 0.000000
1991 0.000000
1992 0.000000
1993 0.000000
1994 0.000000
1995 0.000000
1996 0.000000
1997 0.000000
1998 0.000000
1999 0.000000
2000 0.000000
2001 0.000000
2002 0.000000
2003 0.000000
2004 0.000000
2005 0.000000
2006 0.000000
2007 0.000000
2008 0.000000
2009 0.000000
2010 0.000000
2011 0.000000
2012 0.000000
2013 0.000000
2014 0.000000
2015 0.000000
2016 0.000000
2017 0.000000
2018 0.000000
2019 0.000000
2020 0.000000
2021 0.000000
2022 0.000000
2023 0.000000
2024 0.000000
2025 0.000000
2026 0.000000
2027 0.000000
2028 0.000000
2029 0.000000
2030 0.000000
2031 0.000000
2032 0.000000
2033 0.000000
2034 0.000000
2035 0.000000
2036 0.000000
2037 0.000000
2038 0.000000
2039 0.000000
2040 0.000000
2041 0.000000
2042 0.000000
2043 0.000000
2044 0.000000
2045 0.000000
2046 0.000000
2047 0.000000
2048 0.000000
2049 0.000000
2050 0.000000
2051 0.000000
2052 0.000000
2053 0.000000
2054 0.000000
2055 0.000000
2056 0.000000
2057 0.000000
2058 0.000000
2059 0.000000
2060 0.000000
2061 0.000000
2062 0.000000
2063 0.000000
2064 0.000000
2065 0.000000
2066 0.000000
2067 0.000000
2068 0.000000
2069 0.000000
2070 0.000000
2071 0.000000
2072 0.000000
2073 0.000000
2074 0.000000
2075 0.000000
2076 0.000000
2077 0.000000
