#ite residual of mtx/s3rmq4m1.mtx
1 44.181185
2 32.710277
3 32.972611
4 33.718310
5 33.009975
6 32.428604
7 31.591780
8 31.291225
9 32.248923
10 32.128339
11 32.573527
12 32.022258
13 33.290247
14 33.611221
15 33.107309
16 32.316543
17 31.511714
18 32.687725
19 30.853021
20 28.650432
21 28.042163
22 28.255987
23 29.698942
24 29.730294
25 30.298560
26 30.345294
27 30.425144
28 30.288696
29 27.641266
30 26.105441
31 26.676550
32 27.418700
33 28.535337
34 29.013268
35 28.918361
36 28.329623
37 29.304637
38 31.552946
39 33.076914
40 33.468178
41 33.938706
42 33.976389
43 35.191857
44 34.111640
45 33.982124
46 32.399000
47 31.098577
48 31.288057
49 31.763499
50 32.083033
51 31.597848
52 32.171429
53 32.741004
54 31.617294
55 29.852887
56 29.754904
57 29.498707
58 29.819860
59 27.862717
60 27.651166
61 28.097748
62 29.824881
63 31.486609
64 31.852282
65 32.756365
66 32.294329
67 32.279842
68 31.486257
69 31.738062
70 30.482101
71 31.769114
72 31.494246
73 31.734985
74 30.561894
75 29.278132
76 29.861219
77 31.634235
78 32.987033
79 33.147418
80 31.275339
81 29.843282
82 29.366856
83 30.632971
84 31.095040
85 33.151871
86 34.500510
87 33.468962
88 31.971815
89 31.037158
90 32.181868
91 32.106445
92 33.704839
93 34.266566
94 33.841542
95 33.139250
96 33.023462
97 34.184863
98 36.770343
99 36.572781
100 34.608439
101 33.504914
102 32.167371
103 31.096725
104 33.585376
105 36.408272
106 36.938905
107 36.787667
108 35.816846
109 35.482733
110 37.845785
111 39.473832
112 39.172324
113 40.645486
114 40.450346
115 40.893360
116 39.002322
117 39.475730
118 38.324324
119 38.705736
120 38.773963
121 38.705102
122 37.939406
123 40.465972
124 41.410295
125 40.271691
126 39.697019
127 38.451419
128 38.132876
129 38.280600
130 39.068921
131 39.659671
132 38.263833
133 36.872172
134 35.308154
135 35.635487
136 36.038474
137 37.676436
138 37.322549
139 37.686972
140 37.418608
141 39.041267
142 39.454490
143 38.693603
144 40.360004
145 41.155317
146 40.990594
147 42.261139
148 40.016152
149 39.335427
150 38.480674
151 39.845859
152 42.172135
153 42.533113
154 41.436480
155 38.169270
156 37.514540
157 37.186006
158 37.264902
159 35.588904
160 34.951065
161 36.162559
162 35.089737
163 35.796696
164 37.602683
165 37.048541
166 34.782303
167 32.541580
168 32.834153
169 32.320248
170 32.506677
171 31.594048
172 31.120240
173 30.848591
174 30.320742
175 31.095143
176 31.541484
177 31.307517
178 30.461925
179 31.476939
180 30.974999
181 30.579648
182 30.433144
183 30.862592
184 29.420707
185 27.740312
186 27.644673
187 28.424758
188 29.041945
189 30.573445
190 31.832999
191 31.955635
192 30.984229
193 32.332096
194 33.040194
195 32.923498
196 33.112233
197 34.187588
198 34.121274
199 33.535214
200 32.133708
201 31.044878
202 30.603976
203 31.255562
204 31.280048
205 30.417739
206 30.426722
207 29.822005
208 29.676145
209 30.255925
210 31.246732
211 30.809087
212 30.590505
213 30.241063
214 31.836912
215 33.988450
216 36.380225
217 37.149599
218 39.629097
219 40.868171
220 39.532246
221 38.812004
222 38.204422
223 36.939393
224 35.016075
225 35.218797
226 36.277606
227 38.146285
228 37.919722
229 37.182034
230 38.363401
231 37.932837
232 38.425852
233 38.012403
234 36.853947
235 35.401401
236 34.324577
237 33.790649
238 33.013161
239 33.076049
240 33.754825
241 34.993427
242 34.629534
243 34.734306
244 35.567929
245 37.672233
246 38.105669
247 37.863579
248 36.904954
249 37.610076
250 37.376335
251 38.041441
252 38.413526
253 37.974063
254 39.169426
255 39.994986
256 40.678026
257 41.748657
258 42.844297
259 42.570165
260 43.761498
261 43.860854
262 44.056539
263 44.708262
264 46.977073
265 47.171651
266 46.148793
267 43.587538
268 43.035706
269 42.550758
270 43.619045
271 44.463108
272 46.642693
273 47.458466
274 45.687353
275 45.210872
276 43.983648
277 42.967486
278 41.896616
279 41.177144
280 42.249674
281 44.908304
282 46.313618
283 48.043854
284 49.827000
285 50.196076
286 50.933230
287 50.757836
288 51.713244
289 50.005402
290 47.567391
291 48.886116
292 49.244153
293 47.558151
294 45.921510
295 43.522572
296 44.311987
297 44.973550
298 43.012972
299 43.166230
300 44.232368
301 46.887358
302 50.384520
303 50.242451
304 49.698729
305 47.994244
306 48.019630
307 47.920388
308 47.407657
309 46.529495
310 47.787943
311 46.548674
312 46.942268
313 47.037442
314 46.287473
315 42.514722
316 41.329452
317 43.035094
318 45.600138
319 48.245129
320 47.171796
321 46.036094
322 44.678069
323 43.967210
324 41.998564
325 40.865934
326 42.236747
327 41.975776
328 42.593921
329 42.209917
330 42.471672
331 42.454870
332 44.871865
333 46.718139
334 43.601815
335 40.747698
336 39.767806
337 40.415702
338 40.202032
339 39.780439
340 38.900858
341 39.420280
342 39.237855
343 40.388354
344 38.706946
345 38.920203
346 38.707129
347 39.257960
348 38.468035
349 37.634408
350 38.441812
351 37.075453
352 35.340369
353 34.131626
354 33.609335
355 34.957788
356 36.398176
357 36.823468
358 36.017485
359 35.886033
360 35.753705
361 36.381347
362 34.817469
363 34.603125
364 35.344115
365 35.245005
366 34.263905
367 33.557279
368 34.013973
369 35.586142
370 38.401245
371 39.045350
372 39.064103
373 37.850672
374 37.429814
375 38.173091
376 38.214454
377 36.738990
378 35.034772
379 33.726267
380 32.293128
381 32.244794
382 32.480010
383 33.901294
384 34.643466
385 33.512456
386 32.367972
387 32.062704
388 31.022427
389 30.096450
390 30.576770
391 30.973953
392 29.218496
393 28.153772
394 28.601663
395 29.985439
396 32.156217
397 35.593087
398 35.547347
399 32.577084
400 31.199909
401 32.432940
402 30.547722
403 30.754132
404 30.662104
405 32.886531
406 33.110692
407 31.952097
408 31.020846
409 31.988837
410 33.633444
411 34.299044
412 32.847479
413 32.994863
414 31.806287
415 33.029400
416 33.963466
417 33.956564
418 34.420961
419 32.495734
420 31.881204
421 30.923657
422 30.457465
423 31.284259
424 30.645806
425 30.028441
426 29.204020
427 29.879850
428 30.177320
429 29.865573
430 28.924152
431 29.310732
432 29.305309
433 30.654838
434 31.055912
435 31.494616
436 30.791005
437 30.705043
438 29.660569
439 29.760019
440 30.504077
441 29.639497
442 27.981777
443 27.056221
444 27.118754
445 29.459690
446 28.632347
447 29.226341
448 29.310194
449 27.788019
450 27.556570
451 27.635747
452 28.191786
453 26.636256
454 24.754243
455 24.708127
456 25.025400
457 24.459450
458 24.393454
459 23.607714
460 24.192960
461 23.883434
462 23.432394
463 22.570588
464 22.341497
465 22.977199
466 24.143066
467 23.050531
468 22.671663
469 22.415997
470 22.642630
471 23.014156
472 23.521822
473 23.440973
474 22.454082
475 20.700356
476 19.329596
477 19.023420
478 18.868850
479 18.298446
480 16.773765
481 16.553689
482 15.866209
483 16.167298
484 16.580454
485 16.131018
486 15.304604
487 13.760769
488 13.009113
489 12.910109
490 12.157603
491 11.843268
492 11.992266
493 11.911916
494 12.280269
495 11.695347
496 11.412501
497 11.351723
498 11.454921
499 11.591306
500 11.539616
501 11.169906
502 10.654651
503 10.026821
504 9.329952
505 9.145709
506 9.403796
507 8.665005
508 8.987803
509 8.459891
510 8.172888
511 7.549458
512 7.476286
513 7.578943
514 6.794453
515 6.901313
516 6.676300
517 7.037492
518 6.481302
519 5.808906
520 6.000317
521 6.519848
522 6.499737
523 6.190252
524 6.518430
525 6.467101
526 6.368997
527 6.088581
528 5.926950
529 6.564530
530 6.806629
531 7.123970
532 7.397644
533 7.686574
534 7.603681
535 7.422655
536 7.158302
537 6.720656
538 6.707574
539 6.856779
540 6.483005
541 6.236112
542 6.077964
543 6.171774
544 6.419090
545 6.371068
546 6.204945
547 6.046332
548 5.948515
549 6.013116
550 6.057413
551 5.936153
552 5.754727
553 5.861596
554 6.266581
555 6.349833
556 5.712124
557 5.451529
558 5.179510
559 5.064361
560 5.259666
561 5.384233
562 5.534852
563 5.925148
564 5.861470
565 5.655062
566 5.842093
567 5.692407
568 5.542254
569 5.712915
570 5.967839
571 5.977855
572 5.727960
573 5.314180
574 5.129928
575 4.925007
576 4.823563
577 4.605050
578 4.263657
579 4.136842
580 4.205750
581 4.299784
582 4.335850
583 4.474543
584 4.552853
585 4.938516
586 4.899622
587 4.867858
588 4.569620
589 4.239687
590 4.033713
591 3.889957
592 4.003636
593 3.961409
594 3.763094
595 3.737001
596 3.387944
597 3.350347
598 3.220382
599 3.243038
600 3.213271
601 3.105677
602 3.030936
603 3.171199
604 3.191368
605 3.179461
606 2.953245
607 2.986847
608 3.031598
609 2.952143
610 2.983234
611 3.128997
612 3.025019
613 2.990176
614 3.026281
615 3.060593
616 2.830347
617 2.748234
618 2.695497
619 2.669891
620 2.728015
621 2.640371
622 2.644169
623 2.665361
624 2.624145
625 2.372560
626 2.278695
627 2.155058
628 2.203708
629 2.174970
630 2.264858
631 2.430786
632 2.487161
633 2.500214
634 2.421458
635 2.256828
636 2.192036
637 1.995593
638 1.929677
639 2.010465
640 2.003272
641 1.906845
642 1.934111
643 2.060825
644 2.004422
645 1.910103
646 1.880137
647 1.844573
648 1.903860
649 2.085454
650 2.189600
651 2.084908
652 2.097504
653 2.103283
654 2.167538
655 2.247109
656 2.254760
657 2.139660
658 2.055415
659 2.093574
660 2.194540
661 2.213955
662 2.093312
663 2.072407
664 2.199081
665 2.239364
666 2.349958
667 2.254805
668 2.235846
669 2.162234
670 2.016823
671 1.968710
672 1.999852
673 2.014621
674 2.001298
675 2.072463
676 2.220932
677 2.170732
678 2.100691
679 1.918222
680 1.883616
681 2.201594
682 2.562639
683 2.746893
684 2.809009
685 2.734157
686 2.577165
687 2.522364
688 2.509022
689 2.603199
690 2.698286
691 2.747535
692 2.769761
693 2.720033
694 2.779180
695 2.916778
696 2.924628
697 2.937212
698 2.913936
699 3.077111
700 3.282657
701 3.360669
702 3.338149
703 3.228424
704 3.277651
705 3.327830
706 3.162863
707 2.897458
708 2.703495
709 2.722855
710 2.960925
711 3.000706
712 2.940100
713 3.049567
714 3.140466
715 3.195841
716 3.327518
717 3.424038
718 3.526167
719 3.444727
720 3.078619
721 2.811929
722 2.551851
723 2.472109
724 2.364979
725 2.340764
726 2.452860
727 2.531479
728 2.636531
729 2.721442
730 2.770233
731 2.896566
732 2.942971
733 2.909746
734 2.846053
735 2.830335
736 2.943559
737 2.896080
738 2.834459
739 2.718501
740 2.625911
741 2.451936
742 2.364521
743 2.298563
744 2.282979
745 2.324941
746 2.251737
747 2.246577
748 2.182939
749 2.203251
750 2.075145
751 2.032776
752 2.017548
753 1.995574
754 2.022636
755 1.883571
756 1.756848
757 1.718178
758 1.759958
759 1.780978
760 1.657227
761 1.586635
762 1.545498
763 1.512744
764 1.525164
765 1.522984
766 1.513022
767 1.490299
768 1.518069
769 1.494422
770 1.497550
771 1.413108
772 1.359495
773 1.312113
774 1.397267
775 1.495258
776 1.489149
777 1.431962
778 1.419096
779 1.532494
780 1.620704
781 1.639667
782 1.549285
783 1.521489
784 1.527725
785 1.507559
786 1.667557
787 1.656062
788 1.716957
789 1.841702
790 1.783955
791 1.648524
792 1.552102
793 1.509175
794 1.471776
795 1.386057
796 1.291771
797 1.256235
798 1.197608
799 1.193952
800 1.199291
801 1.213157
802 1.237722
803 1.251682
804 1.183275
805 1.213668
806 1.219665
807 1.254572
808 1.081540
809 1.023507
810 0.952698
811 0.867959
812 0.859570
813 0.873779
814 0.892991
815 0.941054
816 0.988622
817 1.011700
818 0.937390
819 0.984705
820 1.012057
821 1.017571
822 1.039341
823 0.987309
824 0.923354
825 0.956602
826 0.987965
827 1.000649
828 0.979666
829 0.969960
830 0.925762
831 0.863257
832 0.847240
833 0.874306
834 0.919682
835 1.000588
836 1.021677
837 0.956117
838 0.942257
839 0.928589
840 0.975661
841 0.988336
842 1.050428
843 1.070780
844 1.057645
845 1.014295
846 0.958327
847 0.897226
848 0.799632
849 0.722131
850 0.684358
851 0.664782
852 0.668679
853 0.666735
854 0.647648
855 0.572934
856 0.562061
857 0.591586
858 0.634581
859 0.639209
860 0.593353
861 0.546680
862 0.516930
863 0.489099
864 0.504065
865 0.505953
866 0.530976
867 0.523668
868 0.492735
869 0.500791
870 0.503405
871 0.507319
872 0.496525
873 0.506224
874 0.494264
875 0.507484
876 0.510011
877 0.483197
878 0.448689
879 0.402046
880 0.392152
881 0.398183
882 0.411573
883 0.413722
884 0.395113
885 0.362838
886 0.330736
887 0.302553
888 0.305170
889 0.295381
890 0.294039
891 0.281750
892 0.292729
893 0.285033
894 0.280018
895 0.275409
896 0.270019
897 0.277201
898 0.285919
899 0.273090
900 0.251460
901 0.228057
902 0.223978
903 0.223260
904 0.228312
905 0.221623
906 0.207555
907 0.183338
908 0.190798
909 0.205533
910 0.201251
911 0.187367
912 0.180402
913 0.166547
914 0.170074
915 0.188342
916 0.195881
917 0.187214
918 0.178769
919 0.175721
920 0.179704
921 0.163085
922 0.152266
923 0.145893
924 0.152975
925 0.153478
926 0.160921
927 0.158549
928 0.160290
929 0.163695
930 0.173296
931 0.173677
932 0.169061
933 0.156460
934 0.140039
935 0.130329
936 0.128227
937 0.131625
938 0.126045
939 0.117335
940 0.106489
941 0.109145
942 0.109011
943 0.122303
944 0.121678
945 0.122166
946 0.114149
947 0.109478
948 0.111767
949 0.118868
950 0.127069
951 0.126922
952 0.128407
953 0.132042
954 0.134540
955 0.139364
956 0.136132
957 0.121924
958 0.113699
959 0.105909
960 0.099611
961 0.095577
962 0.102216
963 0.104489
964 0.104543
965 0.113773
966 0.111627
967 0.107955
968 0.103360
969 0.106709
970 0.110037
971 0.106652
972 0.098919
973 0.093580
974 0.090925
975 0.091651
976 0.091934
977 0.085060
978 0.079917
979 0.074614
980 0.075248
981 0.078572
982 0.083146
983 0.088286
984 0.087343
985 0.081995
986 0.077029
987 0.071991
988 0.067702
989 0.064841
990 0.064024
991 0.063342
992 0.065932
993 0.067985
994 0.071608
995 0.073796
996 0.074372
997 0.074675
998 0.072865
999 0.065661
1000 0.058009
1001 0.056816
1002 0.056229
1003 0.057716
1004 0.058036
1005 0.054445
1006 0.054124
1007 0.055823
1008 0.057074
1009 0.057532
1010 0.062533
1011 0.064694
1012 0.060628
1013 0.055597
1014 0.052882
1015 0.055111
1016 0.056619
1017 0.054464
1018 0.050070
1019 0.049173
1020 0.050695
1021 0.052397
1022 0.053000
1023 0.050195
1024 0.051806
1025 0.051715
1026 0.051131
1027 0.048891
1028 0.041870
1029 0.038990
1030 0.039218
1031 0.042643
1032 0.048092
1033 0.048150
1034 0.047010
1035 0.042713
1036 0.041465
1037 0.040464
1038 0.041088
1039 0.042521
1040 0.041679
1041 0.041513
1042 0.041083
1043 0.039541
1044 0.040251
1045 0.040253
1046 0.039191
1047 0.038463
1048 0.038086
1049 0.039273
1050 0.036258
1051 0.034418
1052 0.033640
1053 0.033686
1054 0.036678
1055 0.037046
1056 0.037539
1057 0.038320
1058 0.036938
1059 0.037869
1060 0.039041
1061 0.040933
1062 0.040332
1063 0.038976
1064 0.037940
1065 0.040242
1066 0.040039
1067 0.038239
1068 0.037557
1069 0.037453
1070 0.040995
1071 0.043477
1072 0.044866
1073 0.045427
1074 0.043415
1075 0.044691
1076 0.047082
1077 0.048213
1078 0.046004
1079 0.043461
1080 0.046185
1081 0.050989
1082 0.052512
1083 0.053258
1084 0.055135
1085 0.059074
1086 0.059312
1087 0.054571
1088 0.054659
1089 0.055265
1090 0.056602
1091 0.052150
1092 0.050558
1093 0.048784
1094 0.051393
1095 0.047796
1096 0.046256
1097 0.046005
1098 0.048927
1099 0.055285
1100 0.060435
1101 0.061684
1102 0.055110
1103 0.053119
1104 0.056549
1105 0.061360
1106 0.058743
1107 0.055112
1108 0.055387
1109 0.056886
1110 0.054937
1111 0.052803
1112 0.052473
1113 0.058487
1114 0.062763
1115 0.067422
1116 0.060287
1117 0.058623
1118 0.060513
1119 0.062409
1120 0.059950
1121 0.056670
1122 0.054372
1123 0.057210
1124 0.062696
1125 0.062521
1126 0.064240
1127 0.061788
1128 0.059813
1129 0.059386
1130 0.054158
1131 0.050870
1132 0.052176
1133 0.056400
1134 0.060964
1135 0.058816
1136 0.054947
1137 0.056102
1138 0.054839
1139 0.057718
1140 0.054418
1141 0.054976
1142 0.053690
1143 0.055353
1144 0.060241
1145 0.063353
1146 0.064828
1147 0.062803
1148 0.061762
1149 0.060415
1150 0.060577
1151 0.056691
1152 0.056786
1153 0.060696
1154 0.061948
1155 0.065894
1156 0.068741
1157 0.071165
1158 0.066266
1159 0.063537
1160 0.061297
1161 0.058482
1162 0.061129
1163 0.067245
1164 0.071038
1165 0.070210
1166 0.063503
1167 0.059819
1168 0.059745
1169 0.063098
1170 0.066503
1171 0.071590
1172 0.071692
1173 0.069447
1174 0.070264
1175 0.067104
1176 0.068364
1177 0.068972
1178 0.073072
1179 0.074120
1180 0.073152
1181 0.070988
1182 0.068621
1183 0.071020
1184 0.073872
1185 0.072504
1186 0.065930
1187 0.063550
1188 0.066444
1189 0.068491
1190 0.073124
1191 0.069128
1192 0.065997
1193 0.064841
1194 0.065595
1195 0.070036
1196 0.070429
1197 0.071099
1198 0.071716
1199 0.073334
1200 0.072449
1201 0.070584
1202 0.065514
1203 0.058419
1204 0.057377
1205 0.061036
1206 0.063422
1207 0.067083
1208 0.064311
1209 0.061693
1210 0.059282
1211 0.058039
1212 0.057834
1213 0.063087
1214 0.065826
1215 0.068954
1216 0.071476
1217 0.070999
1218 0.064945
1219 0.060841
1220 0.062410
1221 0.062065
1222 0.061592
1223 0.059621
1224 0.057941
1225 0.055548
1226 0.060136
1227 0.066553
1228 0.071788
1229 0.071813
1230 0.067162
1231 0.066555
1232 0.067418
1233 0.068405
1234 0.068618
1235 0.070594
1236 0.069115
1237 0.068238
1238 0.063433
1239 0.060008
1240 0.059508
1241 0.061347
1242 0.063876
1243 0.062092
1244 0.061000
1245 0.058344
1246 0.060552
1247 0.062286
1248 0.063745
1249 0.066949
1250 0.068322
1251 0.066663
1252 0.061789
1253 0.056348
1254 0.053865
1255 0.057002
1256 0.054053
1257 0.052214
1258 0.046790
1259 0.046517
1260 0.048610
1261 0.051164
1262 0.056175
1263 0.057376
1264 0.060028
1265 0.059626
1266 0.058914
1267 0.060018
1268 0.062110
1269 0.060853
1270 0.056428
1271 0.049595
1272 0.045002
1273 0.043780
1274 0.046673
1275 0.050592
1276 0.051689
1277 0.047171
1278 0.045085
1279 0.045359
1280 0.045083
1281 0.045098
1282 0.047436
1283 0.048987
1284 0.048022
1285 0.046919
1286 0.044919
1287 0.044137
1288 0.044774
1289 0.042493
1290 0.042756
1291 0.040401
1292 0.040406
1293 0.038820
1294 0.039029
1295 0.039323
1296 0.041361
1297 0.039421
1298 0.039108
1299 0.036075
1300 0.035054
1301 0.034568
1302 0.035387
1303 0.037376
1304 0.039221
1305 0.039302
1306 0.035959
1307 0.035090
1308 0.034180
1309 0.035823
1310 0.034334
1311 0.033335
1312 0.033766
1313 0.034644
1314 0.038218
1315 0.041546
1316 0.045868
1317 0.045269
1318 0.045372
1319 0.045292
1320 0.045899
1321 0.042750
1322 0.038004
1323 0.035836
1324 0.035428
1325 0.035921
1326 0.037694
1327 0.037330
1328 0.038814
1329 0.042056
1330 0.043341
1331 0.045841
1332 0.046647
1333 0.051051
1334 0.053468
1335 0.058808
1336 0.056865
1337 0.051530
1338 0.046653
1339 0.041676
1340 0.042481
1341 0.046370
1342 0.048481
1343 0.047255
1344 0.044420
1345 0.045329
1346 0.046017
1347 0.047901
1348 0.045613
1349 0.045551
1350 0.046349
1351 0.049992
1352 0.054111
1353 0.058491
1354 0.055567
1355 0.050936
1356 0.052735
1357 0.054916
1358 0.057717
1359 0.055958
1360 0.051813
1361 0.046729
1362 0.044448
1363 0.045264
1364 0.050673
1365 0.055961
1366 0.060635
1367 0.058609
1368 0.053486
1369 0.051166
1370 0.053217
1371 0.059940
1372 0.069306
1373 0.074292
1374 0.070668
1375 0.063330
1376 0.058711
1377 0.056130
1378 0.053465
1379 0.053504
1380 0.055376
1381 0.058682
1382 0.057304
1383 0.055422
1384 0.057661
1385 0.057420
1386 0.056829
1387 0.058265
1388 0.055635
1389 0.057204
1390 0.057497
1391 0.060342
1392 0.064993
1393 0.066954
1394 0.063521
1395 0.058019
1396 0.053308
1397 0.052161
1398 0.057184
1399 0.059390
1400 0.064736
1401 0.065110
1402 0.063482
1403 0.060123
1404 0.058640
1405 0.058121
1406 0.061669
1407 0.063054
1408 0.062528
1409 0.058227
1410 0.055121
1411 0.053483
1412 0.051564
1413 0.049755
1414 0.049642
1415 0.051799
1416 0.057158
1417 0.059004
1418 0.057237
1419 0.054630
1420 0.059141
1421 0.061768
1422 0.065343
1423 0.063123
1424 0.051991
1425 0.045669
1426 0.046991
1427 0.048859
1428 0.053512
1429 0.055800
1430 0.057907
1431 0.054582
1432 0.051890
1433 0.048267
1434 0.044065
1435 0.042281
1436 0.040626
1437 0.040553
1438 0.037642
1439 0.036658
1440 0.039101
1441 0.043585
1442 0.045927
1443 0.047682
1444 0.047729
1445 0.048745
1446 0.046782
1447 0.048257
1448 0.051099
1449 0.052906
1450 0.051420
1451 0.049431
1452 0.043561
1453 0.040406
1454 0.039756
1455 0.040431
1456 0.046539
1457 0.052193
1458 0.057404
1459 0.051853
1460 0.044884
1461 0.043310
1462 0.042232
1463 0.044588
1464 0.047205
1465 0.048068
1466 0.048397
1467 0.046793
1468 0.047392
1469 0.047519
1470 0.050807
1471 0.049737
1472 0.051132
1473 0.049302
1474 0.046530
1475 0.043709
1476 0.039345
1477 0.041161
1478 0.045460
1479 0.048840
1480 0.050449
1481 0.048082
1482 0.046460
1483 0.048160
1484 0.052280
1485 0.050050
1486 0.049251
1487 0.048975
1488 0.049943
1489 0.050940
1490 0.050267
1491 0.053358
1492 0.055813
1493 0.058140
1494 0.057361
1495 0.054111
1496 0.053214
1497 0.059123
1498 0.059702
1499 0.066755
1500 0.069939
1501 0.062792
1502 0.054102
1503 0.047791
1504 0.048180
1505 0.052431
1506 0.058550
1507 0.065785
1508 0.068230
1509 0.066327
1510 0.062978
1511 0.059947
1512 0.064329
1513 0.071820
1514 0.080288
1515 0.083962
1516 0.077854
1517 0.067446
1518 0.067077
1519 0.066688
1520 0.065828
1521 0.066559
1522 0.069040
1523 0.068384
1524 0.066602
1525 0.063262
1526 0.062992
1527 0.075647
1528 0.080669
1529 0.083904
1530 0.082036
1531 0.083041
1532 0.084548
1533 0.089558
1534 0.088058
1535 0.087026
1536 0.082038
1537 0.078846
1538 0.075825
1539 0.070696
1540 0.067850
1541 0.066238
1542 0.069420
1543 0.073354
1544 0.075233
1545 0.077119
1546 0.084686
1547 0.093840
1548 0.096008
1549 0.098773
1550 0.095056
1551 0.095972
1552 0.104590
1553 0.103089
1554 0.100253
1555 0.097522
1556 0.096522
1557 0.097694
1558 0.100457
1559 0.101777
1560 0.092730
1561 0.084395
1562 0.076900
1563 0.080673
1564 0.090141
1565 0.095664
1566 0.100321
1567 0.096720
1568 0.095434
1569 0.096817
1570 0.094358
1571 0.092522
1572 0.094543
1573 0.097450
1574 0.094269
1575 0.090629
1576 0.092217
1577 0.093668
1578 0.096075
1579 0.102114
1580 0.100498
1581 0.104112
1582 0.105571
1583 0.108245
1584 0.102697
1585 0.096933
1586 0.096753
1587 0.092166
1588 0.086524
1589 0.077175
1590 0.074264
1591 0.077957
1592 0.080009
1593 0.079312
1594 0.077375
1595 0.084080
1596 0.093370
1597 0.097968
1598 0.091657
1599 0.083437
1600 0.079687
1601 0.079061
1602 0.084243
1603 0.090276
1604 0.099668
1605 0.097931
1606 0.085631
1607 0.075940
1608 0.073765
1609 0.073607
1610 0.075419
1611 0.074284
1612 0.075519
1613 0.076763
1614 0.070047
1615 0.068815
1616 0.069125
1617 0.078295
1618 0.087153
1619 0.089998
1620 0.090724
1621 0.088673
1622 0.083852
1623 0.079048
1624 0.082821
1625 0.079394
1626 0.078463
1627 0.070007
1628 0.063603
1629 0.058940
1630 0.064753
1631 0.077081
1632 0.080917
1633 0.080266
1634 0.079713
1635 0.080314
1636 0.079189
1637 0.077598
1638 0.074098
1639 0.077262
1640 0.068046
1641 0.064028
1642 0.056846
1643 0.057482
1644 0.057302
1645 0.065500
1646 0.078304
1647 0.078811
1648 0.071965
1649 0.069006
1650 0.064160
1651 0.063633
1652 0.066191
1653 0.081308
1654 0.082732
1655 0.075352
1656 0.065481
1657 0.059891
1658 0.059012
1659 0.062457
1660 0.070188
1661 0.074170
1662 0.072442
1663 0.068894
1664 0.063604
1665 0.063487
1666 0.067447
1667 0.069614
1668 0.073192
1669 0.074842
1670 0.072919
1671 0.070384
1672 0.069591
1673 0.075472
1674 0.077310
1675 0.072893
1676 0.065249
1677 0.053924
1678 0.050893
1679 0.052748
1680 0.060055
1681 0.066196
1682 0.067313
1683 0.068950
1684 0.063630
1685 0.059618
1686 0.060539
1687 0.062378
1688 0.070836
1689 0.074215
1690 0.073697
1691 0.077746
1692 0.073224
1693 0.063262
1694 0.058051
1695 0.057848
1696 0.065352
1697 0.064687
1698 0.066650
1699 0.063472
1700 0.065749
1701 0.062936
1702 0.066420
1703 0.071545
1704 0.074411
1705 0.079653
1706 0.076713
1707 0.074253
1708 0.069626
1709 0.075804
1710 0.080822
1711 0.072745
1712 0.059983
1713 0.053517
1714 0.051858
1715 0.057682
1716 0.068990
1717 0.078666
1718 0.084984
1719 0.079088
1720 0.071866
1721 0.062429
1722 0.058017
1723 0.062758
1724 0.065906
1725 0.067213
1726 0.061669
1727 0.058639
1728 0.055824
1729 0.058446
1730 0.063044
1731 0.070333
1732 0.073676
1733 0.071907
1734 0.070078
1735 0.067523
1736 0.065014
1737 0.063041
1738 0.061504
1739 0.058042
1740 0.054621
1741 0.051947
1742 0.050516
1743 0.057791
1744 0.066475
1745 0.072081
1746 0.067430
1747 0.061815
1748 0.052801
1749 0.049648
1750 0.050653
1751 0.052969
1752 0.060733
1753 0.062725
1754 0.060863
1755 0.052411
1756 0.049297
1757 0.051572
1758 0.056546
1759 0.063452
1760 0.065538
1761 0.057327
1762 0.054320
1763 0.048937
1764 0.050695
1765 0.047330
1766 0.046175
1767 0.044354
1768 0.046090
1769 0.044800
1770 0.040956
1771 0.042955
1772 0.046492
1773 0.055787
1774 0.057900
1775 0.051762
1776 0.043323
1777 0.039737
1778 0.040794
1779 0.045775
1780 0.050156
1781 0.053292
1782 0.050889
1783 0.052444
1784 0.052056
1785 0.050960
1786 0.051458
1787 0.050477
1788 0.051065
1789 0.046978
1790 0.044127
1791 0.046201
1792 0.048513
1793 0.049082
1794 0.047652
1795 0.050947
1796 0.051306
1797 0.051883
1798 0.053027
1799 0.052353
1800 0.057001
1801 0.062257
1802 0.064060
1803 0.059956
1804 0.053597
1805 0.050065
1806 0.046555
1807 0.051072
1808 0.055555
1809 0.060765
1810 0.056507
1811 0.049765
1812 0.045104
1813 0.045826
1814 0.050252
1815 0.054511
1816 0.052757
1817 0.048024
1818 0.049706
1819 0.051881
1820 0.057572
1821 0.059125
1822 0.060841
1823 0.060469
1824 0.054632
1825 0.048957
1826 0.045437
1827 0.043663
1828 0.043206
1829 0.049428
1830 0.053199
1831 0.056029
1832 0.051566
1833 0.045202
1834 0.039475
1835 0.039037
1836 0.042126
1837 0.044555
1838 0.044186
1839 0.040763
1840 0.042690
1841 0.045747
1842 0.051380
1843 0.053207
1844 0.048046
1845 0.042754
1846 0.038950
1847 0.041446
1848 0.044709
1849 0.046506
1850 0.045686
1851 0.040301
1852 0.036600
1853 0.033958
1854 0.035601
1855 0.041127
1856 0.047216
1857 0.048459
1858 0.047284
1859 0.042851
1860 0.039680
1861 0.038096
1862 0.036125
1863 0.036135
1864 0.036014
1865 0.037406
1866 0.034107
1867 0.033659
1868 0.033704
1869 0.037752
1870 0.042950
1871 0.045971
1872 0.049121
1873 0.044401
1874 0.039126
1875 0.034529
1876 0.036810
1877 0.043939
1878 0.049852
1879 0.046902
1880 0.038557
1881 0.035083
1882 0.030988
1883 0.030791
1884 0.033932
1885 0.038466
1886 0.044232
1887 0.047825
1888 0.048114
1889 0.042307
1890 0.038833
1891 0.036297
1892 0.037262
1893 0.042548
1894 0.045051
1895 0.047837
1896 0.042408
1897 0.039677
1898 0.036510
1899 0.035843
1900 0.038929
1901 0.040878
1902 0.038012
1903 0.034995
1904 0.036833
1905 0.042517
1906 0.049761
1907 0.059751
1908 0.053628
1909 0.044196
1910 0.035910
1911 0.035366
1912 0.042015
1913 0.048310
1914 0.050478
1915 0.043532
1916 0.039370
1917 0.038663
1918 0.041038
1919 0.044073
1920 0.046161
1921 0.049191
1922 0.049011
1923 0.046307
1924 0.040466
1925 0.038326
1926 0.043464
1927 0.048411
1928 0.051606
1929 0.051674
1930 0.048301
1931 0.046541
1932 0.046159
1933 0.049632
1934 0.049025
1935 0.049919
1936 0.046642
1937 0.038206
1938 0.035815
1939 0.037280
1940 0.044402
1941 0.049575
1942 0.050401
1943 0.048217
1944 0.043170
1945 0.040900
1946 0.038562
1947 0.040160
1948 0.037252
1949 0.034855
1950 0.031778
1951 0.031480
1952 0.036421
1953 0.041449
1954 0.042895
1955 0.042716
1956 0.039139
1957 0.038959
1958 0.039700
1959 0.041811
1960 0.041621
1961 0.044302
1962 0.045815
1963 0.043694
1964 0.039502
1965 0.035301
1966 0.033645
1967 0.034761
1968 0.037240
1969 0.042776
1970 0.044023
1971 0.039850
1972 0.033746
1973 0.028857
1974 0.030353
1975 0.036342
1976 0.047328
1977 0.057925
1978 0.058753
1979 0.054262
1980 0.050064
1981 0.050928
1982 0.047403
1983 0.044329
1984 0.043873
1985 0.038936
1986 0.037502
1987 0.037617
1988 0.040185
1989 0.042075
1990 0.044417
1991 0.043282
1992 0.040189
1993 0.036743
1994 0.036513
1995 0.038859
1996 0.043765
1997 0.050675
1998 0.048769
1999 0.045005
2000 0.037216
2001 0.032727
2002 0.034764
2003 0.040438
2004 0.047814
2005 0.048008
2006 0.043858
2007 0.033060
2008 0.029688
2009 0.028750
2010 0.034870
2011 0.039483
2012 0.044988
2013 0.047821
2014 0.045007
2015 0.041533
2016 0.033848
2017 0.031774
2018 0.033039
2019 0.038034
2020 0.043891
2021 0.044275
2022 0.040066
2023 0.033501
2024 0.030653
2025 0.031527
2026 0.034392
2027 0.042085
2028 0.052587
2029 0.056367
2030 0.049542
2031 0.038051
2032 0.033441
2033 0.030315
2034 0.032906
2035 0.036052
2036 0.038980
2037 0.040297
2038 0.042597
2039 0.042181
2040 0.040141
2041 0.035733
2042 0.034644
2043 0.034728
2044 0.042148
2045 0.045758
2046 0.050014
2047 0.044961
2048 0.038973
2049 0.037163
2050 0.037774
2051 0.036235
2052 0.034972
2053 0.036920
2054 0.042779
2055 0.049469
2056 0.045704
2057 0.041065
2058 0.031935
2059 0.030603
2060 0.034722
2061 0.048033
2062 0.059178
2063 0.056677
2064 0.046769
2065 0.044195
2066 0.041682
2067 0.036081
2068 0.032715
2069 0.031884
2070 0.034338
2071 0.038929
2072 0.042722
2073 0.040162
2074 0.035693
2075 0.034960
2076 0.033544
2077 0.037042
2078 0.039622
2079 0.043808
2080 0.044805
2081 0.046462
2082 0.043697
2083 0.039526
2084 0.035665
2085 0.034007
2086 0.035703
2087 0.043250
2088 0.047548
2089 0.049444
2090 0.040258
2091 0.031543
2092 0.025435
2093 0.024054
2094 0.030330
2095 0.036780
2096 0.042537
2097 0.042572
2098 0.035861
2099 0.030036
2100 0.027609
2101 0.026591
2102 0.031353
2103 0.033683
2104 0.034685
2105 0.035213
2106 0.038719
2107 0.039718
2108 0.038774
2109 0.034631
2110 0.030635
2111 0.029716
2112 0.031554
2113 0.034251
2114 0.035190
2115 0.031221
2116 0.030036
2117 0.026794
2118 0.026587
2119 0.029368
2120 0.032116
2121 0.035950
2122 0.037817
2123 0.042118
2124 0.039037
2125 0.032873
2126 0.025389
2127 0.021986
2128 0.024984
2129 0.031415
2130 0.036690
2131 0.036113
2132 0.031389
2133 0.028568
2134 0.025618
2135 0.025126
2136 0.024297
2137 0.024509
2138 0.028501
2139 0.031535
2140 0.037072
2141 0.034039
2142 0.031063
2143 0.026824
2144 0.024230
2145 0.025960
2146 0.029530
2147 0.031846
2148 0.031661
2149 0.029596
2150 0.028976
2151 0.027116
2152 0.026055
2153 0.026152
2154 0.026605
2155 0.027215
2156 0.031208
2157 0.033535
2158 0.028675
2159 0.020763
2160 0.015967
2161 0.015922
2162 0.018077
2163 0.021840
2164 0.024479
2165 0.023402
2166 0.024255
2167 0.024087
2168 0.025427
2169 0.024209
2170 0.024088
2171 0.023674
2172 0.023496
2173 0.024398
2174 0.025384
2175 0.024958
2176 0.021011
2177 0.016107
2178 0.015080
2179 0.015481
2180 0.018220
2181 0.018596
2182 0.020003
2183 0.020685
2184 0.018891
2185 0.019142
2186 0.016554
2187 0.015273
2188 0.015535
2189 0.018388
2190 0.023790
2191 0.027473
2192 0.025482
2193 0.018875
2194 0.014219
2195 0.012056
2196 0.013656
2197 0.018277
2198 0.022508
2199 0.023238
2200 0.021613
2201 0.019493
2202 0.020444
2203 0.018870
2204 0.017276
2205 0.015877
2206 0.016195
2207 0.019005
2208 0.019102
2209 0.017185
2210 0.015003
2211 0.013465
2212 0.013948
2213 0.014877
2214 0.016396
2215 0.017201
2216 0.019380
2217 0.019163
2218 0.017479
2219 0.014850
2220 0.012942
2221 0.012737
2222 0.013996
2223 0.016755
2224 0.018045
2225 0.018560
2226 0.017339
2227 0.015905
2228 0.012715
2229 0.010575
2230 0.010609
2231 0.012417
2232 0.014489
2233 0.016052
2234 0.016507
2235 0.017693
2236 0.017785
2237 0.016822
2238 0.013642
2239 0.010985
2240 0.010927
2241 0.012990
2242 0.014815
2243 0.014956
2244 0.013441
2245 0.012269
2246 0.011427
2247 0.011619
2248 0.012000
2249 0.013448
2250 0.014294
2251 0.014891
2252 0.014801
2253 0.013511
2254 0.014420
2255 0.014174
2256 0.013784
2257 0.013166
2258 0.012223
2259 0.012530
2260 0.012267
2261 0.012177
2262 0.012138
2263 0.012631
2264 0.013969
2265 0.012795
2266 0.012379
2267 0.011113
2268 0.012593
2269 0.014614
2270 0.016836
2271 0.017719
2272 0.015267
2273 0.013649
2274 0.011224
2275 0.011425
2276 0.013000
2277 0.013169
2278 0.012415
2279 0.011760
2280 0.013749
2281 0.015458
2282 0.015405
2283 0.013309
2284 0.010324
2285 0.010599
2286 0.012071
2287 0.016201
2288 0.016421
2289 0.014673
2290 0.011577
2291 0.010487
2292 0.010298
2293 0.010789
2294 0.010898
2295 0.010624
2296 0.012025
2297 0.014438
2298 0.015746
2299 0.014420
2300 0.011496
2301 0.011339
2302 0.011892
2303 0.012919
2304 0.012299
2305 0.012025
2306 0.012133
2307 0.013448
2308 0.014618
2309 0.014378
2310 0.012398
2311 0.011396
2312 0.011178
2313 0.011281
2314 0.012541
2315 0.013306
2316 0.012323
2317 0.012196
2318 0.011837
2319 0.012500
2320 0.012834
2321 0.013713
2322 0.013965
2323 0.012192
2324 0.012499
2325 0.011623
2326 0.011316
2327 0.010578
2328 0.010276
2329 0.009831
2330 0.008769
2331 0.010182
2332 0.011470
2333 0.012349
2334 0.013055
2335 0.013566
2336 0.014051
2337 0.013137
2338 0.011071
2339 0.009162
2340 0.008182
2341 0.008765
2342 0.010185
2343 0.009917
2344 0.009171
2345 0.009267
2346 0.009537
2347 0.011230
2348 0.011498
2349 0.011150
2350 0.010116
2351 0.010506
2352 0.011232
2353 0.010335
2354 0.009521
2355 0.007828
2356 0.007870
2357 0.009014
2358 0.010783
2359 0.011290
2360 0.009491
2361 0.007978
2362 0.007332
2363 0.007223
2364 0.008420
2365 0.008597
2366 0.009169
2367 0.009263
2368 0.010031
2369 0.009232
2370 0.008445
2371 0.007765
2372 0.007776
2373 0.008735
2374 0.009488
2375 0.010230
2376 0.008821
2377 0.008001
2378 0.006796
2379 0.007024
2380 0.007478
2381 0.006706
2382 0.007120
2383 0.006631
2384 0.007291
2385 0.006746
2386 0.006883
2387 0.006800
2388 0.006086
2389 0.006627
2390 0.006789
2391 0.008101
2392 0.008027
2393 0.007584
2394 0.007711
2395 0.007310
2396 0.008354
2397 0.007424
2398 0.007091
2399 0.006496
2400 0.006286
2401 0.006145
2402 0.006300
2403 0.006300
2404 0.006201
2405 0.006849
2406 0.007828
2407 0.007911
2408 0.007392
2409 0.006275
2410 0.006436
2411 0.006646
2412 0.006612
2413 0.006682
2414 0.006352
2415 0.007302
2416 0.007960
2417 0.007537
2418 0.006460
2419 0.005210
2420 0.005742
2421 0.006472
2422 0.007017
2423 0.006608
2424 0.005296
2425 0.005948
2426 0.006060
2427 0.006832
2428 0.005994
2429 0.006434
2430 0.007486
2431 0.008188
2432 0.008868
2433 0.007117
2434 0.006909
2435 0.006581
2436 0.007846
2437 0.007811
2438 0.007695
2439 0.006670
2440 0.006648
2441 0.006956
2442 0.008106
2443 0.009695
2444 0.008755
2445 0.008591
2446 0.007391
2447 0.007109
2448 0.006675
2449 0.007033
2450 0.006042
2451 0.005704
2452 0.006011
2453 0.007057
2454 0.008000
2455 0.007463
2456 0.007214
2457 0.007542
2458 0.009080
2459 0.009646
2460 0.008774
2461 0.007585
2462 0.007668
2463 0.007795
2464 0.007314
2465 0.006831
2466 0.006236
2467 0.007369
2468 0.007700
2469 0.007809
2470 0.007098
2471 0.006699
2472 0.006631
2473 0.007560
2474 0.007994
2475 0.007396
2476 0.007444
2477 0.006402
2478 0.007458
2479 0.007294
2480 0.008249
2481 0.007298
2482 0.007969
2483 0.007281
2484 0.008005
2485 0.007722
2486 0.006495
2487 0.006411
2488 0.005753
2489 0.006460
2490 0.005820
2491 0.006193
2492 0.006288
2493 0.008272
2494 0.008985
2495 0.008630
2496 0.007632
2497 0.007216
2498 0.008675
2499 0.009690
2500 0.009381
2501 0.008777
2502 0.007263
2503 0.007103
2504 0.007399
2505 0.007830
2506 0.006965
2507 0.006433
2508 0.006623
2509 0.008094
2510 0.009035
2511 0.008396
2512 0.008079
2513 0.008122
2514 0.009403
2515 0.009349
2516 0.008482
2517 0.006971
2518 0.005916
2519 0.006304
2520 0.007134
2521 0.008069
2522 0.008089
2523 0.007794
2524 0.007512
2525 0.007897
2526 0.007389
2527 0.006933
2528 0.005684
2529 0.006352
2530 0.007006
2531 0.007489
2532 0.007411
2533 0.006293
2534 0.006628
2535 0.007230
2536 0.008966
2537 0.008321
2538 0.007076
2539 0.006742
2540 0.006558
2541 0.007349
2542 0.006632
2543 0.006297
2544 0.006112
2545 0.007067
2546 0.008003
2547 0.007971
2548 0.007488
2549 0.007159
2550 0.007996
2551 0.007554
2552 0.007961
2553 0.007226
2554 0.007449
2555 0.006995
2556 0.006417
2557 0.005902
2558 0.005838
2559 0.007558
2560 0.008777
2561 0.009954
2562 0.009388
2563 0.009024
2564 0.008060
2565 0.008394
2566 0.008152
2567 0.007615
2568 0.007036
2569 0.006203
2570 0.006947
2571 0.006856
2572 0.006907
2573 0.005984
2574 0.006736
2575 0.007892
2576 0.008161
2577 0.008108
2578 0.007572
2579 0.007433
2580 0.007740
2581 0.009146
2582 0.009150
2583 0.008599
2584 0.006687
2585 0.007060
2586 0.007372
2587 0.008337
2588 0.007138
2589 0.006515
2590 0.006396
2591 0.007478
2592 0.008669
2593 0.008118
2594 0.007574
2595 0.007387
2596 0.008604
2597 0.008116
2598 0.008542
2599 0.007840
2600 0.008944
2601 0.008660
2602 0.008194
2603 0.006245
2604 0.005846
2605 0.006075
2606 0.007231
2607 0.007169
2608 0.006555
2609 0.006864
2610 0.006649
2611 0.007445
2612 0.006987
2613 0.006924
2614 0.006393
2615 0.007339
2616 0.006689
2617 0.006005
2618 0.005870
2619 0.005714
2620 0.006744
2621 0.007375
2622 0.007710
2623 0.006460
2624 0.005609
2625 0.005417
2626 0.005297
2627 0.005831
2628 0.004981
2629 0.005619
2630 0.005918
2631 0.007484
2632 0.007699
2633 0.007714
2634 0.006847
2635 0.006486
2636 0.006421
2637 0.005978
2638 0.005448
2639 0.004608
2640 0.004399
2641 0.004868
2642 0.005952
2643 0.006006
2644 0.006221
2645 0.006423
2646 0.007257
2647 0.007080
2648 0.006280
2649 0.005748
2650 0.005918
2651 0.005915
2652 0.005225
2653 0.004141
2654 0.003768
2655 0.003843
2656 0.004316
2657 0.004969
2658 0.005344
2659 0.006068
2660 0.006677
2661 0.007423
2662 0.006380
2663 0.005085
2664 0.004448
2665 0.004739
2666 0.004565
2667 0.004401
2668 0.003790
2669 0.003979
2670 0.004009
2671 0.004967
2672 0.004939
2673 0.004994
2674 0.004924
2675 0.005412
2676 0.005722
2677 0.005625
2678 0.004274
2679 0.003588
2680 0.003543
2681 0.004060
2682 0.004853
2683 0.005098
2684 0.004403
2685 0.003807
2686 0.003567
2687 0.003651
2688 0.003662
2689 0.003696
2690 0.003438
2691 0.003782
2692 0.003750
2693 0.003788
2694 0.004025
2695 0.004504
2696 0.005690
2697 0.005758
2698 0.005867
2699 0.004862
2700 0.004285
2701 0.004247
2702 0.004289
2703 0.003975
2704 0.003632
2705 0.003542
2706 0.003787
2707 0.004247
2708 0.004915
2709 0.005351
2710 0.005394
2711 0.005270
2712 0.005179
2713 0.005037
2714 0.004589
2715 0.004343
2716 0.004352
2717 0.004431
2718 0.004176
2719 0.003949
2720 0.003764
2721 0.004442
2722 0.004733
2723 0.005337
2724 0.005060
2725 0.004913
2726 0.005010
2727 0.004871
2728 0.005069
2729 0.004612
2730 0.004654
2731 0.004592
2732 0.004924
2733 0.005040
2734 0.005023
2735 0.004621
2736 0.004205
2737 0.003350
2738 0.003615
2739 0.004270
2740 0.004983
2741 0.005543
2742 0.005730
2743 0.005974
2744 0.005513
2745 0.005985
2746 0.005885
2747 0.005139
2748 0.004342
2749 0.004394
2750 0.004478
2751 0.004992
2752 0.004690
2753 0.005019
2754 0.005644
2755 0.006672
2756 0.007246
2757 0.006690
2758 0.006048
2759 0.005702
2760 0.005469
2761 0.005710
2762 0.005042
2763 0.005077
2764 0.005353
2765 0.006148
2766 0.006170
2767 0.005308
2768 0.004886
2769 0.004941
2770 0.005130
2771 0.004793
2772 0.005018
2773 0.004864
2774 0.005614
2775 0.005482
2776 0.005953
2777 0.005334
2778 0.006183
2779 0.006521
2780 0.007313
2781 0.007386
2782 0.007180
2783 0.006322
2784 0.005758
2785 0.004985
2786 0.004026
2787 0.003255
2788 0.003232
2789 0.003865
2790 0.004469
2791 0.004894
2792 0.004871
2793 0.005400
2794 0.006226
2795 0.006770
2796 0.006720
2797 0.006266
2798 0.005997
2799 0.005493
2800 0.004591
2801 0.004203
2802 0.003808
2803 0.004594
2804 0.005224
2805 0.005487
2806 0.005819
2807 0.006042
2808 0.006040
2809 0.006088
2810 0.005369
2811 0.004923
2812 0.005057
2813 0.004662
2814 0.005033
2815 0.004619
2816 0.004772
2817 0.004726
2818 0.005323
2819 0.005332
2820 0.005792
2821 0.005820
2822 0.005622
2823 0.005169
2824 0.004773
2825 0.004490
2826 0.004578
2827 0.004835
2828 0.004867
2829 0.004864
2830 0.005527
2831 0.005695
2832 0.005497
2833 0.005034
2834 0.005141
2835 0.005028
2836 0.004302
2837 0.004130
2838 0.004072
2839 0.004669
2840 0.004822
2841 0.004925
2842 0.004751
2843 0.005047
2844 0.005298
2845 0.006042
2846 0.005537
2847 0.005165
2848 0.004645
2849 0.004308
2850 0.003803
2851 0.003316
2852 0.003428
2853 0.003340
2854 0.004022
2855 0.004210
2856 0.004448
2857 0.004237
2858 0.004772
2859 0.004990
2860 0.005258
2861 0.004599
2862 0.004279
2863 0.003845
2864 0.003652
2865 0.003462
2866 0.003272
2867 0.003251
2868 0.003499
2869 0.003927
2870 0.004095
2871 0.003986
2872 0.004006
2873 0.004114
2874 0.004551
2875 0.004336
2876 0.004046
2877 0.003847
2878 0.003887
2879 0.004003
2880 0.004143
2881 0.004045
2882 0.003622
2883 0.003783
2884 0.003526
2885 0.003849
2886 0.003198
2887 0.002876
2888 0.002811
2889 0.003339
2890 0.003938
2891 0.003710
2892 0.003130
2893 0.002745
2894 0.003307
2895 0.003554
2896 0.003729
2897 0.003432
2898 0.003573
2899 0.003598
2900 0.003721
2901 0.003407
2902 0.003639
2903 0.003458
2904 0.003314
2905 0.003015
2906 0.002930
2907 0.003013
2908 0.003255
2909 0.003335
2910 0.003328
2911 0.003051
2912 0.002932
2913 0.002910
2914 0.002981
2915 0.002997
2916 0.003137
2917 0.003253
2918 0.003422
2919 0.003251
2920 0.002792
2921 0.002356
2922 0.002410
2923 0.002674
2924 0.003074
2925 0.003417
2926 0.003467
2927 0.003813
2928 0.004030
2929 0.004020
2930 0.003770
2931 0.003085
2932 0.002588
2933 0.002429
2934 0.002531
2935 0.002720
2936 0.002493
2937 0.002337
2938 0.002656
2939 0.003114
2940 0.003472
2941 0.004103
2942 0.004244
2943 0.004089
2944 0.003486
2945 0.002784
2946 0.002379
2947 0.002435
2948 0.002552
2949 0.002789
2950 0.002857
2951 0.003056
2952 0.003527
2953 0.003629
2954 0.003325
2955 0.002954
2956 0.002822
2957 0.003095
2958 0.003390
2959 0.003338
2960 0.002908
2961 0.002604
2962 0.002677
2963 0.003091
2964 0.003249
2965 0.003119
2966 0.002941
2967 0.002713
2968 0.002531
2969 0.002480
2970 0.002781
2971 0.002937
2972 0.002853
2973 0.002449
2974 0.002296
2975 0.002317
2976 0.002971
2977 0.003374
2978 0.003352
2979 0.003178
2980 0.003099
2981 0.003048
2982 0.002469
2983 0.002325
2984 0.002058
2985 0.002297
2986 0.002441
2987 0.002417
2988 0.002485
2989 0.002829
2990 0.003420
2991 0.003887
2992 0.003549
2993 0.002956
2994 0.002410
2995 0.002318
2996 0.002226
2997 0.002152
2998 0.002101
2999 0.002466
3000 0.002665
3001 0.002788
3002 0.002989
3003 0.003316
3004 0.003625
3005 0.003367
3006 0.002869
3007 0.002595
3008 0.002560
3009 0.002526
3010 0.002294
3011 0.002138
3012 0.002023
3013 0.002272
3014 0.002461
3015 0.002630
3016 0.002283
3017 0.002114
3018 0.002198
3019 0.002285
3020 0.002303
3021 0.002208
3022 0.002309
3023 0.002639
3024 0.002537
3025 0.002511
3026 0.002682
3027 0.002757
3028 0.003181
3029 0.002725
3030 0.002476
3031 0.002206
3032 0.002172
3033 0.002084
3034 0.002063
3035 0.001877
3036 0.001959
3037 0.001723
3038 0.001774
3039 0.001881
3040 0.002208
3041 0.002509
3042 0.002677
3043 0.002327
3044 0.002016
3045 0.002032
3046 0.002077
3047 0.001977
3048 0.001970
3049 0.001954
3050 0.001912
3051 0.001794
3052 0.001670
3053 0.001637
3054 0.001912
3055 0.002089
3056 0.002237
3057 0.002142
3058 0.002357
3059 0.002780
3060 0.002721
3061 0.002680
3062 0.002461
3063 0.002460
3064 0.002439
3065 0.002219
3066 0.001812
3067 0.001730
3068 0.001800
3069 0.002265
3070 0.002772
3071 0.002854
3072 0.003161
3073 0.003016
3074 0.002605
3075 0.002218
3076 0.002068
3077 0.002203
3078 0.002399
3079 0.002200
3080 0.001844
3081 0.001697
3082 0.001964
3083 0.002251
3084 0.002329
3085 0.002405
3086 0.002635
3087 0.002811
3088 0.002676
3089 0.002659
3090 0.002666
3091 0.002570
3092 0.002488
3093 0.002009
3094 0.001802
3095 0.001884
3096 0.002222
3097 0.002453
3098 0.002506
3099 0.002765
3100 0.002616
3101 0.002614
3102 0.002276
3103 0.002246
3104 0.002394
3105 0.002702
3106 0.002830
3107 0.002885
3108 0.002905
3109 0.003033
3110 0.003255
3111 0.003464
3112 0.003143
3113 0.002732
3114 0.002458
3115 0.002620
3116 0.002245
3117 0.002155
3118 0.002038
3119 0.002465
3120 0.002842
3121 0.003151
3122 0.003351
3123 0.003679
3124 0.003770
3125 0.003643
3126 0.003268
3127 0.003446
3128 0.003216
3129 0.002835
3130 0.002238
3131 0.001915
3132 0.001846
3133 0.002299
3134 0.002775
3135 0.002824
3136 0.002586
3137 0.002734
3138 0.003048
3139 0.003147
3140 0.002868
3141 0.002556
3142 0.002398
3143 0.002012
3144 0.001964
3145 0.001890
3146 0.002077
3147 0.002292
3148 0.002322
3149 0.002196
3150 0.002176
3151 0.002634
3152 0.003277
3153 0.003127
3154 0.002695
3155 0.002216
3156 0.002195
3157 0.002376
3158 0.002376
3159 0.002131
3160 0.001979
3161 0.001975
3162 0.002171
3163 0.002519
3164 0.002875
3165 0.002821
3166 0.002861
3167 0.002645
3168 0.002277
3169 0.001963
3170 0.001996
3171 0.002383
3172 0.002717
3173 0.002715
3174 0.002579
3175 0.002616
3176 0.002617
3177 0.002498
3178 0.002305
3179 0.002454
3180 0.002392
3181 0.002237
3182 0.002086
3183 0.002066
3184 0.002501
3185 0.003024
3186 0.003213
3187 0.003287
3188 0.003036
3189 0.003076
3190 0.003229
3191 0.003021
3192 0.002714
3193 0.002696
3194 0.002686
3195 0.002571
3196 0.002415
3197 0.002554
3198 0.002837
3199 0.002930
3200 0.002816
3201 0.002824
3202 0.002825
3203 0.003169
3204 0.003282
3205 0.003460
3206 0.003278
3207 0.003537
3208 0.003777
3209 0.003734
3210 0.003492
3211 0.003245
3212 0.003258
3213 0.003357
3214 0.003416
3215 0.003296
3216 0.003328
3217 0.003608
3218 0.003847
3219 0.003993
3220 0.004136
3221 0.004490
3222 0.004294
3223 0.004049
3224 0.003330
3225 0.002937
3226 0.002918
3227 0.002969
3228 0.002862
3229 0.002663
3230 0.002914
3231 0.003121
3232 0.003832
3233 0.003812
3234 0.004172
3235 0.004663
3236 0.004927
3237 0.004399
3238 0.004120
3239 0.003604
3240 0.003793
3241 0.003402
3242 0.003128
3243 0.002897
3244 0.002737
3245 0.003076
3246 0.003236
3247 0.003095
3248 0.003049
3249 0.003123
3250 0.003823
3251 0.003978
3252 0.003556
3253 0.003111
3254 0.002803
3255 0.002896
3256 0.003376
3257 0.003394
3258 0.003418
3259 0.003512
3260 0.003258
3261 0.003413
3262 0.003641
3263 0.003865
3264 0.003691
3265 0.003326
3266 0.002788
3267 0.002632
3268 0.002837
3269 0.003746
3270 0.004034
3271 0.003863
3272 0.003371
3273 0.003163
3274 0.002812
3275 0.002872
3276 0.003167
3277 0.003545
3278 0.003333
3279 0.002831
3280 0.002503
3281 0.002750
3282 0.003086
3283 0.003285
3284 0.003143
3285 0.002846
3286 0.003083
3287 0.003133
3288 0.003289
3289 0.003199
3290 0.002984
3291 0.003230
3292 0.003204
3293 0.002947
3294 0.002923
3295 0.002678
3296 0.002863
3297 0.002890
3298 0.003128
3299 0.003082
3300 0.003114
3301 0.003173
3302 0.003428
3303 0.003201
3304 0.003059
3305 0.002799
3306 0.002660
3307 0.002550
3308 0.002477
3309 0.002694
3310 0.002689
3311 0.002821
3312 0.002989
3313 0.003077
3314 0.003331
3315 0.003470
3316 0.003217
3317 0.002849
3318 0.002925
3319 0.003085
3320 0.003197
3321 0.002837
3322 0.002636
3323 0.002443
3324 0.002233
3325 0.002352
3326 0.002847
3327 0.003264
3328 0.003729
3329 0.003557
3330 0.002906
3331 0.002280
3332 0.002218
3333 0.002473
3334 0.002887
3335 0.003210
3336 0.003127
3337 0.003241
3338 0.003205
3339 0.003312
3340 0.003247
3341 0.003609
3342 0.004068
3343 0.003881
3344 0.003626
3345 0.003410
3346 0.003722
3347 0.003905
3348 0.003837
3349 0.003633
3350 0.003985
3351 0.004160
3352 0.003995
3353 0.003577
3354 0.003149
3355 0.003230
3356 0.003262
3357 0.003434
3358 0.003202
3359 0.003116
3360 0.003687
3361 0.004442
3362 0.005180
3363 0.005385
3364 0.004541
3365 0.004036
3366 0.003656
3367 0.003166
3368 0.003203
3369 0.003355
3370 0.003667
3371 0.003498
3372 0.003402
3373 0.003117
3374 0.003283
3375 0.003219
3376 0.003634
3377 0.003484
3378 0.003507
3379 0.003685
3380 0.003537
3381 0.003199
3382 0.003263
3383 0.003617
3384 0.004343
3385 0.004516
3386 0.004344
3387 0.004361
3388 0.004297
3389 0.004117
3390 0.004103
3391 0.003559
3392 0.003548
3393 0.003678
3394 0.003929
3395 0.004132
3396 0.004254
3397 0.004258
3398 0.003985
3399 0.003807
3400 0.003936
3401 0.004328
3402 0.004729
3403 0.004446
3404 0.003548
3405 0.002883
3406 0.002901
3407 0.003107
3408 0.003285
3409 0.003562
3410 0.004081
3411 0.004547
3412 0.004810
3413 0.004772
3414 0.004626
3415 0.004390
3416 0.004494
3417 0.004510
3418 0.004140
3419 0.003974
3420 0.004136
3421 0.004175
3422 0.003639
3423 0.003224
3424 0.003317
3425 0.003814
3426 0.003862
3427 0.003787
3428 0.003794
3429 0.004224
3430 0.004848
3431 0.005486
3432 0.005138
3433 0.004509
3434 0.003789
3435 0.003488
3436 0.003184
3437 0.003158
3438 0.003487
3439 0.003747
3440 0.003911
3441 0.003584
3442 0.004006
3443 0.004607
3444 0.005174
3445 0.005170
3446 0.004446
3447 0.004062
3448 0.003979
3449 0.004080
3450 0.004456
3451 0.004488
3452 0.005031
3453 0.005187
3454 0.004633
3455 0.003957
3456 0.003706
3457 0.003717
3458 0.004008
3459 0.003870
3460 0.003890
3461 0.003594
3462 0.003653
3463 0.003853
3464 0.003870
3465 0.004437
3466 0.005302
3467 0.005792
3468 0.005757
3469 0.005416
3470 0.005051
3471 0.004871
3472 0.004444
3473 0.004030
3474 0.003791
3475 0.004078
3476 0.004331
3477 0.004303
3478 0.003852
3479 0.004227
3480 0.005236
3481 0.005765
3482 0.006210
3483 0.006068
3484 0.005483
3485 0.004585
3486 0.004126
3487 0.004349
3488 0.005013
3489 0.005138
3490 0.005282
3491 0.004648
3492 0.004429
3493 0.005417
3494 0.006251
3495 0.006140
3496 0.005835
3497 0.005672
3498 0.005708
3499 0.006414
3500 0.007026
3501 0.006983
3502 0.006010
3503 0.004721
3504 0.003892
3505 0.003596
3506 0.003657
3507 0.004947
3508 0.005787
3509 0.006286
3510 0.005848
3511 0.005724
3512 0.006139
3513 0.006502
3514 0.006973
3515 0.006653
3516 0.006993
3517 0.006980
3518 0.006860
3519 0.006531
3520 0.006448
3521 0.007333
3522 0.008764
3523 0.008392
3524 0.005939
3525 0.004958
3526 0.004636
3527 0.005455
3528 0.006198
3529 0.006069
3530 0.005701
3531 0.005772
3532 0.006097
3533 0.007015
3534 0.008138
3535 0.009307
3536 0.009097
3537 0.007680
3538 0.007156
3539 0.007345
3540 0.007878
3541 0.007556
3542 0.007005
3543 0.006391
3544 0.006178
3545 0.006107
3546 0.006426
3547 0.007112
3548 0.008301
3549 0.008776
3550 0.008911
3551 0.008638
3552 0.007819
3553 0.007849
3554 0.007686
3555 0.007506
3556 0.008337
3557 0.008935
3558 0.009161
3559 0.008571
3560 0.008123
3561 0.008043
3562 0.008485
3563 0.009105
3564 0.009736
3565 0.009036
3566 0.008708
3567 0.008845
3568 0.009319
3569 0.010134
3570 0.011653
3571 0.012489
3572 0.012066
3573 0.010103
3574 0.008136
3575 0.007055
3576 0.007440
3577 0.007719
3578 0.009291
3579 0.010563
3580 0.011338
3581 0.010392
3582 0.010007
3583 0.010314
3584 0.011155
3585 0.011676
3586 0.011839
3587 0.010342
3588 0.009196
3589 0.008089
3590 0.008159
3591 0.009006
3592 0.009960
3593 0.010162
3594 0.010516
3595 0.010257
3596 0.011500
3597 0.013626
3598 0.014512
3599 0.014893
3600 0.013966
3601 0.013704
3602 0.012966
3603 0.011306
3604 0.009789
3605 0.010580
3606 0.012324
3607 0.013424
3608 0.012249
3609 0.010415
3610 0.010193
3611 0.010804
3612 0.011175
3613 0.012536
3614 0.012958
3615 0.012487
3616 0.011680
3617 0.011835
3618 0.012093
3619 0.014404
3620 0.015745
3621 0.016353
3622 0.014576
3623 0.013409
3624 0.014165
3625 0.014342
3626 0.014338
3627 0.014227
3628 0.014627
3629 0.012489
3630 0.011144
3631 0.010631
3632 0.011006
3633 0.012814
3634 0.015151
3635 0.017225
3636 0.016504
3637 0.015362
3638 0.016085
3639 0.017855
3640 0.018827
3641 0.018457
3642 0.017222
3643 0.015057
3644 0.015037
3645 0.014364
3646 0.014782
3647 0.016100
3648 0.017933
3649 0.019481
3650 0.020098
3651 0.018532
3652 0.016595
3653 0.017470
3654 0.018382
3655 0.019580
3656 0.017638
3657 0.015160
3658 0.015245
3659 0.016296
3660 0.019721
3661 0.021339
3662 0.020933
3663 0.019408
3664 0.017037
3665 0.018306
3666 0.018498
3667 0.019450
3668 0.018460
3669 0.018743
3670 0.019098
3671 0.019197
3672 0.019681
3673 0.020768
3674 0.021785
3675 0.018496
3676 0.017045
3677 0.015739
3678 0.015050
3679 0.015798
3680 0.015947
3681 0.015680
3682 0.016680
3683 0.016431
3684 0.016061
3685 0.017440
3686 0.017319
3687 0.016547
3688 0.015258
3689 0.013463
3690 0.015089
3691 0.018541
3692 0.020806
3693 0.020907
3694 0.020184
3695 0.018777
3696 0.018492
3697 0.017333
3698 0.015335
3699 0.014923
3700 0.015473
3701 0.016325
3702 0.015013
3703 0.014398
3704 0.014587
3705 0.015056
3706 0.015018
3707 0.016769
3708 0.018289
3709 0.019055
3710 0.019602
3711 0.019600
3712 0.018398
3713 0.017213
3714 0.017472
3715 0.018958
3716 0.017551
3717 0.015720
3718 0.014770
3719 0.015890
3720 0.018418
3721 0.019995
3722 0.021447
3723 0.020922
3724 0.019495
3725 0.018289
3726 0.018966
3727 0.021326
3728 0.023061
3729 0.023136
3730 0.020943
3731 0.019494
3732 0.020094
3733 0.021831
3734 0.023100
3735 0.023046
3736 0.020173
3737 0.019987
3738 0.019673
3739 0.018306
3740 0.021022
3741 0.021500
3742 0.021629
3743 0.022156
3744 0.021485
3745 0.020865
3746 0.023248
3747 0.024975
3748 0.027173
3749 0.026431
3750 0.027964
3751 0.027214
3752 0.026339
3753 0.023330
3754 0.021816
3755 0.021656
3756 0.022795
3757 0.026043
3758 0.026289
3759 0.026033
3760 0.025531
3761 0.023821
3762 0.021633
3763 0.022063
3764 0.020978
3765 0.021334
3766 0.021069
3767 0.021058
3768 0.023877
3769 0.026279
3770 0.028168
3771 0.034564
3772 0.035575
3773 0.037100
3774 0.029980
3775 0.026405
3776 0.023437
3777 0.023358
3778 0.024462
3779 0.028922
3780 0.031769
3781 0.030733
3782 0.027513
3783 0.025165
3784 0.023641
3785 0.024272
3786 0.023628
3787 0.023191
3788 0.022701
3789 0.024194
3790 0.024742
3791 0.023228
3792 0.020032
3793 0.021299
3794 0.022391
3795 0.024516
3796 0.026326
3797 0.026341
3798 0.028419
3799 0.030815
3800 0.031056
3801 0.028231
3802 0.024758
3803 0.023326
3804 0.023367
3805 0.025872
3806 0.027505
3807 0.028369
3808 0.028578
3809 0.029186
3810 0.023919
3811 0.020001
3812 0.020880
3813 0.022846
3814 0.024606
3815 0.022685
3816 0.022103
3817 0.021592
3818 0.023042
3819 0.025676
3820 0.023989
3821 0.021080
3822 0.020388
3823 0.020886
3824 0.023529
3825 0.027566
3826 0.029445
3827 0.028651
3828 0.024295
3829 0.021945
3830 0.021812
3831 0.021940
3832 0.022904
3833 0.025785
3834 0.028157
3835 0.028003
3836 0.024195
3837 0.021017
3838 0.019950
3839 0.019679
3840 0.020165
3841 0.020383
3842 0.020593
3843 0.020366
3844 0.020200
3845 0.020408
3846 0.021024
3847 0.021629
3848 0.020932
3849 0.019271
3850 0.019604
3851 0.019719
3852 0.020218
3853 0.020549
3854 0.020214
3855 0.018256
3856 0.018571
3857 0.019059
3858 0.019810
3859 0.018699
3860 0.017515
3861 0.016769
3862 0.016919
3863 0.017437
3864 0.017638
3865 0.016881
3866 0.017471
3867 0.017957
3868 0.016769
3869 0.017392
3870 0.015516
3871 0.015999
3872 0.016295
3873 0.016769
3874 0.017586
3875 0.017063
3876 0.014650
3877 0.014104
3878 0.014776
3879 0.017561
3880 0.019732
3881 0.019265
3882 0.017914
3883 0.016232
3884 0.016390
3885 0.016173
3886 0.014771
3887 0.013349
3888 0.013393
3889 0.014219
3890 0.014537
3891 0.016657
3892 0.019277
3893 0.019919
3894 0.017000
3895 0.014952
3896 0.015414
3897 0.015677
3898 0.015679
3899 0.015136
3900 0.015235
3901 0.015985
3902 0.014335
3903 0.012849
3904 0.011579
3905 0.011562
3906 0.013705
3907 0.014463
3908 0.013756
3909 0.012628
3910 0.011871
3911 0.012146
3912 0.012724
3913 0.012769
3914 0.012306
3915 0.012055
3916 0.013694
3917 0.016344
3918 0.016362
3919 0.014559
3920 0.013472
3921 0.011863
3922 0.010524
3923 0.009340
3924 0.009964
3925 0.012104
3926 0.012853
3927 0.012235
3928 0.010806
3929 0.010310
3930 0.012289
3931 0.014709
3932 0.014350
3933 0.012981
3934 0.012546
3935 0.012252
3936 0.012189
3937 0.012244
3938 0.011451
3939 0.010632
3940 0.009397
3941 0.008947
3942 0.009213
3943 0.008179
3944 0.008351
3945 0.008550
3946 0.009357
3947 0.009590
3948 0.009505
3949 0.009287
3950 0.009007
3951 0.009357
3952 0.010040
3953 0.010493
3954 0.010900
3955 0.010067
3956 0.009252
3957 0.008599
3958 0.008826
3959 0.009752
3960 0.010381
3961 0.009511
3962 0.007915
3963 0.007559
3964 0.008194
3965 0.009647
3966 0.010803
3967 0.010530
3968 0.009157
3969 0.008444
3970 0.008469
3971 0.007848
3972 0.007922
3973 0.007782
3974 0.007788
3975 0.008080
3976 0.008562
3977 0.008621
3978 0.009564
3979 0.008744
3980 0.009242
3981 0.009599
3982 0.010940
3983 0.010976
3984 0.010357
3985 0.009537
3986 0.008422
3987 0.007755
3988 0.006846
3989 0.006136
3990 0.006435
3991 0.006352
3992 0.007121
3993 0.006983
3994 0.007092
3995 0.006349
3996 0.006786
3997 0.006837
3998 0.007112
3999 0.006831
4000 0.006716
4001 0.007020
4002 0.006648
4003 0.006347
4004 0.006643
4005 0.006808
4006 0.007056
4007 0.006301
4008 0.005634
4009 0.005609
4010 0.005891
4011 0.005785
4012 0.005517
4013 0.005583
4014 0.005547
4015 0.005710
4016 0.005510
4017 0.005272
4018 0.005021
4019 0.004881
4020 0.005116
4021 0.005675
4022 0.005910
4023 0.005545
4024 0.004784
4025 0.004507
4026 0.004375
4027 0.004313
4028 0.004928
4029 0.005337
4030 0.005556
4031 0.004884
4032 0.004573
4033 0.004203
4034 0.004103
4035 0.003812
4036 0.003560
4037 0.003667
4038 0.003489
4039 0.003733
4040 0.003915
4041 0.003782
4042 0.003692
4043 0.003285
4044 0.003486
4045 0.003812
4046 0.003590
4047 0.003355
4048 0.003401
4049 0.003706
4050 0.003671
4051 0.003627
4052 0.002987
4053 0.002563
4054 0.002496
4055 0.002922
4056 0.003418
4057 0.003783
4058 0.003666
4059 0.003167
4060 0.002451
4061 0.002239
4062 0.002241
4063 0.002642
4064 0.003231
4065 0.003465
4066 0.003394
4067 0.003078
4068 0.003035
4069 0.002976
4070 0.003029
4071 0.002953
4072 0.002923
4073 0.002574
4074 0.002371
4075 0.002111
4076 0.002020
4077 0.002163
4078 0.002128
4079 0.002149
4080 0.002114
4081 0.001997
4082 0.002087
4083 0.002054
4084 0.002288
4085 0.002295
4086 0.002221
4087 0.002071
4088 0.001966
4089 0.002085
4090 0.002170
4091 0.002221
4092 0.002040
4093 0.002039
4094 0.001909
4095 0.001926
4096 0.001942
4097 0.001768
4098 0.001573
4099 0.001351
4100 0.001308
4101 0.001454
4102 0.001537
4103 0.001688
4104 0.001768
4105 0.001989
4106 0.001936
4107 0.002007
4108 0.001902
4109 0.001720
4110 0.001437
4111 0.001366
4112 0.001523
4113 0.001495
4114 0.001586
4115 0.001634
4116 0.001596
4117 0.001637
4118 0.001430
4119 0.001250
4120 0.001122
4121 0.001140
4122 0.001298
4123 0.001507
4124 0.001722
4125 0.001800
4126 0.001427
4127 0.001190
4128 0.001232
4129 0.001551
4130 0.002003
4131 0.002284
4132 0.002232
4133 0.001877
4134 0.001627
4135 0.001416
4136 0.001267
4137 0.001259
4138 0.001453
4139 0.001612
4140 0.001715
4141 0.001722
4142 0.001699
4143 0.001667
4144 0.001547
4145 0.001600
4146 0.001707
4147 0.001754
4148 0.001791
4149 0.001613
4150 0.001545
4151 0.001706
4152 0.001791
4153 0.001748
4154 0.001714
4155 0.001749
4156 0.002152
4157 0.002335
4158 0.002358
4159 0.001900
4160 0.001551
4161 0.001447
4162 0.001554
4163 0.001526
4164 0.001434
4165 0.001432
4166 0.001508
4167 0.001857
4168 0.002064
4169 0.002156
4170 0.002015
4171 0.001740
4172 0.001566
4173 0.001611
4174 0.001735
4175 0.002021
4176 0.002135
4177 0.001930
4178 0.001753
4179 0.001510
4180 0.001371
4181 0.001361
4182 0.001367
4183 0.001666
4184 0.001836
4185 0.001899
4186 0.001788
4187 0.001564
4188 0.001538
4189 0.001483
4190 0.001564
4191 0.001613
4192 0.001743
4193 0.001778
4194 0.001548
4195 0.001341
4196 0.001397
4197 0.001484
4198 0.001551
4199 0.001495
4200 0.001598
4201 0.001768
4202 0.002051
4203 0.001919
4204 0.001732
4205 0.001512
4206 0.001368
4207 0.001239
4208 0.001201
4209 0.001239
4210 0.001345
4211 0.001455
4212 0.001662
4213 0.001528
4214 0.001441
4215 0.001338
4216 0.001244
4217 0.001231
4218 0.001297
4219 0.001619
4220 0.001847
4221 0.001719
4222 0.001432
4223 0.001145
4224 0.001058
4225 0.001116
4226 0.001161
4227 0.001245
4228 0.001378
4229 0.001562
4230 0.001607
4231 0.001413
4232 0.001410
4233 0.001308
4234 0.001325
4235 0.001426
4236 0.001721
4237 0.001881
4238 0.002017
4239 0.001828
4240 0.001623
4241 0.001551
4242 0.001443
4243 0.001306
4244 0.001132
4245 0.001138
4246 0.001219
4247 0.001397
4248 0.001659
4249 0.001663
4250 0.001596
4251 0.001419
4252 0.001337
4253 0.001338
4254 0.001436
4255 0.001633
4256 0.001668
4257 0.001599
4258 0.001577
4259 0.001670
4260 0.001644
4261 0.001568
4262 0.001464
4263 0.001536
4264 0.001667
4265 0.001761
4266 0.001699
4267 0.001428
4268 0.001150
4269 0.001160
4270 0.001202
4271 0.001242
4272 0.001260
4273 0.001411
4274 0.001530
4275 0.001784
4276 0.002000
4277 0.001952
4278 0.001741
4279 0.001386
4280 0.001218
4281 0.001266
4282 0.001485
4283 0.001656
4284 0.001798
4285 0.001655
4286 0.001617
4287 0.001494
4288 0.001446
4289 0.001366
4290 0.001316
4291 0.001307
4292 0.001314
4293 0.001329
4294 0.001455
4295 0.001406
4296 0.001317
4297 0.001150
4298 0.001098
4299 0.001367
4300 0.001702
4301 0.001781
4302 0.001669
4303 0.001547
4304 0.001287
4305 0.001072
4306 0.000988
4307 0.000883
4308 0.001045
4309 0.001319
4310 0.001471
4311 0.001342
4312 0.001124
4313 0.000945
4314 0.000935
4315 0.001019
4316 0.001157
4317 0.001351
4318 0.001424
4319 0.001192
4320 0.001030
4321 0.000974
4322 0.000962
4323 0.001057
4324 0.001139
4325 0.001203
4326 0.001347
4327 0.001382
4328 0.001168
4329 0.001034
4330 0.000962
4331 0.000861
4332 0.000840
4333 0.000858
4334 0.000854
4335 0.000884
4336 0.000829
4337 0.000770
4338 0.000802
4339 0.000781
4340 0.000729
4341 0.000686
4342 0.000793
4343 0.000987
4344 0.001018
4345 0.001034
4346 0.000924
4347 0.000886
4348 0.000829
4349 0.000808
4350 0.000785
4351 0.000773
4352 0.000802
4353 0.000791
4354 0.000842
4355 0.000777
4356 0.000714
4357 0.000634
4358 0.000708
4359 0.000822
4360 0.000847
4361 0.000820
4362 0.000791
4363 0.000855
4364 0.000837
4365 0.000767
4366 0.000726
4367 0.000659
4368 0.000658
4369 0.000656
4370 0.000725
4371 0.000737
4372 0.000718
4373 0.000693
4374 0.000683
4375 0.000675
4376 0.000604
4377 0.000536
4378 0.000513
4379 0.000607
4380 0.000678
4381 0.000801
4382 0.000812
4383 0.000859
4384 0.000886
4385 0.000800
4386 0.000736
4387 0.000725
4388 0.000702
4389 0.000756
4390 0.000711
4391 0.000717
4392 0.000731
4393 0.000739
4394 0.000688
4395 0.000634
4396 0.000634
4397 0.000745
4398 0.000889
4399 0.001060
4400 0.000979
4401 0.000840
4402 0.000635
4403 0.000633
4404 0.000688
4405 0.000792
4406 0.000956
4407 0.000926
4408 0.001017
4409 0.001059
4410 0.000957
4411 0.000765
4412 0.000634
4413 0.000646
4414 0.000733
4415 0.000793
4416 0.000796
4417 0.000722
4418 0.000743
4419 0.000809
4420 0.000959
4421 0.000992
4422 0.000959
4423 0.000851
4424 0.000819
4425 0.000896
4426 0.001003
4427 0.000990
4428 0.001027
4429 0.000815
4430 0.000835
4431 0.000856
4432 0.000955
4433 0.000920
4434 0.000874
4435 0.000888
4436 0.000915
4437 0.000942
4438 0.000861
4439 0.000889
4440 0.000872
4441 0.000952
4442 0.000917
4443 0.000899
4444 0.000856
4445 0.000828
4446 0.000797
4447 0.000830
4448 0.000847
4449 0.000877
4450 0.000878
4451 0.000799
4452 0.000883
4453 0.001001
4454 0.001012
4455 0.000871
4456 0.000802
4457 0.000739
4458 0.000875
4459 0.000957
4460 0.001027
4461 0.000977
4462 0.000792
4463 0.000664
4464 0.000647
4465 0.000666
4466 0.000691
4467 0.000733
4468 0.000830
4469 0.001047
4470 0.001070
4471 0.001065
4472 0.000967
4473 0.000919
4474 0.001031
4475 0.001072
4476 0.001117
4477 0.001069
4478 0.000945
4479 0.000817
4480 0.000703
4481 0.000713
4482 0.000652
4483 0.000679
4484 0.000767
4485 0.000899
4486 0.001014
4487 0.001046
4488 0.000939
4489 0.000821
4490 0.000724
4491 0.000811
4492 0.000896
4493 0.001051
4494 0.001310
4495 0.001251
4496 0.001011
4497 0.000853
4498 0.000761
4499 0.000675
4500 0.000779
4501 0.000864
4502 0.000910
4503 0.000923
4504 0.000899
4505 0.000862
4506 0.000924
4507 0.000926
4508 0.000992
4509 0.000909
4510 0.000916
4511 0.000927
4512 0.000941
4513 0.000942
4514 0.000964
4515 0.000913
4516 0.000824
4517 0.000867
4518 0.000922
4519 0.000956
4520 0.000997
4521 0.000951
4522 0.000928
4523 0.000981
4524 0.001078
4525 0.001122
4526 0.001050
4527 0.000947
4528 0.000817
4529 0.000841
4530 0.000911
4531 0.000997
4532 0.000974
4533 0.000917
4534 0.000801
4535 0.000795
4536 0.000924
4537 0.000934
4538 0.001064
4539 0.001044
4540 0.001162
4541 0.001079
4542 0.000978
4543 0.000971
4544 0.000837
4545 0.000855
4546 0.001001
4547 0.001101
4548 0.001009
4549 0.000819
4550 0.000703
4551 0.000681
4552 0.000860
4553 0.000982
4554 0.001141
4555 0.001225
4556 0.001204
4557 0.001232
4558 0.001206
4559 0.001206
4560 0.001181
4561 0.001231
4562 0.001164
4563 0.001108
4564 0.000939
4565 0.000768
4566 0.000736
4567 0.000794
4568 0.001003
4569 0.001116
4570 0.001172
4571 0.001045
4572 0.001078
4573 0.001153
4574 0.001200
4575 0.001165
4576 0.000917
4577 0.000878
4578 0.000978
4579 0.001174
4580 0.001112
4581 0.001020
4582 0.000910
4583 0.001012
4584 0.000963
4585 0.000948
4586 0.000785
4587 0.000718
4588 0.000771
4589 0.000961
4590 0.001059
4591 0.001058
4592 0.001067
4593 0.001001
4594 0.001086
4595 0.001179
4596 0.001078
4597 0.000894
4598 0.000783
4599 0.000802
4600 0.000831
4601 0.000835
4602 0.000810
4603 0.000751
4604 0.000693
4605 0.000719
4606 0.000678
4607 0.000657
4608 0.000686
4609 0.000729
4610 0.000795
4611 0.000828
4612 0.000754
4613 0.000673
4614 0.000617
4615 0.000610
4616 0.000666
4617 0.000662
4618 0.000703
4619 0.000704
4620 0.000652
4621 0.000595
4622 0.000553
4623 0.000565
4624 0.000624
4625 0.000704
4626 0.000668
4627 0.000586
4628 0.000547
4629 0.000570
4630 0.000611
4631 0.000619
4632 0.000553
4633 0.000541
4634 0.000497
4635 0.000488
4636 0.000397
4637 0.000405
4638 0.000469
4639 0.000563
4640 0.000594
4641 0.000473
4642 0.000444
4643 0.000444
4644 0.000518
4645 0.000611
4646 0.000604
4647 0.000524
4648 0.000453
4649 0.000412
4650 0.000372
4651 0.000372
4652 0.000341
4653 0.000330
4654 0.000342
4655 0.000380
4656 0.000430
4657 0.000475
4658 0.000471
4659 0.000456
4660 0.000423
4661 0.000383
4662 0.000354
4663 0.000395
4664 0.000418
4665 0.000446
4666 0.000414
4667 0.000371
4668 0.000359
4669 0.000344
4670 0.000339
4671 0.000324
4672 0.000329
4673 0.000348
4674 0.000365
4675 0.000309
4676 0.000268
4677 0.000257
4678 0.000292
4679 0.000287
4680 0.000308
4681 0.000315
4682 0.000342
4683 0.000332
4684 0.000302
4685 0.000293
4686 0.000284
4687 0.000336
4688 0.000344
4689 0.000328
4690 0.000271
4691 0.000220
4692 0.000219
4693 0.000230
4694 0.000280
4695 0.000286
4696 0.000270
4697 0.000273
4698 0.000291
4699 0.000285
4700 0.000256
4701 0.000234
4702 0.000226
4703 0.000281
4704 0.000331
4705 0.000344
4706 0.000294
4707 0.000261
4708 0.000242
4709 0.000290
4710 0.000306
4711 0.000265
4712 0.000205
4713 0.000199
4714 0.000197
4715 0.000213
4716 0.000240
4717 0.000228
4718 0.000248
4719 0.000240
4720 0.000236
4721 0.000240
4722 0.000230
4723 0.000249
4724 0.000261
4725 0.000276
4726 0.000289
4727 0.000250
4728 0.000228
4729 0.000227
4730 0.000261
4731 0.000270
4732 0.000266
4733 0.000267
4734 0.000260
4735 0.000250
4736 0.000241
4737 0.000215
4738 0.000203
4739 0.000214
4740 0.000238
4741 0.000228
4742 0.000229
4743 0.000238
4744 0.000204
4745 0.000177
4746 0.000173
4747 0.000175
4748 0.000195
4749 0.000207
4750 0.000228
4751 0.000222
4752 0.000236
4753 0.000227
4754 0.000237
4755 0.000222
4756 0.000225
4757 0.000215
4758 0.000203
4759 0.000165
4760 0.000151
4761 0.000141
4762 0.000146
4763 0.000145
4764 0.000157
4765 0.000156
4766 0.000166
4767 0.000152
4768 0.000154
4769 0.000146
4770 0.000161
4771 0.000170
4772 0.000179
4773 0.000191
4774 0.000182
4775 0.000155
4776 0.000145
4777 0.000136
4778 0.000147
4779 0.000139
4780 0.000135
4781 0.000124
4782 0.000132
4783 0.000132
4784 0.000127
4785 0.000120
4786 0.000126
4787 0.000145
4788 0.000145
4789 0.000141
4790 0.000130
4791 0.000125
4792 0.000129
4793 0.000139
4794 0.000146
4795 0.000143
4796 0.000115
4797 0.000098
4798 0.000094
4799 0.000108
4800 0.000113
4801 0.000107
4802 0.000100
4803 0.000092
4804 0.000089
4805 0.000097
4806 0.000112
4807 0.000114
4808 0.000115
4809 0.000109
4810 0.000109
4811 0.000096
4812 0.000098
4813 0.000089
4814 0.000091
4815 0.000092
4816 0.000091
4817 0.000089
4818 0.000085
4819 0.000088
4820 0.000090
4821 0.000093
4822 0.000101
4823 0.000089
4824 0.000085
4825 0.000081
4826 0.000089
4827 0.000088
4828 0.000088
4829 0.000079
4830 0.000082
4831 0.000083
4832 0.000093
4833 0.000094
4834 0.000095
4835 0.000088
4836 0.000081
4837 0.000081
4838 0.000082
4839 0.000080
4840 0.000087
4841 0.000093
4842 0.000095
4843 0.000095
4844 0.000096
4845 0.000083
4846 0.000072
4847 0.000072
4848 0.000069
4849 0.000077
4850 0.000079
4851 0.000083
4852 0.000072
4853 0.000071
4854 0.000071
4855 0.000071
4856 0.000077
4857 0.000073
4858 0.000073
4859 0.000075
4860 0.000082
4861 0.000081
4862 0.000086
4863 0.000086
4864 0.000085
4865 0.000079
4866 0.000066
4867 0.000063
4868 0.000053
4869 0.000055
4870 0.000058
4871 0.000064
4872 0.000064
4873 0.000061
4874 0.000060
4875 0.000062
4876 0.000068
4877 0.000064
4878 0.000068
4879 0.000070
4880 0.000068
4881 0.000060
4882 0.000054
4883 0.000054
4884 0.000063
4885 0.000072
4886 0.000066
4887 0.000055
4888 0.000047
4889 0.000047
4890 0.000049
4891 0.000057
4892 0.000058
4893 0.000059
4894 0.000055
4895 0.000055
4896 0.000050
4897 0.000052
4898 0.000056
4899 0.000059
4900 0.000074
4901 0.000069
4902 0.000069
4903 0.000056
4904 0.000050
4905 0.000046
4906 0.000046
4907 0.000053
4908 0.000052
4909 0.000055
4910 0.000050
4911 0.000047
4912 0.000038
4913 0.000038
4914 0.000039
4915 0.000050
4916 0.000053
4917 0.000050
4918 0.000047
4919 0.000046
4920 0.000049
4921 0.000052
4922 0.000051
4923 0.000052
4924 0.000052
4925 0.000052
4926 0.000049
4927 0.000043
4928 0.000041
4929 0.000042
4930 0.000046
4931 0.000044
4932 0.000039
4933 0.000036
4934 0.000040
4935 0.000047
4936 0.000055
4937 0.000052
4938 0.000047
4939 0.000042
4940 0.000041
4941 0.000043
4942 0.000042
4943 0.000038
4944 0.000037
4945 0.000042
4946 0.000049
4947 0.000057
4948 0.000048
4949 0.000044
4950 0.000044
4951 0.000044
4952 0.000039
4953 0.000035
4954 0.000030
4955 0.000034
4956 0.000037
4957 0.000038
4958 0.000035
4959 0.000033
4960 0.000033
4961 0.000037
4962 0.000041
4963 0.000043
4964 0.000045
4965 0.000041
4966 0.000041
4967 0.000042
4968 0.000039
4969 0.000034
4970 0.000035
4971 0.000036
4972 0.000041
4973 0.000039
4974 0.000037
4975 0.000029
4976 0.000028
4977 0.000030
4978 0.000028
4979 0.000027
4980 0.000027
4981 0.000031
4982 0.000032
4983 0.000028
4984 0.000026
4985 0.000030
4986 0.000034
4987 0.000034
4988 0.000032
4989 0.000029
4990 0.000029
4991 0.000029
4992 0.000029
4993 0.000028
4994 0.000026
4995 0.000024
4996 0.000025
4997 0.000026
4998 0.000024
4999 0.000025
