#ite residual of mtx/s3rmq4m1.mtx
1 44.177988
2 32.707822
3 32.968110
4 33.721550
5 33.016015
6 32.429523
7 31.588144
8 31.285518
9 32.245411
10 32.134758
11 32.583242
12 32.027079
13 33.291401
14 33.603154
15 33.085376
16 32.265194
17 31.419854
18 32.737275
19 30.929099
20 28.515169
21 27.637876
22 27.636665
23 29.798546
24 30.559922
25 31.047745
26 30.851382
27 30.558458
28 29.863421
29 27.429431
30 26.128000
31 26.813537
32 27.755126
33 28.875927
34 28.739939
35 28.450791
36 28.056619
37 28.994113
38 31.249462
39 33.401192
40 33.995720
41 34.126574
42 33.983331
43 35.102849
44 34.081541
45 34.027521
46 32.337689
47 30.764582
48 30.652958
49 31.879524
50 32.900257
51 31.846828
52 31.852858
53 31.946458
54 31.274880
55 30.246452
56 29.902897
57 29.245504
58 29.327966
59 27.725871
60 27.782169
61 28.571656
62 29.850454
63 31.065838
64 31.455903
65 32.711197
66 32.513303
67 32.952403
68 31.635668
69 31.858280
70 30.398324
71 31.618311
72 31.383266
73 31.534859
74 30.463619
75 29.304045
76 29.816643
77 31.763086
78 33.019200
79 33.215629
80 31.417672
81 30.086765
82 29.662506
83 30.781183
84 31.017088
85 32.360804
86 33.751245
87 34.165529
88 32.679443
89 31.222894
90 32.235292
91 32.101822
92 33.706314
93 34.341300
94 34.323723
95 35.142010
96 35.282552
97 34.018373
98 34.136428
99 34.686859
100 34.186493
101 33.433405
102 32.123120
103 30.936957
104 33.111069
105 35.419102
106 37.625146
107 38.037798
108 36.103659
109 34.915582
110 35.765192
111 38.297798
112 40.411626
113 42.980136
114 41.294507
115 41.183742
116 39.237869
117 40.216022
118 40.615360
119 40.618226
120 38.897365
121 36.419890
122 36.519935
123 40.251510
124 42.832691
125 43.374968
126 41.536314
127 39.170138
128 38.332109
129 38.012792
130 38.363685
131 39.067506
132 39.468515
133 37.686525
134 35.126967
135 34.412105
136 33.775413
137 36.671179
138 37.817142
139 38.931939
140 37.097055
141 37.396347
142 38.243240
143 38.199467
144 40.032616
145 40.763217
146 40.369582
147 41.789136
148 40.596964
149 39.711074
150 38.801539
151 39.680091
152 41.062408
153 41.749490
154 41.575576
155 39.021917
156 38.431206
157 37.540146
158 37.354247
159 35.675985
160 35.041658
161 36.343982
162 35.634738
163 36.929075
164 37.909693
165 36.124673
166 34.682439
167 32.937896
168 33.211271
169 32.267605
170 32.474087
171 31.868102
172 33.227919
173 32.856729
174 30.793964
175 30.663501
176 30.240884
177 30.314781
178 30.026475
179 31.013273
180 31.129874
181 30.781628
182 30.140417
183 29.568877
184 28.764258
185 27.791347
186 27.935634
187 29.196737
188 31.026787
189 31.471151
190 30.513621
191 29.895645
192 30.321758
193 32.244893
194 33.324786
195 33.460802
196 33.776496
197 35.265152
198 33.948525
199 32.515284
200 32.180150
201 33.051957
202 31.230584
203 31.968573
204 30.475515
205 29.852479
206 29.820374
207 29.858852
208 31.125784
209 30.127922
210 29.992256
211 29.772371
212 30.495672
213 31.324587
214 33.009107
215 34.571898
216 36.323511
217 36.389409
218 37.114482
219 37.893352
220 38.589367
221 38.632669
222 38.229078
223 37.030833
224 35.256151
225 35.795360
226 37.895615
227 38.102082
228 36.311604
229 36.255085
230 37.950331
231 37.683999
232 38.221698
233 38.178410
234 37.928633
235 37.225383
236 35.637182
237 34.485749
238 34.379970
239 34.176859
240 33.621721
241 32.765089
242 33.690981
243 34.357170
244 34.590753
245 36.044918
246 36.389844
247 37.786163
248 38.287753
249 39.767640
250 39.573252
251 39.258733
252 39.681587
253 39.224149
254 38.686354
255 39.367154
256 40.080831
257 41.428356
258 41.990983
259 42.127609
260 40.811384
261 41.185015
262 42.838683
263 43.869678
264 46.060076
265 46.881343
266 46.775424
267 44.301612
268 43.908765
269 44.443357
270 47.058870
271 44.824135
272 44.269441
273 44.141772
274 44.726939
275 44.983506
276 43.965879
277 42.998532
278 41.894675
279 41.161137
280 42.260176
281 45.186364
282 47.549400
283 51.145505
284 52.102269
285 51.534652
286 50.501491
287 49.885889
288 49.625841
289 48.196852
290 46.641926
291 49.131114
292 49.985846
293 47.681339
294 45.774282
295 43.397671
296 43.758412
297 43.863697
298 42.758012
299 43.338605
300 44.496389
301 46.883086
302 49.841074
303 49.619230
304 49.658491
305 48.098746
306 48.163952
307 48.314067
308 48.534980
309 48.942362
310 51.426748
311 49.113126
312 48.444848
313 47.079449
314 45.081592
315 41.644019
316 40.199207
317 41.670859
318 43.954566
319 46.342410
320 47.690653
321 47.168653
322 45.541081
323 44.407752
324 42.004813
325 41.092042
326 42.773897
327 43.854331
328 44.502073
329 43.492557
330 43.330583
331 42.255669
332 43.804887
333 43.783489
334 42.817475
335 40.569094
336 40.067138
337 40.332276
338 40.686384
339 41.323971
340 41.087300
341 40.638485
342 39.219915
343 38.400463
344 37.880669
345 37.807066
346 37.922090
347 38.447448
348 36.770078
349 35.926080
350 37.036882
351 36.409190
352 36.016699
353 34.953886
354 34.357839
355 36.222166
356 38.176689
357 38.235815
358 37.550808
359 35.876040
360 35.509769
361 36.693432
362 34.981529
363 33.671723
364 33.224996
365 34.330430
366 34.808610
367 36.560955
368 35.177215
369 35.477129
370 36.926641
371 37.864112
372 38.735775
373 38.586811
374 38.594602
375 36.727568
376 36.161931
377 35.694198
378 36.305779
379 36.429221
380 34.020068
381 32.381666
382 31.693750
383 31.329922
384 32.563689
385 33.395452
386 34.101089
387 34.739799
388 32.908601
389 30.312881
390 29.688465
391 29.130888
392 28.648095
393 28.786399
394 29.949661
395 31.225527
396 31.208471
397 32.754775
398 33.143653
399 31.801330
400 31.479168
401 34.508365
402 33.258882
403 31.194926
404 30.190786
405 30.555689
406 31.172996
407 30.986812
408 30.337238
409 30.919922
410 31.783733
411 32.455581
412 32.280219
413 31.509372
414 32.274870
415 33.572920
416 35.817937
417 34.983908
418 33.486538
419 31.944871
420 31.801792
421 31.016806
422 31.137180
423 31.926458
424 31.100990
425 30.625023
426 29.831052
427 29.175702
428 28.303365
429 28.379550
430 29.824218
431 31.387814
432 31.441148
433 31.503036
434 31.163992
435 31.474397
436 30.767664
437 30.718876
438 29.523605
439 29.247496
440 30.040481
441 30.086727
442 28.473206
443 27.311754
444 27.409635
445 30.157572
446 30.565361
447 30.433308
448 30.830749
449 29.726564
450 28.881090
451 27.634429
452 26.878592
453 26.464451
454 26.149094
455 25.089898
456 25.511743
457 25.394155
458 25.214809
459 25.823050
460 24.300017
461 23.818384
462 23.050173
463 22.985912
464 22.554367
465 22.442200
466 22.793510
467 23.841920
468 23.639260
469 23.096964
470 22.244129
471 22.017078
472 21.788589
473 22.246722
474 21.895009
475 20.848007
476 19.486103
477 20.351392
478 20.148212
479 18.952048
480 17.203637
481 15.980986
482 15.692931
483 15.882067
484 16.193416
485 15.975981
486 15.378439
487 13.896254
488 12.871347
489 12.595495
490 12.477251
491 12.255464
492 11.688418
493 11.624100
494 11.982122
495 11.741598
496 11.428776
497 11.289063
498 11.289484
499 10.969058
500 10.791432
501 10.677619
502 10.652101
503 9.544246
504 9.355316
505 9.312454
506 9.149061
507 8.742484
508 8.811695
509 8.426157
510 7.940465
511 7.445849
512 8.018088
513 7.956753
514 6.987020
515 6.917490
516 6.683739
517 7.070928
518 6.539063
519 5.861636
520 6.017513
521 6.530270
522 6.569370
523 6.389200
524 7.064434
525 6.722860
526 6.421384
527 5.894034
528 5.770355
529 6.336311
530 6.992580
531 7.582859
532 7.354191
533 7.316757
534 7.160323
535 7.326477
536 7.206172
537 6.835488
538 6.691675
539 6.792958
540 6.516504
541 6.305265
542 6.083689
543 6.012892
544 6.270944
545 6.426712
546 6.374798
547 6.140298
548 6.200510
549 6.145780
550 6.490647
551 6.292807
552 5.991114
553 5.808430
554 5.962036
555 6.260779
556 6.057259
557 5.512023
558 5.463943
559 5.245239
560 5.335034
561 5.376803
562 5.378896
563 5.296052
564 5.525985
565 5.513691
566 5.741318
567 5.586049
568 5.510694
569 5.457126
570 5.673592
571 5.863626
572 5.791283
573 5.496916
574 5.416727
575 4.979159
576 4.773097
577 4.512651
578 4.355666
579 4.126240
580 4.242633
581 4.150131
582 4.032097
583 4.284568
584 4.566785
585 4.964372
586 4.925293
587 4.757347
588 4.488920
589 4.267013
590 4.213778
591 4.089878
592 4.084441
593 3.913123
594 3.715938
595 3.657211
596 3.282133
597 3.259128
598 3.214327
599 3.337779
600 3.381861
601 3.297154
602 3.150933
603 3.192020
604 3.270118
605 3.174316
606 3.182861
607 3.164095
608 3.182058
609 3.140104
610 2.938929
611 2.908552
612 2.896075
613 2.867674
614 3.068682
615 3.063822
616 2.931649
617 2.712108
618 2.759808
619 2.709085
620 2.637453
621 2.598089
622 2.562344
623 2.783099
624 2.875531
625 2.693086
626 2.365802
627 2.240870
628 2.160669
629 2.195180
630 2.158721
631 2.333672
632 2.515657
633 2.460683
634 2.389869
635 2.260148
636 2.116242
637 1.994745
638 1.857723
639 1.918985
640 1.936251
641 1.876188
642 1.927028
643 2.031034
644 1.973053
645 1.892561
646 1.874090
647 1.833451
648 1.877028
649 2.024056
650 2.077566
651 1.988407
652 2.094810
653 2.137067
654 2.217052
655 2.414741
656 2.354471
657 2.193454
658 2.074598
659 2.067869
660 2.101872
661 2.206534
662 2.134210
663 2.086963
664 2.219423
665 2.243203
666 2.316568
667 2.255982
668 2.331953
669 2.292861
670 2.115291
671 1.913983
672 1.891120
673 2.024215
674 2.144055
675 2.114828
676 2.201865
677 2.136043
678 2.029818
679 1.850785
680 1.836185
681 2.144396
682 2.518238
683 2.682350
684 2.621841
685 2.563802
686 2.694318
687 2.676011
688 2.582980
689 2.649030
690 2.797254
691 2.961145
692 2.874853
693 2.796970
694 2.713658
695 2.854082
696 2.934408
697 2.901195
698 2.790092
699 2.879706
700 3.136611
701 3.465300
702 3.518294
703 3.282112
704 3.305844
705 3.437367
706 3.331189
707 3.138409
708 2.854202
709 2.760865
710 2.698904
711 2.875821
712 2.903448
713 3.199527
714 3.208722
715 3.201611
716 3.231971
717 3.353974
718 3.377742
719 3.284449
720 3.035889
721 2.885508
722 2.606133
723 2.504046
724 2.318864
725 2.258327
726 2.353634
727 2.480996
728 2.584658
729 2.694159
730 2.767499
731 2.937583
732 3.060859
733 2.994109
734 2.886079
735 2.882801
736 2.979952
737 2.953531
738 2.794205
739 2.690188
740 2.614588
741 2.428966
742 2.364251
743 2.250683
744 2.265849
745 2.353616
746 2.395281
747 2.408759
748 2.175108
749 2.129359
750 2.009279
751 2.030063
752 2.011108
753 2.003808
754 2.010148
755 1.884003
756 1.724163
757 1.697705
758 1.721874
759 1.757120
760 1.668460
761 1.638123
762 1.584065
763 1.521332
764 1.475522
765 1.497577
766 1.518970
767 1.550892
768 1.571744
769 1.530619
770 1.508193
771 1.400601
772 1.382848
773 1.282555
774 1.388317
775 1.436123
776 1.499011
777 1.456061
778 1.446673
779 1.459623
780 1.551850
781 1.638949
782 1.596625
783 1.580382
784 1.524850
785 1.485973
786 1.652039
787 1.678551
788 1.686305
789 1.701270
790 1.716916
791 1.638521
792 1.565968
793 1.558181
794 1.610443
795 1.461694
796 1.386583
797 1.271309
798 1.232685
799 1.180959
800 1.182291
801 1.186318
802 1.187315
803 1.172921
804 1.171762
805 1.221761
806 1.227985
807 1.216098
808 1.087821
809 1.096888
810 1.049929
811 0.940701
812 0.854517
813 0.864353
814 0.871845
815 0.871969
816 0.893915
817 0.971582
818 0.925923
819 0.975967
820 1.003394
821 1.000723
822 1.014554
823 0.993154
824 0.937465
825 0.960630
826 0.985283
827 0.982043
828 0.960537
829 0.981849
830 0.944559
831 0.887417
832 0.887329
833 0.916044
834 0.933918
835 1.001023
836 1.096446
837 1.025554
838 0.933724
839 0.889518
840 0.895765
841 0.955959
842 1.022594
843 1.074658
844 1.116880
845 1.061949
846 0.999643
847 0.874873
848 0.822733
849 0.749493
850 0.694216
851 0.659798
852 0.663478
853 0.619933
854 0.643430
855 0.617313
856 0.573651
857 0.564909
858 0.600966
859 0.594884
860 0.571573
861 0.557660
862 0.541741
863 0.492595
864 0.498310
865 0.505484
866 0.541526
867 0.540572
868 0.508673
869 0.505002
870 0.496803
871 0.490281
872 0.482429
873 0.526390
874 0.519853
875 0.502300
876 0.489944
877 0.484380
878 0.454036
879 0.442177
880 0.411905
881 0.411170
882 0.413982
883 0.418782
884 0.397902
885 0.351315
886 0.332395
887 0.304464
888 0.300041
889 0.281758
890 0.274787
891 0.274542
892 0.291744
893 0.289619
894 0.288120
895 0.274576
896 0.275142
897 0.262908
898 0.266506
899 0.267619
900 0.271634
901 0.246926
902 0.224368
903 0.220527
904 0.219127
905 0.215899
906 0.216978
907 0.198297
908 0.182302
909 0.195896
910 0.200487
911 0.201425
912 0.183012
913 0.170170
914 0.162029
915 0.172516
916 0.188962
917 0.188454
918 0.176579
919 0.170328
920 0.171773
921 0.159309
922 0.150391
923 0.145477
924 0.154973
925 0.150646
926 0.149718
927 0.149560
928 0.154453
929 0.158017
930 0.165037
931 0.165621
932 0.167145
933 0.155748
934 0.139755
935 0.131532
936 0.133630
937 0.129427
938 0.118793
939 0.113689
940 0.103623
941 0.103710
942 0.100220
943 0.113080
944 0.122550
945 0.122342
946 0.110296
947 0.104553
948 0.107133
949 0.117150
950 0.130794
951 0.130766
952 0.128974
953 0.129189
954 0.128635
955 0.130425
956 0.125863
957 0.121854
958 0.115250
959 0.106270
960 0.100933
961 0.095254
962 0.095364
963 0.097488
964 0.096849
965 0.096473
966 0.101921
967 0.098210
968 0.098876
969 0.100352
970 0.103904
971 0.101693
972 0.093943
973 0.089855
974 0.089753
975 0.086864
976 0.085688
977 0.078903
978 0.074789
979 0.070675
980 0.065897
981 0.067164
982 0.072380
983 0.077511
984 0.083671
985 0.080857
986 0.074189
987 0.069336
988 0.065547
989 0.063504
990 0.060425
991 0.058644
992 0.056124
993 0.057206
994 0.058527
995 0.062114
996 0.062529
997 0.063022
998 0.060058
999 0.055623
1000 0.051829
1001 0.051724
1002 0.050679
1003 0.051016
1004 0.050834
1005 0.048175
1006 0.048992
1007 0.047974
1008 0.046328
1009 0.047662
1010 0.052582
1011 0.054187
1012 0.049675
1013 0.046740
1014 0.045229
1015 0.045622
1016 0.044290
1017 0.043513
1018 0.041124
1019 0.039993
1020 0.040093
1021 0.040507
1022 0.041277
1023 0.040091
1024 0.041941
1025 0.041271
1026 0.040355
1027 0.037308
1028 0.033679
1029 0.031652
1030 0.030236
1031 0.031298
1032 0.032082
1033 0.032095
1034 0.031880
1035 0.031351
1036 0.030544
1037 0.028485
1038 0.029167
1039 0.030172
1040 0.030176
1041 0.030852
1042 0.030411
1043 0.029694
1044 0.026724
1045 0.025323
1046 0.024929
1047 0.023561
1048 0.023392
1049 0.023980
1050 0.022593
1051 0.021373
1052 0.019609
1053 0.019141
1054 0.019250
1055 0.019867
1056 0.020691
1057 0.021033
1058 0.020730
1059 0.021331
1060 0.021982
1061 0.021855
1062 0.021027
1063 0.020466
1064 0.019428
1065 0.019814
1066 0.020567
1067 0.019296
1068 0.017424
1069 0.016324
1070 0.016793
1071 0.017227
1072 0.017849
1073 0.017768
1074 0.017845
1075 0.019291
1076 0.021184
1077 0.022384
1078 0.021747
1079 0.020903
1080 0.021049
1081 0.022010
1082 0.021516
1083 0.020990
1084 0.020532
1085 0.020537
1086 0.020180
1087 0.019633
1088 0.019047
1089 0.020235
1090 0.020224
1091 0.020396
1092 0.019728
1093 0.018536
1094 0.018628
1095 0.017455
1096 0.016762
1097 0.016323
1098 0.016988
1099 0.018565
1100 0.019548
1101 0.019520
1102 0.019026
1103 0.018599
1104 0.019248
1105 0.020314
1106 0.019087
1107 0.017738
1108 0.017946
1109 0.018406
1110 0.017259
1111 0.016620
1112 0.016893
1113 0.018845
1114 0.019813
1115 0.021076
1116 0.020647
1117 0.020284
1118 0.019894
1119 0.020330
1120 0.018559
1121 0.018384
1122 0.016244
1123 0.016504
1124 0.016391
1125 0.016973
1126 0.017210
1127 0.017542
1128 0.017256
1129 0.017498
1130 0.016659
1131 0.016100
1132 0.016301
1133 0.017047
1134 0.017737
1135 0.017813
1136 0.015925
1137 0.014798
1138 0.015512
1139 0.016476
1140 0.015989
1141 0.014773
1142 0.013987
1143 0.014611
1144 0.014447
1145 0.015943
1146 0.015849
1147 0.015980
1148 0.016423
1149 0.016982
1150 0.018425
1151 0.017455
1152 0.016508
1153 0.016671
1154 0.017275
1155 0.017655
1156 0.017638
1157 0.017649
1158 0.016519
1159 0.015900
1160 0.015267
1161 0.014370
1162 0.014841
1163 0.016440
1164 0.018000
1165 0.018404
1166 0.017506
1167 0.016764
1168 0.016810
1169 0.018131
1170 0.018722
1171 0.020503
1172 0.019260
1173 0.018784
1174 0.018315
1175 0.017411
1176 0.017808
1177 0.016985
1178 0.018881
1179 0.019098
1180 0.019195
1181 0.018884
1182 0.018660
1183 0.019547
1184 0.019769
1185 0.019980
1186 0.019323
1187 0.019131
1188 0.020522
1189 0.022263
1190 0.023480
1191 0.021529
1192 0.020123
1193 0.018174
1194 0.017704
1195 0.018914
1196 0.019631
1197 0.019605
1198 0.018560
1199 0.019999
1200 0.020588
1201 0.021650
1202 0.020418
1203 0.018737
1204 0.018362
1205 0.020427
1206 0.022311
1207 0.023192
1208 0.021154
1209 0.019534
1210 0.018327
1211 0.018224
1212 0.017805
1213 0.018538
1214 0.019085
1215 0.019346
1216 0.020758
1217 0.023520
1218 0.022844
1219 0.021314
1220 0.020209
1221 0.021102
1222 0.023145
1223 0.022577
1224 0.021169
1225 0.019403
1226 0.020029
1227 0.021711
1228 0.023850
1229 0.024439
1230 0.022943
1231 0.021894
1232 0.021550
1233 0.022270
1234 0.023069
1235 0.025199
1236 0.026006
1237 0.026656
1238 0.025115
1239 0.023970
1240 0.024229
1241 0.025054
1242 0.026318
1243 0.025512
1244 0.024862
1245 0.023578
1246 0.023170
1247 0.022713
1248 0.023008
1249 0.025185
1250 0.026752
1251 0.026031
1252 0.024754
1253 0.023104
1254 0.022906
1255 0.024896
1256 0.025032
1257 0.026352
1258 0.024210
1259 0.022491
1260 0.021167
1261 0.021914
1262 0.022419
1263 0.023778
1264 0.023866
1265 0.024338
1266 0.025532
1267 0.026214
1268 0.026696
1269 0.025846
1270 0.025541
1271 0.024368
1272 0.023722
1273 0.021502
1274 0.020424
1275 0.021342
1276 0.023551
1277 0.022302
1278 0.021491
1279 0.021553
1280 0.021739
1281 0.022032
1282 0.021674
1283 0.022018
1284 0.021300
1285 0.020502
1286 0.020257
1287 0.021099
1288 0.019963
1289 0.019517
1290 0.019551
1291 0.020523
1292 0.020220
1293 0.019005
1294 0.018056
1295 0.017283
1296 0.017631
1297 0.017976
1298 0.018717
1299 0.016972
1300 0.014863
1301 0.014112
1302 0.014487
1303 0.014759
1304 0.015565
1305 0.015440
1306 0.014670
1307 0.014749
1308 0.014677
1309 0.015901
1310 0.015404
1311 0.014471
1312 0.014040
1313 0.013799
1314 0.014732
1315 0.015220
1316 0.016594
1317 0.016556
1318 0.016894
1319 0.017132
1320 0.017228
1321 0.015475
1322 0.013684
1323 0.013145
1324 0.013242
1325 0.013580
1326 0.014143
1327 0.013648
1328 0.013584
1329 0.014849
1330 0.015325
1331 0.016552
1332 0.016863
1333 0.017662
1334 0.018493
1335 0.020103
1336 0.019890
1337 0.018831
1338 0.016552
1339 0.014897
1340 0.014372
1341 0.014669
1342 0.015691
1343 0.015888
1344 0.015467
1345 0.015650
1346 0.015873
1347 0.015377
1348 0.015298
1349 0.015317
1350 0.015797
1351 0.016809
1352 0.016828
1353 0.017306
1354 0.016558
1355 0.016368
1356 0.016233
1357 0.017796
1358 0.017367
1359 0.017292
1360 0.016450
1361 0.014936
1362 0.013992
1363 0.014374
1364 0.016324
1365 0.017905
1366 0.019025
1367 0.018471
1368 0.016772
1369 0.016011
1370 0.016413
1371 0.018102
1372 0.020533
1373 0.022003
1374 0.021100
1375 0.019582
1376 0.019176
1377 0.018990
1378 0.018552
1379 0.017516
1380 0.016890
1381 0.017741
1382 0.018580
1383 0.019223
1384 0.020719
1385 0.019926
1386 0.017924
1387 0.017666
1388 0.017231
1389 0.017843
1390 0.017996
1391 0.018331
1392 0.019515
1393 0.020278
1394 0.019587
1395 0.018643
1396 0.018076
1397 0.018698
1398 0.020057
1399 0.019857
1400 0.021684
1401 0.022215
1402 0.022429
1403 0.021564
1404 0.021590
1405 0.019818
1406 0.019872
1407 0.019312
1408 0.020026
1409 0.019250
1410 0.018580
1411 0.018611
1412 0.018272
1413 0.017194
1414 0.017283
1415 0.017710
1416 0.020058
1417 0.020406
1418 0.020347
1419 0.018034
1420 0.019114
1421 0.020594
1422 0.022417
1423 0.022390
1424 0.019058
1425 0.015973
1426 0.015397
1427 0.015360
1428 0.016418
1429 0.017167
1430 0.018049
1431 0.017361
1432 0.017331
1433 0.017569
1434 0.016497
1435 0.015386
1436 0.014044
1437 0.013471
1438 0.012176
1439 0.011394
1440 0.011661
1441 0.012535
1442 0.013410
1443 0.013921
1444 0.014227
1445 0.014767
1446 0.014864
1447 0.013843
1448 0.013708
1449 0.013407
1450 0.013584
1451 0.014034
1452 0.013373
1453 0.012813
1454 0.012406
1455 0.011910
1456 0.012323
1457 0.012778
1458 0.014137
1459 0.012705
1460 0.012088
1461 0.011561
1462 0.010725
1463 0.010809
1464 0.011181
1465 0.011643
1466 0.011345
1467 0.011087
1468 0.010899
1469 0.010965
1470 0.011396
1471 0.011367
1472 0.012085
1473 0.011899
1474 0.011455
1475 0.010092
1476 0.008536
1477 0.007891
1478 0.008383
1479 0.009118
1480 0.009432
1481 0.009376
1482 0.008810
1483 0.008526
1484 0.008803
1485 0.008858
1486 0.008579
1487 0.008337
1488 0.008353
1489 0.008729
1490 0.008728
1491 0.008448
1492 0.008685
1493 0.008895
1494 0.009035
1495 0.008947
1496 0.008087
1497 0.007992
1498 0.007493
1499 0.008136
1500 0.008742
1501 0.008674
1502 0.008052
1503 0.007435
1504 0.007117
1505 0.006702
1506 0.006642
1507 0.007065
1508 0.007748
1509 0.007999
1510 0.007574
1511 0.007025
1512 0.007381
1513 0.007969
1514 0.008540
1515 0.008534
1516 0.007590
1517 0.006630
1518 0.006927
1519 0.007259
1520 0.007654
1521 0.007983
1522 0.007773
1523 0.007209
1524 0.006430
1525 0.005803
1526 0.005753
1527 0.006712
1528 0.007413
1529 0.007512
1530 0.006945
1531 0.006553
1532 0.006479
1533 0.006609
1534 0.007136
1535 0.007506
1536 0.007459
1537 0.006910
1538 0.006234
1539 0.005756
1540 0.005694
1541 0.005717
1542 0.006024
1543 0.006404
1544 0.006395
1545 0.006247
1546 0.006210
1547 0.006363
1548 0.006071
1549 0.006164
1550 0.006040
1551 0.006201
1552 0.006937
1553 0.006770
1554 0.006486
1555 0.006191
1556 0.006520
1557 0.007024
1558 0.007989
1559 0.008257
1560 0.007386
1561 0.006447
1562 0.005752
1563 0.005834
1564 0.006279
1565 0.006214
1566 0.005856
1567 0.005475
1568 0.005361
1569 0.005573
1570 0.005804
1571 0.005711
1572 0.005549
1573 0.005581
1574 0.005366
1575 0.005426
1576 0.005858
1577 0.006495
1578 0.006839
1579 0.007123
1580 0.006899
1581 0.006510
1582 0.005822
1583 0.005597
1584 0.005637
1585 0.005663
1586 0.006045
1587 0.005782
1588 0.005113
1589 0.004252
1590 0.003909
1591 0.004299
1592 0.004956
1593 0.005565
1594 0.005681
1595 0.005708
1596 0.005428
1597 0.005146
1598 0.004909
1599 0.004580
1600 0.004535
1601 0.004517
1602 0.004588
1603 0.004529
1604 0.004875
1605 0.005053
1606 0.004845
1607 0.004444
1608 0.004373
1609 0.004451
1610 0.004361
1611 0.004216
1612 0.004124
1613 0.004193
1614 0.004234
1615 0.004067
1616 0.003903
1617 0.003766
1618 0.003821
1619 0.004049
1620 0.003900
1621 0.003929
1622 0.003628
1623 0.003487
1624 0.003772
1625 0.003927
1626 0.004127
1627 0.003914
1628 0.003636
1629 0.003390
1630 0.003618
1631 0.004053
1632 0.004115
1633 0.004210
1634 0.003813
1635 0.003629
1636 0.003438
1637 0.003012
1638 0.002947
1639 0.002934
1640 0.002777
1641 0.002908
1642 0.002812
1643 0.002935
1644 0.002948
1645 0.003383
1646 0.003882
1647 0.003803
1648 0.003402
1649 0.002811
1650 0.002483
1651 0.002426
1652 0.002508
1653 0.003073
1654 0.003159
1655 0.002880
1656 0.002477
1657 0.002227
1658 0.002298
1659 0.002561
1660 0.002945
1661 0.003083
1662 0.002959
1663 0.002729
1664 0.002711
1665 0.002769
1666 0.002762
1667 0.002652
1668 0.002675
1669 0.002592
1670 0.002505
1671 0.002306
1672 0.002300
1673 0.002475
1674 0.002530
1675 0.002490
1676 0.002212
1677 0.002090
1678 0.002174
1679 0.002419
1680 0.002566
1681 0.002794
1682 0.002618
1683 0.002450
1684 0.002247
1685 0.001955
1686 0.001873
1687 0.001877
1688 0.002141
1689 0.002238
1690 0.002234
1691 0.002245
1692 0.002226
1693 0.002210
1694 0.002283
1695 0.002439
1696 0.002427
1697 0.002449
1698 0.002359
1699 0.002187
1700 0.002154
1701 0.002044
1702 0.002147
1703 0.002110
1704 0.002207
1705 0.002199
1706 0.002059
1707 0.002058
1708 0.002088
1709 0.002425
1710 0.002682
1711 0.002458
1712 0.002084
1713 0.001882
1714 0.001931
1715 0.002280
1716 0.002600
1717 0.002784
1718 0.002728
1719 0.002606
1720 0.002377
1721 0.002032
1722 0.001809
1723 0.001827
1724 0.001942
1725 0.002181
1726 0.002154
1727 0.002103
1728 0.002019
1729 0.002117
1730 0.002258
1731 0.002473
1732 0.002599
1733 0.002456
1734 0.002322
1735 0.002277
1736 0.002334
1737 0.002208
1738 0.002183
1739 0.002080
1740 0.001919
1741 0.001836
1742 0.001802
1743 0.002102
1744 0.002512
1745 0.002593
1746 0.002335
1747 0.002132
1748 0.001905
1749 0.001818
1750 0.001852
1751 0.001901
1752 0.002217
1753 0.002220
1754 0.002223
1755 0.001974
1756 0.001800
1757 0.001798
1758 0.001937
1759 0.002220
1760 0.002344
1761 0.002232
1762 0.002210
1763 0.002060
1764 0.002062
1765 0.001951
1766 0.001920
1767 0.001833
1768 0.001868
1769 0.001722
1770 0.001612
1771 0.001435
1772 0.001447
1773 0.001638
1774 0.001858
1775 0.001836
1776 0.001565
1777 0.001450
1778 0.001468
1779 0.001666
1780 0.001866
1781 0.001964
1782 0.001906
1783 0.001765
1784 0.001627
1785 0.001498
1786 0.001505
1787 0.001564
1788 0.001694
1789 0.001744
1790 0.001684
1791 0.001745
1792 0.001757
1793 0.001779
1794 0.001832
1795 0.001861
1796 0.001834
1797 0.001661
1798 0.001620
1799 0.001583
1800 0.001753
1801 0.002056
1802 0.002133
1803 0.002079
1804 0.001814
1805 0.001709
1806 0.001815
1807 0.002105
1808 0.002288
1809 0.002443
1810 0.002228
1811 0.001904
1812 0.001633
1813 0.001687
1814 0.001862
1815 0.002128
1816 0.002202
1817 0.002084
1818 0.002221
1819 0.002061
1820 0.002048
1821 0.001993
1822 0.002056
1823 0.002137
1824 0.002085
1825 0.001935
1826 0.001809
1827 0.001904
1828 0.002124
1829 0.002559
1830 0.002751
1831 0.002852
1832 0.002477
1833 0.002063
1834 0.001807
1835 0.001747
1836 0.001835
1837 0.001935
1838 0.001879
1839 0.001770
1840 0.001644
1841 0.001846
1842 0.002086
1843 0.002370
1844 0.002375
1845 0.002038
1846 0.001993
1847 0.002083
1848 0.002286
1849 0.002534
1850 0.002297
1851 0.002123
1852 0.001828
1853 0.001680
1854 0.001647
1855 0.001795
1856 0.002044
1857 0.002199
1858 0.002173
1859 0.001972
1860 0.001816
1861 0.001736
1862 0.001748
1863 0.001836
1864 0.001829
1865 0.001868
1866 0.001774
1867 0.001804
1868 0.001864
1869 0.002048
1870 0.002263
1871 0.002206
1872 0.002173
1873 0.001858
1874 0.001661
1875 0.001622
1876 0.001744
1877 0.002113
1878 0.002453
1879 0.002396
1880 0.001985
1881 0.001784
1882 0.001722
1883 0.001891
1884 0.002157
1885 0.002348
1886 0.002466
1887 0.002448
1888 0.002162
1889 0.001896
1890 0.001682
1891 0.001723
1892 0.001779
1893 0.002085
1894 0.002110
1895 0.002224
1896 0.002107
1897 0.002100
1898 0.002148
1899 0.002290
1900 0.002546
1901 0.002568
1902 0.002261
1903 0.002101
1904 0.002139
1905 0.002362
1906 0.002523
1907 0.002625
1908 0.002347
1909 0.002031
1910 0.001914
1911 0.001958
1912 0.002234
1913 0.002680
1914 0.002897
1915 0.002835
1916 0.002672
1917 0.002720
1918 0.002933
1919 0.003085
1920 0.003167
1921 0.003024
1922 0.002945
1923 0.002617
1924 0.002359
1925 0.002284
1926 0.002470
1927 0.003036
1928 0.003097
1929 0.003079
1930 0.002999
1931 0.002966
1932 0.003163
1933 0.003379
1934 0.003844
1935 0.004245
1936 0.004067
1937 0.003582
1938 0.002967
1939 0.002806
1940 0.003231
1941 0.003621
1942 0.003822
1943 0.003433
1944 0.003149
1945 0.002902
1946 0.002967
1947 0.003116
1948 0.002938
1949 0.002836
1950 0.002840
1951 0.003310
1952 0.003857
1953 0.004221
1954 0.004154
1955 0.003735
1956 0.003441
1957 0.003161
1958 0.003130
1959 0.003199
1960 0.003292
1961 0.003564
1962 0.003848
1963 0.003855
1964 0.003419
1965 0.003097
1966 0.003074
1967 0.003510
1968 0.004242
1969 0.004666
1970 0.004599
1971 0.003765
1972 0.003102
1973 0.002954
1974 0.002985
1975 0.003435
1976 0.004073
1977 0.004819
1978 0.004806
1979 0.004368
1980 0.004186
1981 0.004322
1982 0.004417
1983 0.004387
1984 0.004656
1985 0.004538
1986 0.004640
1987 0.005121
1988 0.005454
1989 0.006028
1990 0.005937
1991 0.005456
1992 0.004616
1993 0.003833
1994 0.003682
1995 0.003713
1996 0.004146
1997 0.004944
1998 0.004884
1999 0.004962
2000 0.004276
2001 0.004052
2002 0.004374
2003 0.005303
2004 0.006475
2005 0.006989
2006 0.006168
2007 0.004657
2008 0.004069
2009 0.003840
2010 0.004309
2011 0.004853
2012 0.005354
2013 0.005501
2014 0.005230
2015 0.004745
2016 0.004014
2017 0.003730
2018 0.004076
2019 0.004889
2020 0.006030
2021 0.006747
2022 0.006032
2023 0.005065
2024 0.004208
2025 0.004335
2026 0.004678
2027 0.005508
2028 0.006668
2029 0.006897
2030 0.006104
2031 0.004402
2032 0.003652
2033 0.003635
2034 0.004507
2035 0.005500
2036 0.006075
2037 0.006131
2038 0.006488
2039 0.006552
2040 0.006361
2041 0.005415
2042 0.004743
2043 0.004284
2044 0.004808
2045 0.005532
2046 0.006241
2047 0.005818
2048 0.005107
2049 0.004672
2050 0.004967
2051 0.004938
2052 0.005282
2053 0.005667
2054 0.006609
2055 0.007739
2056 0.007302
2057 0.006558
2058 0.005057
2059 0.004448
2060 0.004836
2061 0.006161
2062 0.007820
2063 0.007680
2064 0.006546
2065 0.005593
2066 0.005111
2067 0.004892
2068 0.004991
2069 0.005638
2070 0.006486
2071 0.007085
2072 0.007706
2073 0.007155
2074 0.006193
2075 0.005885
2076 0.005339
2077 0.005377
2078 0.005630
2079 0.006183
2080 0.006076
2081 0.005759
2082 0.005490
2083 0.005977
2084 0.006120
2085 0.006264
2086 0.006932
2087 0.008388
2088 0.009885
2089 0.010059
2090 0.008499
2091 0.006769
2092 0.005342
2093 0.004662
2094 0.004660
2095 0.005666
2096 0.006446
2097 0.007299
2098 0.006682
2099 0.005898
2100 0.004667
2101 0.004477
2102 0.005262
2103 0.006391
2104 0.007105
2105 0.007018
2106 0.007108
2107 0.007136
2108 0.007037
2109 0.006804
2110 0.006069
2111 0.005766
2112 0.005734
2113 0.006067
2114 0.006827
2115 0.006540
2116 0.006542
2117 0.005232
2118 0.004987
2119 0.005275
2120 0.006303
2121 0.007124
2122 0.007564
2123 0.008283
2124 0.008715
2125 0.007496
2126 0.006012
2127 0.004722
2128 0.004998
2129 0.006306
2130 0.008051
2131 0.008329
2132 0.006847
2133 0.005841
2134 0.005188
2135 0.005637
2136 0.005952
2137 0.006467
2138 0.006385
2139 0.006763
2140 0.008149
2141 0.008344
2142 0.007361
2143 0.006378
2144 0.005429
2145 0.005850
2146 0.007076
2147 0.008381
2148 0.008411
2149 0.007547
2150 0.006968
2151 0.006716
2152 0.006853
2153 0.007023
2154 0.007524
2155 0.008234
2156 0.009269
2157 0.009541
2158 0.007554
2159 0.005716
2160 0.004809
2161 0.004905
2162 0.005808
2163 0.006719
2164 0.007627
2165 0.006911
2166 0.006990
2167 0.007107
2168 0.007560
2169 0.007892
2170 0.007277
2171 0.007387
2172 0.007476
2173 0.008572
2174 0.009389
2175 0.009017
2176 0.007594
2177 0.005648
2178 0.005058
2179 0.005154
2180 0.006441
2181 0.007051
2182 0.007525
2183 0.007223
2184 0.006098
2185 0.005786
2186 0.005442
2187 0.005581
2188 0.006175
2189 0.006404
2190 0.007791
2191 0.008790
2192 0.008596
2193 0.006938
2194 0.005165
2195 0.004831
2196 0.005623
2197 0.007301
2198 0.008530
2199 0.008009
2200 0.007987
2201 0.007658
2202 0.007969
2203 0.007560
2204 0.006907
2205 0.006484
2206 0.006632
2207 0.008044
2208 0.008551
2209 0.007970
2210 0.006923
2211 0.005999
2212 0.005763
2213 0.006213
2214 0.007119
2215 0.007628
2216 0.007771
2217 0.007843
2218 0.007659
2219 0.006640
2220 0.005634
2221 0.005402
2222 0.005829
2223 0.007164
2224 0.007799
2225 0.008294
2226 0.007532
2227 0.006773
2228 0.005932
2229 0.005649
2230 0.005905
2231 0.006288
2232 0.006637
2233 0.007158
2234 0.007143
2235 0.007162
2236 0.007239
2237 0.007086
2238 0.006383
2239 0.005526
2240 0.005745
2241 0.006544
2242 0.007557
2243 0.007678
2244 0.006916
2245 0.005861
2246 0.005505
2247 0.005522
2248 0.005886
2249 0.006307
2250 0.006419
2251 0.006525
2252 0.006899
2253 0.006986
2254 0.007405
2255 0.007074
2256 0.006470
2257 0.006337
2258 0.006243
2259 0.006693
2260 0.006432
2261 0.006523
2262 0.006438
2263 0.007657
2264 0.008085
2265 0.007593
2266 0.006418
2267 0.005358
2268 0.005768
2269 0.005943
2270 0.007228
2271 0.007309
2272 0.006805
2273 0.006822
2274 0.006106
2275 0.006573
2276 0.007399
2277 0.007832
2278 0.007811
2279 0.007648
2280 0.008419
2281 0.009067
2282 0.008144
2283 0.006949
2284 0.005625
2285 0.006029
2286 0.006827
2287 0.008622
2288 0.008355
2289 0.007311
2290 0.006525
2291 0.006086
2292 0.006482
2293 0.006365
2294 0.006651
2295 0.006736
2296 0.008556
2297 0.010280
2298 0.010628
2299 0.008688
2300 0.006622
2301 0.006270
2302 0.006445
2303 0.007240
2304 0.007008
2305 0.007341
2306 0.007749
2307 0.009388
2308 0.011337
2309 0.011295
2310 0.009147
2311 0.007764
2312 0.007480
2313 0.008707
2314 0.009997
2315 0.010315
2316 0.008717
2317 0.007764
2318 0.007215
2319 0.007939
2320 0.009111
2321 0.009885
2322 0.010655
2323 0.009801
2324 0.010377
2325 0.009345
2326 0.008181
2327 0.008383
2328 0.008908
2329 0.009737
2330 0.009454
2331 0.009704
2332 0.009846
2333 0.009406
2334 0.010161
2335 0.010679
2336 0.010981
2337 0.010710
2338 0.009450
2339 0.008650
2340 0.008190
2341 0.008920
2342 0.010108
2343 0.010033
2344 0.010051
2345 0.010281
2346 0.011379
2347 0.012579
2348 0.011724
2349 0.010834
2350 0.009098
2351 0.009236
2352 0.008817
2353 0.009422
2354 0.009444
2355 0.008567
2356 0.008791
2357 0.010306
2358 0.013130
2359 0.015624
2360 0.013789
2361 0.011932
2362 0.009337
2363 0.008973
2364 0.008940
2365 0.009336
2366 0.009902
2367 0.009721
2368 0.010047
2369 0.009789
2370 0.009225
2371 0.009227
2372 0.009196
2373 0.010369
2374 0.011628
2375 0.014543
2376 0.013440
2377 0.012496
2378 0.009768
2379 0.009710
2380 0.010322
2381 0.009882
2382 0.010687
2383 0.009438
2384 0.009143
2385 0.007893
2386 0.008882
2387 0.008696
2388 0.007978
2389 0.008138
2390 0.008120
2391 0.010310
2392 0.011270
2393 0.010685
2394 0.011137
2395 0.010815
2396 0.012655
2397 0.012123
2398 0.010866
2399 0.008938
2400 0.008262
2401 0.009125
2402 0.009494
2403 0.009183
2404 0.008577
2405 0.009539
2406 0.010682
2407 0.011393
2408 0.010575
2409 0.009117
2410 0.009475
2411 0.009799
2412 0.010352
2413 0.010435
2414 0.009991
2415 0.010779
2416 0.012190
2417 0.011852
2418 0.010478
2419 0.008167
2420 0.008419
2421 0.008795
2422 0.010739
2423 0.010098
2424 0.008702
2425 0.009179
2426 0.008888
2427 0.010147
2428 0.009207
2429 0.010075
2430 0.011106
2431 0.012242
2432 0.013496
2433 0.011688
2434 0.012010
2435 0.010439
2436 0.011264
2437 0.011466
2438 0.011320
2439 0.011618
2440 0.010606
2441 0.011632
2442 0.012708
2443 0.016423
2444 0.015287
2445 0.014085
2446 0.012888
2447 0.011879
2448 0.013227
2449 0.012333
2450 0.011084
2451 0.009514
2452 0.010327
2453 0.012226
2454 0.013208
2455 0.012487
2456 0.011799
2457 0.013367
2458 0.017002
2459 0.019506
2460 0.018354
2461 0.016010
2462 0.015038
2463 0.015342
2464 0.014293
2465 0.013987
2466 0.012483
2467 0.013847
2468 0.014504
2469 0.015493
2470 0.014327
2471 0.013521
2472 0.012828
2473 0.015554
2474 0.016599
2475 0.019756
2476 0.016900
2477 0.016278
2478 0.012667
2479 0.014489
2480 0.016139
2481 0.016745
2482 0.016393
2483 0.014389
2484 0.017071
2485 0.016351
2486 0.017420
2487 0.013543
2488 0.013103
2489 0.013380
2490 0.013993
2491 0.014710
2492 0.013093
2493 0.015184
2494 0.015907
2495 0.018731
2496 0.018582
2497 0.017300
2498 0.020055
2499 0.021539
2500 0.021048
2501 0.019188
2502 0.017138
2503 0.016454
2504 0.017546
2505 0.018154
2506 0.016382
2507 0.014655
2508 0.014918
2509 0.017487
2510 0.020784
2511 0.020085
2512 0.018862
2513 0.021127
2514 0.023328
2515 0.023761
2516 0.020620
2517 0.016153
2518 0.013926
2519 0.014287
2520 0.016777
2521 0.019660
2522 0.019992
2523 0.019412
2524 0.019050
2525 0.018867
2526 0.019105
2527 0.016566
2528 0.016368
2529 0.015890
2530 0.017914
2531 0.017863
2532 0.017012
2533 0.014535
2534 0.014834
2535 0.018011
2536 0.021044
2537 0.021277
2538 0.017486
2539 0.017513
2540 0.016763
2541 0.018034
2542 0.016186
2543 0.016410
2544 0.014630
2545 0.016232
2546 0.017835
2547 0.017363
2548 0.017505
2549 0.016651
2550 0.018418
2551 0.018792
2552 0.019979
2553 0.016308
2554 0.016844
2555 0.016038
2556 0.016441
2557 0.015263
2558 0.014156
2559 0.016629
2560 0.018650
2561 0.022581
2562 0.022562
2563 0.022927
2564 0.019853
2565 0.021384
2566 0.020366
2567 0.020518
2568 0.016681
2569 0.017039
2570 0.016908
2571 0.016358
2572 0.016108
2573 0.013130
2574 0.015510
2575 0.018342
2576 0.020033
2577 0.020100
2578 0.017239
2579 0.017038
2580 0.017703
2581 0.021400
2582 0.022059
2583 0.021207
2584 0.016665
2585 0.018344
2586 0.017813
2587 0.020126
2588 0.017183
2589 0.016869
2590 0.015490
2591 0.018643
2592 0.019747
2593 0.019694
2594 0.017437
2595 0.018156
2596 0.021220
2597 0.019362
2598 0.020195
2599 0.019190
2600 0.022376
2601 0.021356
2602 0.020506
2603 0.016833
2604 0.015069
2605 0.015117
2606 0.017225
2607 0.017533
2608 0.017448
2609 0.018704
2610 0.018599
2611 0.019876
2612 0.018134
2613 0.018094
2614 0.019371
2615 0.020011
2616 0.019341
2617 0.017109
2618 0.016897
2619 0.016947
2620 0.017759
2621 0.019475
2622 0.022051
2623 0.019362
2624 0.018778
2625 0.015823
2626 0.015826
2627 0.015032
2628 0.014201
2629 0.014695
2630 0.015836
2631 0.019494
2632 0.022724
2633 0.024218
2634 0.018539
2635 0.017542
2636 0.017409
2637 0.017437
2638 0.016946
2639 0.014987
2640 0.014882
2641 0.015456
2642 0.016849
2643 0.017125
2644 0.018120
2645 0.020245
2646 0.025434
2647 0.024083
2648 0.020918
2649 0.017324
2650 0.018249
2651 0.018863
2652 0.017953
2653 0.015790
2654 0.013515
2655 0.012633
2656 0.013675
2657 0.014714
2658 0.017335
2659 0.018578
2660 0.021942
2661 0.022024
2662 0.021086
2663 0.017319
2664 0.015690
2665 0.016959
2666 0.016572
2667 0.015467
2668 0.011690
2669 0.012243
2670 0.012846
2671 0.016762
2672 0.017463
2673 0.017788
2674 0.015925
2675 0.015371
2676 0.017248
2677 0.016683
2678 0.014908
2679 0.012390
2680 0.012180
2681 0.012841
2682 0.015368
2683 0.014870
2684 0.013728
2685 0.012088
2686 0.011654
2687 0.011315
2688 0.010852
2689 0.010174
2690 0.010404
2691 0.010777
2692 0.011554
2693 0.011274
2694 0.012149
2695 0.013304
2696 0.015248
2697 0.014874
2698 0.014707
2699 0.013423
2700 0.012706
2701 0.013552
2702 0.012586
2703 0.010930
2704 0.009121
2705 0.008741
2706 0.009308
2707 0.010616
2708 0.011688
2709 0.012867
2710 0.012441
2711 0.012842
2712 0.012472
2713 0.012895
2714 0.011636
2715 0.011156
2716 0.011328
2717 0.010978
2718 0.010553
2719 0.009180
2720 0.008946
2721 0.009614
2722 0.010969
2723 0.012873
2724 0.011359
2725 0.010445
2726 0.009974
2727 0.010239
2728 0.010859
2729 0.010231
2730 0.010423
2731 0.010273
2732 0.011147
2733 0.011193
2734 0.010711
2735 0.009319
2736 0.008564
2737 0.007236
2738 0.007372
2739 0.008154
2740 0.008881
2741 0.009290
2742 0.010114
2743 0.010623
2744 0.010909
2745 0.012286
2746 0.012371
2747 0.010791
2748 0.008868
2749 0.008081
2750 0.007557
2751 0.008427
2752 0.008285
2753 0.009392
2754 0.010140
2755 0.011232
2756 0.011716
2757 0.011505
2758 0.012153
2759 0.012012
2760 0.010977
2761 0.010511
2762 0.009219
2763 0.009175
2764 0.009709
2765 0.011264
2766 0.011331
2767 0.010144
2768 0.009601
2769 0.009566
2770 0.009776
2771 0.009247
2772 0.009600
2773 0.009510
2774 0.009601
2775 0.009598
2776 0.010366
2777 0.008792
2778 0.010022
2779 0.011965
2780 0.014191
2781 0.015051
2782 0.013783
2783 0.012386
2784 0.011511
2785 0.010546
2786 0.008100
2787 0.006388
2788 0.006002
2789 0.007472
2790 0.008409
2791 0.009369
2792 0.009175
2793 0.009522
2794 0.010075
2795 0.012005
2796 0.013088
2797 0.012857
2798 0.012803
2799 0.011730
2800 0.010182
2801 0.009256
2802 0.007962
2803 0.008670
2804 0.008826
2805 0.009238
2806 0.010291
2807 0.011345
2808 0.012193
2809 0.011955
2810 0.010492
2811 0.009654
2812 0.010893
2813 0.010780
2814 0.011375
2815 0.009273
2816 0.009056
2817 0.008962
2818 0.010344
2819 0.011405
2820 0.012392
2821 0.012766
2822 0.011363
2823 0.009877
2824 0.008977
2825 0.009680
2826 0.010526
2827 0.011501
2828 0.010972
2829 0.011476
2830 0.011788
2831 0.012572
2832 0.011905
2833 0.012608
2834 0.011749
2835 0.011300
2836 0.010300
2837 0.009489
2838 0.009468
2839 0.010197
2840 0.010962
2841 0.012165
2842 0.013065
2843 0.013468
2844 0.013549
2845 0.015041
2846 0.014547
2847 0.014147
2848 0.013209
2849 0.012418
2850 0.010868
2851 0.009196
2852 0.008905
2853 0.008200
2854 0.009327
2855 0.009913
2856 0.010773
2857 0.010496
2858 0.011546
2859 0.012886
2860 0.014310
2861 0.014280
2862 0.013209
2863 0.011353
2864 0.011033
2865 0.010472
2866 0.010175
2867 0.009047
2868 0.008986
2869 0.009526
2870 0.010991
2871 0.011654
2872 0.011331
2873 0.010231
2874 0.011168
2875 0.011208
2876 0.011825
2877 0.011582
2878 0.011561
2879 0.011714
2880 0.011883
2881 0.012027
2882 0.011182
2883 0.011970
2884 0.011013
2885 0.011211
2886 0.009881
2887 0.009471
2888 0.008724
2889 0.009608
2890 0.010439
2891 0.010424
2892 0.009453
2893 0.008765
2894 0.009443
2895 0.009763
2896 0.010397
2897 0.010620
2898 0.011575
2899 0.011531
2900 0.011264
2901 0.010363
2902 0.010891
2903 0.010468
2904 0.010078
2905 0.009273
2906 0.008628
2907 0.008057
2908 0.008468
2909 0.009248
2910 0.009849
2911 0.008974
2912 0.008037
2913 0.007904
2914 0.008664
2915 0.010080
2916 0.010569
2917 0.009848
2918 0.009957
2919 0.009432
2920 0.008192
2921 0.007322
2922 0.006900
2923 0.006995
2924 0.008423
2925 0.009790
2926 0.011039
2927 0.011809
2928 0.012520
2929 0.013216
2930 0.012736
2931 0.011162
2932 0.009221
2933 0.008341
2934 0.008261
2935 0.007509
2936 0.006685
2937 0.006606
2938 0.007716
2939 0.009352
2940 0.010120
2941 0.010823
2942 0.011002
2943 0.011913
2944 0.011712
2945 0.010678
2946 0.009773
2947 0.010077
2948 0.010769
2949 0.010953
2950 0.009511
2951 0.009006
2952 0.010162
2953 0.012020
2954 0.011801
2955 0.010406
2956 0.009248
2957 0.009606
2958 0.010409
2959 0.010740
2960 0.009753
2961 0.009231
2962 0.009819
2963 0.011572
2964 0.012691
2965 0.013061
2966 0.013219
2967 0.012688
2968 0.011380
2969 0.010392
2970 0.010934
2971 0.011160
2972 0.011040
2973 0.009678
2974 0.009055
2975 0.008664
2976 0.010564
2977 0.012465
2978 0.014378
2979 0.013645
2980 0.014600
2981 0.014084
2982 0.013758
2983 0.013156
2984 0.011307
2985 0.011146
2986 0.010046
2987 0.009445
2988 0.008986
2989 0.010523
2990 0.013712
2991 0.016503
2992 0.016150
2993 0.015761
2994 0.015696
2995 0.014274
2996 0.013265
2997 0.011924
2998 0.011709
2999 0.012933
3000 0.013681
3001 0.013311
3002 0.012077
3003 0.013136
3004 0.016255
3005 0.018090
3006 0.015483
3007 0.014080
3008 0.012821
3009 0.013817
3010 0.013885
3011 0.013145
3012 0.012571
3013 0.012637
3014 0.013199
3015 0.015094
3016 0.013936
3017 0.014116
3018 0.013243
3019 0.013721
3020 0.011997
3021 0.010678
3022 0.011310
3023 0.012395
3024 0.012737
3025 0.013295
3026 0.014863
3027 0.015990
3028 0.016914
3029 0.014943
3030 0.013788
3031 0.013876
3032 0.015143
3033 0.014645
3034 0.013852
3035 0.011944
3036 0.011579
3037 0.009639
3038 0.008649
3039 0.008723
3040 0.009376
3041 0.011044
3042 0.011080
3043 0.010163
3044 0.010095
3045 0.010621
3046 0.011275
3047 0.011759
3048 0.011568
3049 0.011908
3050 0.010869
3051 0.009434
3052 0.008687
3053 0.008673
3054 0.009611
3055 0.010068
3056 0.008775
3057 0.008833
3058 0.008830
3059 0.010929
3060 0.011927
3061 0.012657
3062 0.012257
3063 0.011650
3064 0.011840
3065 0.010638
3066 0.008643
3067 0.007685
3068 0.008156
3069 0.009039
3070 0.009818
3071 0.009567
3072 0.010136
3073 0.010371
3074 0.010512
3075 0.011115
3076 0.012113
3077 0.012167
3078 0.011415
3079 0.008949
3080 0.007424
3081 0.006795
3082 0.007572
3083 0.008071
3084 0.007789
3085 0.007609
3086 0.008140
3087 0.008553
3088 0.008454
3089 0.008714
3090 0.009105
3091 0.009386
3092 0.009404
3093 0.007856
3094 0.006772
3095 0.006587
3096 0.007609
3097 0.007927
3098 0.007425
3099 0.006923
3100 0.006942
3101 0.006981
3102 0.007535
3103 0.007572
3104 0.007348
3105 0.007004
3106 0.006682
3107 0.006044
3108 0.005855
3109 0.006056
3110 0.007510
3111 0.009358
3112 0.009949
3113 0.008786
3114 0.008228
3115 0.008020
3116 0.006899
3117 0.006244
3118 0.005431
3119 0.005671
3120 0.005656
3121 0.005926
3122 0.006233
3123 0.008606
3124 0.010021
3125 0.009581
3126 0.009142
3127 0.009337
3128 0.009722
3129 0.009132
3130 0.006872
3131 0.005559
3132 0.004970
3133 0.005358
3134 0.006110
3135 0.006844
3136 0.006472
3137 0.006450
3138 0.006768
3139 0.007317
3140 0.007090
3141 0.006699
3142 0.006975
3143 0.006010
3144 0.005586
3145 0.005247
3146 0.004911
3147 0.004924
3148 0.004706
3149 0.004151
3150 0.004612
3151 0.005510
3152 0.007162
3153 0.007343
3154 0.006306
3155 0.005405
3156 0.005314
3157 0.005636
3158 0.005328
3159 0.004545
3160 0.004069
3161 0.004104
3162 0.004875
3163 0.005388
3164 0.005727
3165 0.005439
3166 0.005155
3167 0.004908
3168 0.004294
3169 0.003632
3170 0.003536
3171 0.004032
3172 0.004544
3173 0.004541
3174 0.004502
3175 0.004710
3176 0.004669
3177 0.004573
3178 0.004394
3179 0.004397
3180 0.004237
3181 0.003626
3182 0.003031
3183 0.002780
3184 0.002873
3185 0.003564
3186 0.003897
3187 0.004241
3188 0.003991
3189 0.003917
3190 0.004187
3191 0.003966
3192 0.003589
3193 0.003655
3194 0.003785
3195 0.003634
3196 0.003204
3197 0.002853
3198 0.002765
3199 0.002701
3200 0.002634
3201 0.002829
3202 0.002849
3203 0.003163
3204 0.003031
3205 0.003050
3206 0.002795
3207 0.003219
3208 0.003728
3209 0.003984
3210 0.003537
3211 0.003009
3212 0.002758
3213 0.002796
3214 0.002965
3215 0.002914
3216 0.002707
3217 0.002680
3218 0.002810
3219 0.002865
3220 0.003075
3221 0.003565
3222 0.003723
3223 0.003437
3224 0.003061
3225 0.002562
3226 0.002379
3227 0.002297
3228 0.002298
3229 0.002316
3230 0.002558
3231 0.002851
3232 0.003387
3233 0.003128
3234 0.003018
3235 0.002817
3236 0.003023
3237 0.003128
3238 0.003316
3239 0.002947
3240 0.002989
3241 0.002757
3242 0.002574
3243 0.002526
3244 0.002518
3245 0.002822
3246 0.002939
3247 0.002407
3248 0.001987
3249 0.001991
3250 0.002120
3251 0.002345
3252 0.002417
3253 0.002161
3254 0.002066
3255 0.002161
3256 0.002624
3257 0.003035
3258 0.003032
3259 0.003073
3260 0.002855
3261 0.002716
3262 0.002442
3263 0.002438
3264 0.002361
3265 0.002490
3266 0.002269
3267 0.002164
3268 0.002115
3269 0.002432
3270 0.002935
3271 0.003059
3272 0.002984
3273 0.002890
3274 0.002567
3275 0.002383
3276 0.002351
3277 0.002746
3278 0.002984
3279 0.002860
3280 0.002506
3281 0.002319
3282 0.002175
3283 0.002314
3284 0.002309
3285 0.002157
3286 0.002215
3287 0.002330
3288 0.002526
3289 0.002499
3290 0.002648
3291 0.002833
3292 0.002956
3293 0.002930
3294 0.002661
3295 0.002268
3296 0.002239
3297 0.002123
3298 0.002072
3299 0.001959
3300 0.002084
3301 0.002289
3302 0.002519
3303 0.002623
3304 0.002481
3305 0.002516
3306 0.002441
3307 0.002476
3308 0.002337
3309 0.002399
3310 0.002233
3311 0.002013
3312 0.002047
3313 0.002125
3314 0.002379
3315 0.002345
3316 0.002070
3317 0.001995
3318 0.001966
3319 0.002227
3320 0.002320
3321 0.002102
3322 0.001935
3323 0.001721
3324 0.001645
3325 0.001715
3326 0.001813
3327 0.002061
3328 0.002134
3329 0.001982
3330 0.001538
3331 0.001359
3332 0.001332
3333 0.001463
3334 0.001475
3335 0.001494
3336 0.001391
3337 0.001498
3338 0.001690
3339 0.001705
3340 0.001848
3341 0.002029
3342 0.002211
3343 0.002082
3344 0.001924
3345 0.001855
3346 0.001835
3347 0.001715
3348 0.001487
3349 0.001300
3350 0.001377
3351 0.001574
3352 0.001759
3353 0.001566
3354 0.001461
3355 0.001529
3356 0.001606
3357 0.001799
3358 0.001684
3359 0.001494
3360 0.001481
3361 0.001636
3362 0.001799
3363 0.001669
3364 0.001648
3365 0.001555
3366 0.001520
3367 0.001340
3368 0.001275
3369 0.001413
3370 0.001467
3371 0.001405
3372 0.001338
3373 0.001149
3374 0.001307
3375 0.001345
3376 0.001391
3377 0.001249
3378 0.001154
3379 0.001175
3380 0.001133
3381 0.001022
3382 0.000979
3383 0.001077
3384 0.001206
3385 0.001254
3386 0.001223
3387 0.001217
3388 0.001238
3389 0.001192
3390 0.001220
3391 0.001241
3392 0.001252
3393 0.001315
3394 0.001474
3395 0.001483
3396 0.001335
3397 0.001169
3398 0.000981
3399 0.000857
3400 0.000826
3401 0.000908
3402 0.001056
3403 0.001102
3404 0.001071
3405 0.001015
3406 0.001056
3407 0.001141
3408 0.001105
3409 0.001098
3410 0.001102
3411 0.001074
3412 0.001030
3413 0.000952
3414 0.000952
3415 0.000949
3416 0.001056
3417 0.001087
3418 0.001039
3419 0.001092
3420 0.001167
3421 0.001270
3422 0.001077
3423 0.000935
3424 0.000911
3425 0.000997
3426 0.000942
3427 0.000841
3428 0.000775
3429 0.000805
3430 0.000965
3431 0.001182
3432 0.001171
3433 0.001085
3434 0.000988
3435 0.000860
3436 0.000737
3437 0.000673
3438 0.000755
3439 0.000877
3440 0.000909
3441 0.000789
3442 0.000820
3443 0.000956
3444 0.001078
3445 0.001039
3446 0.000918
3447 0.000832
3448 0.000779
3449 0.000760
3450 0.000794
3451 0.000819
3452 0.000923
3453 0.001016
3454 0.000947
3455 0.000838
3456 0.000862
3457 0.000868
3458 0.000885
3459 0.000775
3460 0.000678
3461 0.000627
3462 0.000610
3463 0.000645
3464 0.000667
3465 0.000766
3466 0.000941
3467 0.000951
3468 0.000905
3469 0.000795
3470 0.000769
3471 0.000847
3472 0.000836
3473 0.000737
3474 0.000667
3475 0.000616
3476 0.000608
3477 0.000539
3478 0.000572
3479 0.000630
3480 0.000757
3481 0.000874
3482 0.000907
3483 0.000849
3484 0.000771
3485 0.000653
3486 0.000587
3487 0.000566
3488 0.000612
3489 0.000659
3490 0.000728
3491 0.000703
3492 0.000631
3493 0.000645
3494 0.000732
3495 0.000762
3496 0.000725
3497 0.000671
3498 0.000639
3499 0.000701
3500 0.000798
3501 0.000859
3502 0.000787
3503 0.000654
3504 0.000551
3505 0.000467
3506 0.000437
3507 0.000481
3508 0.000542
3509 0.000563
3510 0.000519
3511 0.000503
3512 0.000543
3513 0.000592
3514 0.000616
3515 0.000633
3516 0.000640
3517 0.000668
3518 0.000621
3519 0.000596
3520 0.000623
3521 0.000735
3522 0.000812
3523 0.000765
3524 0.000555
3525 0.000472
3526 0.000413
3527 0.000446
3528 0.000517
3529 0.000492
3530 0.000483
3531 0.000486
3532 0.000484
3533 0.000480
3534 0.000555
3535 0.000607
3536 0.000641
3537 0.000549
3538 0.000491
3539 0.000477
3540 0.000501
3541 0.000536
3542 0.000548
3543 0.000529
3544 0.000480
3545 0.000455
3546 0.000442
3547 0.000437
3548 0.000424
3549 0.000442
3550 0.000472
3551 0.000484
3552 0.000445
3553 0.000431
3554 0.000450
3555 0.000444
3556 0.000454
3557 0.000474
3558 0.000465
3559 0.000394
3560 0.000374
3561 0.000346
3562 0.000408
3563 0.000450
3564 0.000443
3565 0.000378
3566 0.000359
3567 0.000404
3568 0.000483
3569 0.000531
3570 0.000597
3571 0.000587
3572 0.000516
3573 0.000416
3574 0.000317
3575 0.000275
3576 0.000287
3577 0.000316
3578 0.000349
3579 0.000401
3580 0.000401
3581 0.000401
3582 0.000369
3583 0.000357
3584 0.000366
3585 0.000390
3586 0.000380
3587 0.000348
3588 0.000299
3589 0.000284
3590 0.000264
3591 0.000276
3592 0.000307
3593 0.000295
3594 0.000285
3595 0.000289
3596 0.000298
3597 0.000321
3598 0.000342
3599 0.000349
3600 0.000337
3601 0.000334
3602 0.000311
3603 0.000291
3604 0.000246
3605 0.000231
3606 0.000262
3607 0.000303
3608 0.000293
3609 0.000267
3610 0.000242
3611 0.000243
3612 0.000229
3613 0.000237
3614 0.000238
3615 0.000230
3616 0.000224
3617 0.000198
3618 0.000191
3619 0.000216
3620 0.000234
3621 0.000247
3622 0.000222
3623 0.000187
3624 0.000180
3625 0.000188
3626 0.000202
3627 0.000219
3628 0.000206
3629 0.000187
3630 0.000164
3631 0.000143
3632 0.000154
3633 0.000149
3634 0.000174
3635 0.000194
3636 0.000183
3637 0.000168
3638 0.000148
3639 0.000144
3640 0.000149
3641 0.000147
3642 0.000148
3643 0.000141
3644 0.000137
3645 0.000134
3646 0.000149
3647 0.000167
3648 0.000177
3649 0.000167
3650 0.000147
3651 0.000127
3652 0.000119
3653 0.000122
3654 0.000144
3655 0.000142
3656 0.000135
3657 0.000137
3658 0.000144
3659 0.000159
3660 0.000162
3661 0.000147
3662 0.000135
3663 0.000112
3664 0.000107
3665 0.000116
3666 0.000124
3667 0.000126
3668 0.000135
3669 0.000140
3670 0.000145
3671 0.000147
3672 0.000154
3673 0.000168
3674 0.000145
3675 0.000141
3676 0.000137
3677 0.000132
3678 0.000136
3679 0.000130
3680 0.000118
3681 0.000122
3682 0.000117
3683 0.000119
3684 0.000122
3685 0.000119
3686 0.000120
3687 0.000120
3688 0.000115
3689 0.000106
3690 0.000101
3691 0.000108
3692 0.000111
3693 0.000116
3694 0.000137
3695 0.000154
3696 0.000162
3697 0.000156
3698 0.000121
3699 0.000106
3700 0.000103
3701 0.000111
3702 0.000109
3703 0.000101
3704 0.000090
3705 0.000087
3706 0.000085
3707 0.000097
3708 0.000098
3709 0.000099
3710 0.000100
3711 0.000092
3712 0.000089
3713 0.000088
3714 0.000096
3715 0.000104
3716 0.000097
3717 0.000084
3718 0.000072
3719 0.000073
3720 0.000075
3721 0.000079
3722 0.000083
3723 0.000083
3724 0.000080
3725 0.000070
3726 0.000073
3727 0.000078
3728 0.000089
3729 0.000091
3730 0.000078
3731 0.000071
3732 0.000066
3733 0.000073
3734 0.000071
3735 0.000063
3736 0.000063
3737 0.000055
3738 0.000055
3739 0.000054
3740 0.000057
3741 0.000064
3742 0.000071
3743 0.000069
3744 0.000065
3745 0.000056
3746 0.000060
3747 0.000064
3748 0.000067
3749 0.000066
3750 0.000062
3751 0.000058
3752 0.000052
3753 0.000043
3754 0.000044
3755 0.000043
3756 0.000046
3757 0.000054
3758 0.000053
3759 0.000053
3760 0.000049
3761 0.000047
3762 0.000042
3763 0.000043
3764 0.000042
3765 0.000042
3766 0.000039
3767 0.000041
3768 0.000043
3769 0.000045
3770 0.000043
3771 0.000043
3772 0.000044
3773 0.000045
3774 0.000043
3775 0.000038
3776 0.000035
3777 0.000034
3778 0.000032
3779 0.000036
3780 0.000039
3781 0.000043
3782 0.000043
3783 0.000038
3784 0.000037
3785 0.000035
3786 0.000033
3787 0.000035
3788 0.000034
3789 0.000036
3790 0.000032
3791 0.000029
3792 0.000026
3793 0.000025
3794 0.000025
3795 0.000025
3796 0.000026
3797 0.000026
3798 0.000027
3799 0.000028
3800 0.000026
3801 0.000023
3802 0.000023
3803 0.000024
3804 0.000024
3805 0.000025
3806 0.000026
3807 0.000029
3808 0.000034
3809 0.000034
3810 0.000029
3811 0.000024
3812 0.000022
3813 0.000022
3814 0.000022
3815 0.000020
3816 0.000018
3817 0.000017
3818 0.000018
3819 0.000020
3820 0.000019
3821 0.000017
3822 0.000016
3823 0.000016
3824 0.000017
3825 0.000020
3826 0.000024
3827 0.000023
3828 0.000020
3829 0.000016
3830 0.000015
3831 0.000014
3832 0.000015
3833 0.000017
3834 0.000018
3835 0.000019
3836 0.000017
3837 0.000016
3838 0.000015
3839 0.000014
3840 0.000014
3841 0.000014
3842 0.000014
3843 0.000013
3844 0.000013
3845 0.000012
3846 0.000012
3847 0.000014
3848 0.000015
3849 0.000014
3850 0.000012
3851 0.000011
3852 0.000011
3853 0.000012
3854 0.000012
3855 0.000012
3856 0.000013
3857 0.000013
3858 0.000013
3859 0.000012
3860 0.000010
3861 0.000009
3862 0.000010
3863 0.000010
3864 0.000010
3865 0.000009
3866 0.000009
3867 0.000009
3868 0.000008
3869 0.000008
3870 0.000008
3871 0.000008
3872 0.000009
3873 0.000009
3874 0.000010
3875 0.000010
3876 0.000009
3877 0.000007
3878 0.000007
3879 0.000007
3880 0.000008
3881 0.000008
3882 0.000007
3883 0.000007
3884 0.000006
3885 0.000006
3886 0.000006
3887 0.000005
3888 0.000005
3889 0.000005
3890 0.000005
3891 0.000006
3892 0.000007
3893 0.000008
3894 0.000007
3895 0.000007
3896 0.000006
3897 0.000006
3898 0.000006
3899 0.000006
3900 0.000006
3901 0.000006
3902 0.000006
3903 0.000005
3904 0.000004
3905 0.000004
3906 0.000005
3907 0.000005
3908 0.000006
3909 0.000006
3910 0.000005
3911 0.000005
3912 0.000005
3913 0.000005
3914 0.000005
3915 0.000004
3916 0.000004
3917 0.000004
3918 0.000005
3919 0.000005
3920 0.000005
3921 0.000005
3922 0.000004
3923 0.000004
3924 0.000004
3925 0.000004
3926 0.000005
3927 0.000005
3928 0.000005
3929 0.000004
3930 0.000004
3931 0.000005
3932 0.000005
3933 0.000005
3934 0.000004
3935 0.000005
3936 0.000004
3937 0.000004
3938 0.000005
3939 0.000005
3940 0.000004
3941 0.000004
3942 0.000005
3943 0.000004
3944 0.000004
3945 0.000004
3946 0.000004
3947 0.000004
3948 0.000004
3949 0.000004
3950 0.000003
3951 0.000003
3952 0.000004
3953 0.000004
3954 0.000004
3955 0.000004
3956 0.000004
3957 0.000004
3958 0.000004
3959 0.000004
3960 0.000004
3961 0.000004
3962 0.000003
3963 0.000003
3964 0.000003
3965 0.000003
3966 0.000004
3967 0.000004
3968 0.000004
3969 0.000003
3970 0.000003
3971 0.000003
3972 0.000003
3973 0.000003
3974 0.000002
3975 0.000002
3976 0.000003
3977 0.000003
3978 0.000003
3979 0.000003
3980 0.000003
3981 0.000003
3982 0.000004
3983 0.000004
3984 0.000004
3985 0.000004
3986 0.000003
3987 0.000003
3988 0.000003
3989 0.000003
3990 0.000002
3991 0.000002
3992 0.000002
3993 0.000002
3994 0.000002
3995 0.000002
3996 0.000002
3997 0.000003
3998 0.000003
3999 0.000003
4000 0.000002
4001 0.000002
4002 0.000002
4003 0.000002
4004 0.000002
4005 0.000002
4006 0.000002
4007 0.000002
4008 0.000002
4009 0.000002
4010 0.000002
4011 0.000002
4012 0.000002
4013 0.000002
4014 0.000002
4015 0.000002
4016 0.000002
4017 0.000002
4018 0.000002
4019 0.000002
4020 0.000002
4021 0.000002
4022 0.000002
4023 0.000002
4024 0.000002
4025 0.000002
4026 0.000002
4027 0.000002
4028 0.000002
4029 0.000002
4030 0.000002
4031 0.000002
4032 0.000002
4033 0.000002
4034 0.000002
4035 0.000002
4036 0.000001
4037 0.000001
4038 0.000001
4039 0.000001
4040 0.000001
4041 0.000001
4042 0.000001
4043 0.000001
4044 0.000001
4045 0.000001
4046 0.000001
4047 0.000001
4048 0.000001
4049 0.000001
4050 0.000001
4051 0.000001
4052 0.000001
4053 0.000001
