#ite residual of mtx/Flan_1565.mtx
1 16.162414
2 11.020365
3 12.362028
4 12.057406
5 12.469937
6 12.116322
7 11.993481
8 11.627502
9 11.041124
10 11.348200
11 11.379780
12 11.688410
13 11.541904
14 11.547927
15 11.206935
16 11.254786
17 10.878102
18 10.976518
19 10.627690
20 10.146898
21 9.946967
22 10.410014
23 10.750607
24 11.093182
25 11.439483
26 11.991351
27 12.419545
28 12.768056
29 13.198950
30 13.683859
31 13.777416
32 13.990812
33 14.140134
34 14.339082
35 14.608987
36 14.887999
37 14.745904
38 14.486680
39 14.385433
40 14.210795
41 13.949113
42 13.530755
43 13.051349
44 12.711385
45 12.629337
46 12.499988
47 12.136838
48 11.687938
49 11.398643
50 11.233151
51 11.377420
52 11.482351
53 11.785587
54 12.190291
55 12.386025
56 12.351493
57 12.513867
58 12.631549
59 12.510199
60 12.623168
61 12.908448
62 13.126021
63 13.134277
64 13.317035
65 13.120816
66 11.891473
67 10.557630
68 9.811254
69 8.793187
70 8.308436
71 7.676659
72 7.143342
73 6.610669
74 6.300884
75 5.885836
76 5.479012
77 5.075327
78 4.718121
79 4.456225
80 4.191593
81 3.935311
82 3.713278
83 3.544525
84 3.394204
85 3.340274
86 3.308811
87 3.293767
88 3.237781
89 3.163793
90 3.033479
91 2.989209
92 3.047351
93 3.066378
94 2.999387
95 2.950584
96 2.901824
97 2.861815
98 2.808135
99 2.711998
100 2.591688
101 2.566336
102 2.576753
103 2.532257
104 2.525966
105 2.601057
106 2.717848
107 2.908685
108 3.046923
109 3.044522
110 3.018361
111 3.005763
112 2.922206
113 2.857322
114 2.855820
115 2.896623
116 2.860463
117 2.949631
118 2.921731
119 3.216739
120 3.328266
121 3.512988
122 3.525114
123 3.663368
124 3.506940
125 3.503563
126 3.537882
127 3.457536
128 3.009395
129 2.815511
130 1.990660
131 2.547856
132 2.712633
133 2.925738
134 2.667296
135 2.884526
136 2.692340
137 2.648235
138 2.647840
139 2.492856
140 2.500431
141 2.184012
142 2.231250
143 2.120713
144 2.122307
145 2.014794
146 1.913653
147 1.954872
148 1.954978
149 2.071317
150 1.998130
151 2.001350
152 1.894823
153 1.872908
154 1.828944
155 1.775429
156 1.700289
157 1.633938
158 1.623161
159 1.520155
160 1.522096
161 1.456006
162 1.422005
163 1.323323
164 1.212818
165 1.111011
166 1.060777
167 1.004706
168 0.930478
169 0.901405
170 0.810087
171 0.727552
172 0.656136
173 0.609392
174 0.556864
175 0.518122
176 0.513229
177 0.482607
178 0.459368
179 0.424372
180 0.394153
181 0.371423
182 0.362407
183 0.339071
184 0.314286
185 0.302427
186 0.291252
187 0.282858
188 0.269303
189 0.257205
190 0.245033
191 0.231616
192 0.225914
193 0.219652
194 0.202116
195 0.202412
196 0.202847
197 0.192877
198 0.189228
199 0.186692
200 0.181720
201 0.175380
202 0.167207
203 0.158716
204 0.154871
205 0.152797
206 0.149374
207 0.141191
208 0.128926
209 0.116840
210 0.114504
211 0.109453
212 0.109164
213 0.105480
214 0.100053
215 0.091572
216 0.086247
217 0.082095
218 0.078436
219 0.079250
220 0.075143
221 0.070970
222 0.067721
223 0.066387
224 0.064191
225 0.062871
226 0.061461
227 0.059315
228 0.058279
229 0.055627
230 0.053409
231 0.050850
232 0.047622
233 0.043975
234 0.040188
235 0.037154
236 0.034228
237 0.032206
238 0.030418
239 0.028778
240 0.026926
241 0.025615
242 0.025784
243 0.025183
244 0.026346
245 0.026151
246 0.027415
247 0.026397
248 0.026665
249 0.026576
250 0.027282
251 0.027663
252 0.028100
253 0.027801
254 0.028349
255 0.024428
256 0.026002
257 0.022185
258 0.027952
259 0.027523
260 0.024982
261 0.022355
262 0.023059
263 0.021227
264 0.021828
265 0.021190
266 0.020691
267 0.019701
268 0.018294
269 0.018320
270 0.017535
271 0.017241
272 0.015141
273 0.015036
274 0.014575
275 0.014867
276 0.013401
277 0.012631
278 0.011151
279 0.010469
280 0.009724
281 0.008966
282 0.008512
283 0.007885
284 0.007908
285 0.007663
286 0.007711
287 0.007437
288 0.007445
289 0.006792
290 0.006674
291 0.006149
292 0.006220
293 0.006276
294 0.006590
295 0.006586
296 0.006385
297 0.006661
298 0.006648
299 0.007027
300 0.007132
301 0.007413
302 0.007303
303 0.007605
304 0.007860
305 0.007797
306 0.007840
307 0.007338
308 0.007158
309 0.007073
310 0.007072
311 0.006354
312 0.006355
313 0.006103
314 0.006100
315 0.005716
316 0.005590
317 0.005496
318 0.005226
319 0.005036
320 0.004723
321 0.004632
322 0.004501
323 0.004786
324 0.004929
325 0.005004
326 0.005181
327 0.005033
328 0.004774
329 0.004464
330 0.004200
331 0.004138
332 0.003944
333 0.003928
334 0.003811
335 0.003859
336 0.003732
337 0.003638
338 0.003407
339 0.003221
340 0.003106
341 0.002916
342 0.002800
343 0.002582
344 0.002461
345 0.002247
346 0.002226
347 0.002176
348 0.002181
349 0.002224
350 0.002208
351 0.002218
352 0.002102
353 0.002031
354 0.001850
355 0.001839
356 0.001755
357 0.001719
358 0.001642
359 0.001556
360 0.001465
361 0.001418
362 0.001374
363 0.001254
364 0.001183
365 0.001102
366 0.001023
367 0.000972
368 0.000952
369 0.000941
370 0.000895
371 0.000863
372 0.000790
373 0.000763
374 0.000716
375 0.000707
376 0.000664
377 0.000644
378 0.000613
379 0.000620
380 0.000571
381 0.000602
382 0.000549
383 0.000563
384 0.000514
385 0.000537
386 0.000506
387 0.000474
388 0.000391
389 0.000409
390 0.000379
391 0.000360
392 0.000334
393 0.000315
394 0.000303
395 0.000273
396 0.000282
397 0.000266
398 0.000266
399 0.000242
400 0.000240
401 0.000233
402 0.000242
403 0.000235
404 0.000229
405 0.000219
406 0.000205
407 0.000196
408 0.000189
409 0.000182
410 0.000179
411 0.000174
412 0.000179
413 0.000172
414 0.000165
415 0.000160
416 0.000154
417 0.000153
418 0.000152
419 0.000158
420 0.000163
421 0.000169
422 0.000159
423 0.000150
424 0.000143
425 0.000136
426 0.000135
427 0.000125
428 0.000120
429 0.000109
430 0.000109
431 0.000104
432 0.000097
433 0.000096
434 0.000092
435 0.000092
436 0.000088
437 0.000085
438 0.000079
439 0.000080
440 0.000081
441 0.000080
442 0.000080
443 0.000081
444 0.000079
445 0.000077
446 0.000071
447 0.000068
448 0.000064
449 0.000063
450 0.000064
451 0.000065
452 0.000062
453 0.000062
454 0.000058
455 0.000055
456 0.000052
457 0.000052
458 0.000052
459 0.000051
460 0.000050
461 0.000047
462 0.000046
463 0.000043
464 0.000042
465 0.000040
466 0.000040
467 0.000041
468 0.000041
469 0.000040
470 0.000038
471 0.000036
472 0.000033
473 0.000032
474 0.000030
475 0.000029
476 0.000028
477 0.000029
478 0.000028
479 0.000028
480 0.000027
481 0.000026
482 0.000026
483 0.000026
484 0.000025
485 0.000026
486 0.000026
487 0.000026
488 0.000026
489 0.000025
490 0.000025
491 0.000024
492 0.000024
493 0.000022
494 0.000022
495 0.000020
496 0.000020
497 0.000019
498 0.000019
499 0.000018
500 0.000017
501 0.000016
502 0.000015
503 0.000015
504 0.000015
505 0.000014
506 0.000013
507 0.000013
508 0.000012
509 0.000011
510 0.000011
511 0.000011
512 0.000011
513 0.000010
514 0.000010
515 0.000009
516 0.000009
517 0.000009
518 0.000008
519 0.000008
520 0.000008
521 0.000008
522 0.000008
523 0.000008
524 0.000008
525 0.000008
526 0.000008
527 0.000008
528 0.000008
529 0.000008
530 0.000007
531 0.000007
532 0.000007
533 0.000007
534 0.000007
535 0.000007
536 0.000007
537 0.000007
538 0.000007
539 0.000007
540 0.000006
541 0.000006
542 0.000006
543 0.000006
544 0.000006
545 0.000006
546 0.000006
547 0.000005
548 0.000005
549 0.000005
550 0.000005
551 0.000005
552 0.000005
553 0.000005
554 0.000005
555 0.000004
556 0.000004
557 0.000004
558 0.000004
559 0.000004
560 0.000004
561 0.000004
562 0.000004
563 0.000004
564 0.000004
565 0.000004
566 0.000004
567 0.000004
568 0.000004
569 0.000003
570 0.000003
571 0.000003
572 0.000003
573 0.000003
574 0.000003
575 0.000003
576 0.000003
577 0.000003
578 0.000003
579 0.000002
580 0.000002
581 0.000002
582 0.000002
583 0.000002
584 0.000002
585 0.000002
586 0.000002
587 0.000002
588 0.000002
589 0.000002
590 0.000002
591 0.000002
592 0.000002
593 0.000002
594 0.000002
595 0.000002
596 0.000002
597 0.000002
598 0.000002
599 0.000002
600 0.000002
601 0.000002
602 0.000002
603 0.000002
604 0.000002
605 0.000002
606 0.000002
607 0.000002
608 0.000002
609 0.000002
610 0.000002
611 0.000001
612 0.000001
613 0.000001
614 0.000001
615 0.000001
616 0.000001
617 0.000001
618 0.000001
619 0.000001
620 0.000001
621 0.000001
622 0.000001
623 0.000001
624 0.000001
625 0.000001
626 0.000001
627 0.000001
628 0.000001
629 0.000001
630 0.000001
631 0.000001
632 0.000001
633 0.000001
634 0.000001
635 0.000001
636 0.000000
637 0.000000
638 0.000000
639 0.000000
640 0.000000
641 0.000000
642 0.000000
643 0.000001
644 0.000001
645 0.000000
646 0.000000
647 0.000000
648 0.000000
649 0.000000
650 0.000000
651 0.000000
652 0.000000
653 0.000000
654 0.000000
655 0.000000
656 0.000000
657 0.000000
658 0.000000
659 0.000000
660 0.000000
661 0.000000
662 0.000000
663 0.000000
664 0.000000
665 0.000000
666 0.000000
667 0.000000
668 0.000000
669 0.000000
670 0.000000
671 0.000000
672 0.000000
673 0.000000
674 0.000000
675 0.000000
676 0.000000
677 0.000000
678 0.000000
679 0.000000
680 0.000000
681 0.000000
682 0.000000
683 0.000000
684 0.000000
685 0.000000
686 0.000000
687 0.000000
688 0.000000
689 0.000000
690 0.000000
691 0.000000
692 0.000000
693 0.000000
694 0.000000
695 0.000000
696 0.000000
697 0.000000
698 0.000000
699 0.000000
700 0.000000
701 0.000000
702 0.000000
703 0.000000
704 0.000000
705 0.000000
706 0.000000
707 0.000000
708 0.000000
709 0.000000
710 0.000000
711 0.000000
712 0.000000
713 0.000000
714 0.000000
715 0.000000
716 0.000000
717 0.000000
718 0.000000
719 0.000000
720 0.000000
721 0.000000
722 0.000000
723 0.000000
724 0.000000
725 0.000000
726 0.000000
727 0.000000
728 0.000000
729 0.000000
730 0.000000
731 0.000000
732 0.000000
733 0.000000
734 0.000000
735 0.000000
736 0.000000
737 0.000000
738 0.000000
739 0.000000
740 0.000000
741 0.000000
742 0.000000
743 0.000000
744 0.000000
745 0.000000
746 0.000000
747 0.000000
748 0.000000
749 0.000000
750 0.000000
751 0.000000
752 0.000000
753 0.000000
754 0.000000
755 0.000000
756 0.000000
757 0.000000
758 0.000000
759 0.000000
760 0.000000
761 0.000000
762 0.000000
763 0.000000
764 0.000000
765 0.000000
766 0.000000
767 0.000000
768 0.000000
769 0.000000
770 0.000000
771 0.000000
772 0.000000
773 0.000000
774 0.000000
775 0.000000
776 0.000000
777 0.000000
778 0.000000
779 0.000000
780 0.000000
781 0.000000
782 0.000000
783 0.000000
784 0.000000
