#ite residual of mtx/thermal2.mtx
1 35.051516
2 22.490730
3 26.838216
4 25.627681
5 26.614965
6 26.942950
7 26.790784
8 27.843331
9 27.505731
10 28.559444
11 28.745253
12 29.516076
13 30.153305
14 30.584959
15 31.749037
16 32.276968
17 33.327247
18 33.845205
19 34.536422
20 35.198294
21 35.828748
22 37.212832
23 37.998898
24 39.466248
25 40.047500
26 40.828997
27 40.047161
28 40.711699
29 40.679697
30 40.766193
31 41.327108
32 40.539321
33 41.029959
34 39.904667
35 40.415381
36 40.006228
37 39.549465
38 39.608866
39 38.810986
40 39.345925
41 38.003717
42 38.508008
43 36.596037
44 35.814748
45 33.040445
46 29.342825
47 23.907163
48 16.495871
49 13.128120
50 16.476163
51 13.077856
52 12.879429
53 11.739870
54 10.716430
55 10.653482
56 9.597540
57 9.238004
58 8.743738
59 8.116626
60 7.864353
61 7.213840
62 7.017000
63 6.534033
64 6.203702
65 5.956602
66 5.893983
67 5.393818
68 5.257141
69 4.792850
70 4.550408
71 4.202998
72 3.899384
73 3.785786
74 3.534322
75 3.434726
76 3.216987
77 3.124453
78 2.880224
79 2.764122
80 2.540317
81 2.403990
82 2.230035
83 2.114450
84 2.016418
85 1.931329
86 1.911115
87 1.917815
88 1.893065
89 1.906523
90 1.855841
91 1.708678
92 1.542438
93 1.288145
94 1.199979
95 1.167064
96 1.447048
97 1.118591
98 1.191343
99 1.122108
100 1.136416
101 1.096186
102 1.123978
103 1.093238
104 1.096540
105 1.061524
106 1.070798
107 1.064421
108 1.032137
109 1.019681
110 0.956794
111 0.959866
112 0.906851
113 0.915200
114 0.892722
115 0.849033
116 0.825123
117 0.784068
118 0.762033
119 0.755874
120 0.731662
121 0.718913
122 0.688501
123 0.666826
124 0.630398
125 0.608361
126 0.591149
127 0.567248
128 0.557660
129 0.533102
130 0.522164
131 0.520616
132 0.514259
133 0.517271
134 0.499990
135 0.484344
136 0.457201
137 0.418777
138 0.386495
139 0.356924
140 0.356426
141 0.359344
142 0.373332
143 0.333149
144 0.295508
145 0.332199
146 0.307461
147 0.310421
148 0.306117
149 0.305332
150 0.307373
151 0.299926
152 0.308350
153 0.299170
154 0.300381
155 0.285806
156 0.286457
157 0.277953
158 0.281790
159 0.274248
160 0.274422
161 0.262802
162 0.255798
163 0.251874
164 0.248104
165 0.244408
166 0.241308
167 0.230424
168 0.225695
169 0.214066
170 0.208867
171 0.204889
172 0.201885
173 0.199732
174 0.194938
175 0.194600
176 0.189678
177 0.194900
178 0.190354
179 0.187264
180 0.180897
181 0.174889
182 0.166294
183 0.160085
184 0.149961
185 0.148963
186 0.146952
187 0.152324
188 0.143424
189 0.136824
190 0.126719
191 0.142658
192 0.131888
193 0.132147
194 0.133457
195 0.135138
196 0.132087
197 0.133796
198 0.132031
199 0.130914
200 0.128118
201 0.126535
202 0.127446
203 0.126328
204 0.127739
205 0.123049
206 0.124368
207 0.120451
208 0.120235
209 0.119546
210 0.117599
211 0.115981
212 0.113307
213 0.109478
214 0.106996
215 0.105182
216 0.101016
217 0.101690
218 0.097970
219 0.098420
220 0.097453
221 0.097298
222 0.097009
223 0.097649
224 0.096235
225 0.092263
226 0.089286
227 0.083354
228 0.079194
229 0.075669
230 0.074881
231 0.076070
232 0.075518
233 0.074588
234 0.069484
235 0.068197
236 0.067410
237 0.072749
238 0.069618
239 0.066121
240 0.069849
241 0.067766
242 0.067759
243 0.067101
244 0.065575
245 0.065102
246 0.062923
247 0.063171
248 0.062388
249 0.061554
250 0.060498
251 0.058464
252 0.058452
253 0.057572
254 0.057858
255 0.058143
256 0.057028
257 0.055771
258 0.053280
259 0.052109
260 0.050983
261 0.050525
262 0.049924
263 0.048880
264 0.047989
265 0.046777
266 0.046501
267 0.045975
268 0.045073
269 0.043878
270 0.041858
271 0.039455
272 0.037774
273 0.036286
274 0.035307
275 0.034487
276 0.034376
277 0.033771
278 0.033560
279 0.031528
280 0.030959
281 0.030143
282 0.030994
283 0.031436
284 0.031105
285 0.028790
286 0.031058
287 0.029818
288 0.029434
289 0.028765
290 0.028392
291 0.027955
292 0.027648
293 0.027828
294 0.027539
295 0.027201
296 0.026138
297 0.025893
298 0.025657
299 0.025670
300 0.025353
301 0.024899
302 0.023978
303 0.023072
304 0.022396
305 0.021953
306 0.021582
307 0.021222
308 0.020964
309 0.020617
310 0.020377
311 0.019916
312 0.019693
313 0.019068
314 0.018329
315 0.017422
316 0.016661
317 0.015746
318 0.015383
319 0.014788
320 0.014402
321 0.014025
322 0.013705
323 0.013137
324 0.012723
325 0.012176
326 0.012281
327 0.012280
328 0.012534
329 0.011788
330 0.011352
331 0.010684
332 0.011223
333 0.010499
334 0.010086
335 0.010176
336 0.009708
337 0.009329
338 0.009124
339 0.008788
340 0.008526
341 0.008092
342 0.007870
343 0.007745
344 0.007538
345 0.007380
346 0.007033
347 0.006796
348 0.006452
349 0.006167
350 0.005986
351 0.005804
352 0.005676
353 0.005505
354 0.005384
355 0.005183
356 0.005085
357 0.004912
358 0.004767
359 0.004523
360 0.004290
361 0.004031
362 0.003824
363 0.003714
364 0.003617
365 0.003513
366 0.003350
367 0.003279
368 0.003148
369 0.003030
370 0.002912
371 0.002854
372 0.002850
373 0.002843
374 0.002775
375 0.002679
376 0.002575
377 0.002551
378 0.002552
379 0.002518
380 0.002372
381 0.002492
382 0.002408
383 0.002378
384 0.002385
385 0.002351
386 0.002348
387 0.002330
388 0.002357
389 0.002399
390 0.002458
391 0.002464
392 0.002482
393 0.002463
394 0.002509
395 0.002532
396 0.002630
397 0.002720
398 0.002798
399 0.002873
400 0.002974
401 0.003079
402 0.003168
403 0.003265
404 0.003325
405 0.003412
406 0.003439
407 0.003483
408 0.003552
409 0.003636
410 0.003760
411 0.003869
412 0.003934
413 0.003971
414 0.003983
415 0.003926
416 0.003917
417 0.004035
418 0.004055
419 0.004049
420 0.003901
421 0.003803
422 0.003691
423 0.003668
424 0.003546
425 0.003402
426 0.003151
427 0.003202
428 0.002994
429 0.002832
430 0.002727
431 0.002572
432 0.002472
433 0.002383
434 0.002339
435 0.002258
436 0.002163
437 0.002097
438 0.002034
439 0.001982
440 0.001950
441 0.001910
442 0.001914
443 0.001887
444 0.001897
445 0.001874
446 0.001888
447 0.001875
448 0.001849
449 0.001847
450 0.001762
451 0.001727
452 0.001647
453 0.001611
454 0.001577
455 0.001515
456 0.001463
457 0.001399
458 0.001335
459 0.001301
460 0.001234
461 0.001209
462 0.001194
463 0.001197
464 0.001193
465 0.001147
466 0.001111
467 0.001057
468 0.001100
469 0.001068
470 0.001096
471 0.001060
472 0.001085
473 0.001115
474 0.001081
475 0.001110
476 0.001103
477 0.001115
478 0.001092
479 0.001092
480 0.001064
481 0.001043
482 0.001028
483 0.001031
484 0.000993
485 0.001003
486 0.000961
487 0.000979
488 0.000933
489 0.000943
490 0.000880
491 0.000899
492 0.000850
493 0.000842
494 0.000815
495 0.000799
496 0.000795
497 0.000768
498 0.000768
499 0.000725
500 0.000732
501 0.000711
502 0.000698
503 0.000684
504 0.000680
505 0.000668
506 0.000681
507 0.000659
508 0.000686
509 0.000683
510 0.000692
511 0.000681
512 0.000689
513 0.000696
514 0.000700
515 0.000702
516 0.000708
517 0.000701
518 0.000733
519 0.000732
520 0.000755
521 0.000729
522 0.000778
523 0.000788
524 0.000797
525 0.000834
526 0.000820
527 0.000825
528 0.000806
529 0.000807
530 0.000829
531 0.000843
532 0.000840
533 0.000832
534 0.000809
535 0.000782
536 0.000743
537 0.000726
538 0.000688
539 0.000655
540 0.000623
541 0.000586
542 0.000563
543 0.000534
544 0.000517
545 0.000489
546 0.000452
547 0.000419
548 0.000383
549 0.000362
550 0.000334
551 0.000315
552 0.000294
553 0.000271
554 0.000259
555 0.000236
556 0.000220
557 0.000206
558 0.000194
559 0.000185
560 0.000171
561 0.000161
562 0.000150
563 0.000143
564 0.000143
565 0.000136
566 0.000137
567 0.000135
568 0.000143
569 0.000148
570 0.000147
571 0.000159
572 0.000161
573 0.000169
574 0.000182
575 0.000192
576 0.000215
577 0.000229
578 0.000245
579 0.000262
580 0.000270
581 0.000290
582 0.000292
583 0.000306
584 0.000306
585 0.000301
586 0.000300
587 0.000285
588 0.000278
589 0.000260
590 0.000251
591 0.000235
592 0.000222
593 0.000213
594 0.000209
595 0.000208
596 0.000210
597 0.000215
598 0.000222
599 0.000234
600 0.000250
601 0.000264
602 0.000277
603 0.000294
604 0.000307
605 0.000318
606 0.000317
607 0.000312
608 0.000297
609 0.000283
610 0.000259
611 0.000238
612 0.000216
613 0.000200
614 0.000191
615 0.000175
616 0.000162
617 0.000157
618 0.000149
619 0.000146
620 0.000146
621 0.000147
622 0.000144
623 0.000139
624 0.000130
625 0.000121
626 0.000112
627 0.000103
628 0.000099
629 0.000095
630 0.000093
631 0.000091
632 0.000094
633 0.000097
634 0.000097
635 0.000098
636 0.000096
637 0.000095
638 0.000094
639 0.000094
640 0.000096
641 0.000096
642 0.000098
643 0.000096
644 0.000097
645 0.000096
646 0.000096
647 0.000095
648 0.000093
649 0.000094
650 0.000092
651 0.000092
652 0.000089
653 0.000091
654 0.000092
655 0.000095
656 0.000094
657 0.000094
658 0.000092
659 0.000091
660 0.000090
661 0.000088
662 0.000083
663 0.000080
664 0.000077
665 0.000072
666 0.000072
667 0.000068
668 0.000067
669 0.000065
670 0.000064
671 0.000063
672 0.000062
673 0.000060
674 0.000059
675 0.000057
676 0.000056
677 0.000055
678 0.000055
679 0.000054
680 0.000053
681 0.000053
682 0.000053
683 0.000054
684 0.000054
685 0.000055
686 0.000055
687 0.000055
688 0.000055
689 0.000056
690 0.000056
691 0.000056
692 0.000055
693 0.000055
694 0.000055
695 0.000055
696 0.000056
697 0.000054
698 0.000054
699 0.000054
700 0.000054
701 0.000054
702 0.000052
703 0.000052
704 0.000051
705 0.000050
706 0.000048
707 0.000046
708 0.000043
709 0.000041
710 0.000039
711 0.000036
712 0.000035
713 0.000034
714 0.000033
715 0.000032
716 0.000031
717 0.000031
718 0.000031
719 0.000029
720 0.000029
721 0.000028
722 0.000028
723 0.000028
724 0.000028
725 0.000029
726 0.000028
727 0.000028
728 0.000029
729 0.000029
730 0.000029
731 0.000029
732 0.000029
733 0.000028
734 0.000028
735 0.000027
736 0.000027
737 0.000027
738 0.000026
739 0.000026
740 0.000026
741 0.000026
742 0.000026
743 0.000025
744 0.000025
745 0.000026
746 0.000026
747 0.000026
748 0.000026
749 0.000026
750 0.000026
751 0.000025
752 0.000024
753 0.000023
754 0.000022
755 0.000021
756 0.000021
757 0.000020
758 0.000020
759 0.000020
760 0.000020
761 0.000021
762 0.000020
763 0.000020
764 0.000020
765 0.000020
766 0.000019
767 0.000019
768 0.000019
769 0.000018
770 0.000018
771 0.000018
772 0.000018
773 0.000017
774 0.000017
775 0.000017
776 0.000017
777 0.000016
778 0.000016
779 0.000016
780 0.000016
781 0.000016
782 0.000016
783 0.000016
784 0.000016
785 0.000016
786 0.000016
787 0.000016
788 0.000016
789 0.000016
790 0.000016
791 0.000016
792 0.000016
793 0.000016
794 0.000016
795 0.000016
796 0.000016
797 0.000015
798 0.000015
799 0.000014
800 0.000014
801 0.000014
802 0.000013
803 0.000013
804 0.000013
805 0.000013
806 0.000013
807 0.000013
808 0.000013
809 0.000012
810 0.000012
811 0.000012
812 0.000012
813 0.000012
814 0.000011
815 0.000011
816 0.000011
817 0.000010
818 0.000010
819 0.000010
820 0.000010
821 0.000010
822 0.000009
823 0.000009
824 0.000009
825 0.000009
826 0.000009
827 0.000009
828 0.000009
829 0.000008
830 0.000008
831 0.000008
832 0.000008
833 0.000008
834 0.000008
835 0.000008
836 0.000008
837 0.000008
838 0.000007
839 0.000007
840 0.000007
841 0.000007
842 0.000006
843 0.000006
844 0.000006
845 0.000006
846 0.000006
847 0.000006
848 0.000005
849 0.000005
850 0.000005
851 0.000005
852 0.000005
853 0.000005
854 0.000005
855 0.000005
856 0.000005
857 0.000005
858 0.000005
859 0.000005
860 0.000005
861 0.000005
862 0.000005
863 0.000005
864 0.000005
865 0.000005
866 0.000005
867 0.000005
868 0.000005
869 0.000005
870 0.000004
871 0.000004
872 0.000004
873 0.000004
874 0.000004
875 0.000004
876 0.000004
877 0.000004
878 0.000004
879 0.000003
880 0.000003
881 0.000003
882 0.000003
883 0.000003
884 0.000003
885 0.000003
886 0.000003
887 0.000003
888 0.000003
889 0.000003
890 0.000003
891 0.000003
892 0.000003
893 0.000003
894 0.000003
895 0.000003
896 0.000003
897 0.000003
898 0.000002
899 0.000002
900 0.000002
901 0.000002
902 0.000002
903 0.000002
904 0.000002
905 0.000002
906 0.000002
907 0.000002
908 0.000002
909 0.000002
910 0.000002
911 0.000002
912 0.000002
913 0.000002
914 0.000002
915 0.000002
916 0.000002
917 0.000002
918 0.000002
919 0.000002
920 0.000002
921 0.000002
922 0.000002
923 0.000001
924 0.000001
925 0.000001
926 0.000001
927 0.000001
928 0.000001
929 0.000001
930 0.000001
931 0.000001
932 0.000001
933 0.000001
934 0.000001
935 0.000001
936 0.000001
937 0.000001
938 0.000001
939 0.000001
940 0.000001
941 0.000001
942 0.000001
943 0.000001
944 0.000001
945 0.000001
946 0.000001
947 0.000001
948 0.000001
949 0.000001
950 0.000001
951 0.000001
952 0.000001
953 0.000001
954 0.000001
955 0.000001
956 0.000001
957 0.000001
958 0.000001
959 0.000001
960 0.000001
961 0.000001
962 0.000001
963 0.000001
964 0.000001
965 0.000001
966 0.000001
967 0.000001
968 0.000001
969 0.000001
970 0.000001
971 0.000001
972 0.000001
973 0.000001
974 0.000001
975 0.000001
976 0.000001
977 0.000001
978 0.000001
979 0.000001
980 0.000001
981 0.000001
982 0.000001
983 0.000001
984 0.000001
985 0.000001
986 0.000001
987 0.000001
988 0.000001
989 0.000001
990 0.000001
991 0.000001
992 0.000001
993 0.000001
994 0.000001
995 0.000001
996 0.000001
997 0.000001
998 0.000001
999 0.000001
1000 0.000001
1001 0.000001
1002 0.000001
1003 0.000001
1004 0.000001
1005 0.000001
1006 0.000001
1007 0.000001
1008 0.000001
1009 0.000001
1010 0.000000
1011 0.000000
1012 0.000000
1013 0.000000
1014 0.000000
1015 0.000000
1016 0.000000
1017 0.000000
1018 0.000000
1019 0.000000
1020 0.000000
1021 0.000000
1022 0.000000
1023 0.000000
1024 0.000000
1025 0.000000
1026 0.000000
1027 0.000000
1028 0.000000
1029 0.000000
1030 0.000000
1031 0.000000
1032 0.000000
1033 0.000000
1034 0.000000
1035 0.000000
1036 0.000000
1037 0.000000
1038 0.000000
1039 0.000000
1040 0.000000
1041 0.000000
1042 0.000000
1043 0.000000
1044 0.000000
1045 0.000000
1046 0.000000
1047 0.000000
1048 0.000000
1049 0.000000
1050 0.000000
1051 0.000000
1052 0.000000
1053 0.000000
1054 0.000000
1055 0.000000
1056 0.000000
1057 0.000000
1058 0.000000
1059 0.000000
1060 0.000000
1061 0.000000
1062 0.000000
1063 0.000000
1064 0.000000
1065 0.000000
1066 0.000000
1067 0.000000
1068 0.000000
1069 0.000000
1070 0.000000
1071 0.000000
1072 0.000000
1073 0.000000
1074 0.000000
1075 0.000000
1076 0.000000
1077 0.000000
1078 0.000000
1079 0.000000
1080 0.000000
1081 0.000000
1082 0.000000
1083 0.000000
1084 0.000000
1085 0.000000
1086 0.000000
1087 0.000000
1088 0.000000
1089 0.000000
1090 0.000000
1091 0.000000
1092 0.000000
1093 0.000000
1094 0.000000
1095 0.000000
1096 0.000000
1097 0.000000
1098 0.000000
1099 0.000000
1100 0.000000
1101 0.000000
1102 0.000000
1103 0.000000
1104 0.000000
1105 0.000000
1106 0.000000
1107 0.000000
1108 0.000000
1109 0.000000
1110 0.000000
1111 0.000000
1112 0.000000
1113 0.000000
1114 0.000000
1115 0.000000
1116 0.000000
1117 0.000000
1118 0.000000
1119 0.000000
1120 0.000000
1121 0.000000
1122 0.000000
1123 0.000000
1124 0.000000
1125 0.000000
1126 0.000000
1127 0.000000
1128 0.000000
1129 0.000000
1130 0.000000
1131 0.000000
1132 0.000000
1133 0.000000
1134 0.000000
1135 0.000000
1136 0.000000
1137 0.000000
1138 0.000000
