#ite residual of mtx/thermal2.mtx
1 35.059728
2 22.489982
3 26.829752
4 25.607953
5 26.621626
6 26.925824
7 26.789640
8 27.827301
9 27.503134
10 28.553443
11 28.730604
12 29.507581
13 30.112884
14 30.529168
15 31.637360
16 32.103428
17 33.114714
18 33.634355
19 34.383471
20 35.106419
21 35.761217
22 37.151401
23 37.895444
24 39.286811
25 39.905087
26 40.657633
27 40.205661
28 40.786427
29 40.888612
30 40.925882
31 41.488877
32 40.696864
33 41.156534
34 40.004768
35 40.539813
36 40.099379
37 39.752845
38 39.737096
39 39.041948
40 39.464954
41 38.080424
42 38.573018
43 36.584532
44 35.885213
45 33.027820
46 29.453151
47 23.945367
48 16.615856
49 13.092737
50 16.493408
51 13.115291
52 12.964006
53 11.710225
54 10.755552
55 10.683886
56 9.598591
57 9.301774
58 8.735503
59 8.155107
60 7.893608
61 7.262075
62 7.088632
63 6.598554
64 6.304116
65 6.048139
66 5.993851
67 5.490995
68 5.298133
69 4.800251
70 4.569719
71 4.150774
72 3.889728
73 3.738960
74 3.529357
75 3.419189
76 3.213565
77 3.120075
78 2.878863
79 2.766355
80 2.538837
81 2.407587
82 2.228358
83 2.116930
84 2.016554
85 1.929213
86 1.910594
87 1.913292
88 1.889705
89 1.904970
90 1.855294
91 1.712502
92 1.546100
93 1.292863
94 1.202901
95 1.158005
96 1.449284
97 1.121419
98 1.185267
99 1.118348
100 1.126179
101 1.081511
102 1.101225
103 1.077324
104 1.087864
105 1.081960
106 1.087578
107 1.077604
108 1.039536
109 1.021582
110 0.959257
111 0.962080
112 0.906384
113 0.915888
114 0.893895
115 0.849303
116 0.827950
117 0.779039
118 0.764186
119 0.747992
120 0.727961
121 0.713357
122 0.687496
123 0.670664
124 0.634974
125 0.612857
126 0.592404
127 0.570256
128 0.558579
129 0.535645
130 0.522352
131 0.520146
132 0.513962
133 0.517624
134 0.499892
135 0.485622
136 0.457370
137 0.421023
138 0.386790
139 0.357997
140 0.354975
141 0.359234
142 0.371828
143 0.336664
144 0.293373
145 0.332203
146 0.306943
147 0.310402
148 0.304310
149 0.305118
150 0.305217
151 0.299239
152 0.305706
153 0.299006
154 0.300155
155 0.285824
156 0.285883
157 0.276684
158 0.281607
159 0.272690
160 0.274742
161 0.262085
162 0.255438
163 0.251191
164 0.246852
165 0.243607
166 0.239582
167 0.229695
168 0.224172
169 0.212960
170 0.207727
171 0.203512
172 0.200889
173 0.198442
174 0.193718
175 0.193376
176 0.188157
177 0.193264
178 0.188900
179 0.185774
180 0.178771
181 0.171464
182 0.160920
183 0.154437
184 0.145769
185 0.146701
186 0.147467
187 0.152792
188 0.145730
189 0.138621
190 0.127346
191 0.141820
192 0.132749
193 0.130537
194 0.133729
195 0.134509
196 0.131869
197 0.133746
198 0.130656
199 0.130757
200 0.126225
201 0.125705
202 0.125153
203 0.125302
204 0.126291
205 0.122316
206 0.123433
207 0.119710
208 0.119551
209 0.118761
210 0.117078
211 0.115530
212 0.112940
213 0.109145
214 0.106979
215 0.104700
216 0.100980
217 0.101573
218 0.097741
219 0.098751
220 0.097538
221 0.097717
222 0.097108
223 0.097685
224 0.095617
225 0.090161
226 0.086951
227 0.081356
228 0.078246
229 0.075684
230 0.076100
231 0.077572
232 0.077798
233 0.075335
234 0.070196
235 0.066958
236 0.066178
237 0.071082
238 0.069581
239 0.065313
240 0.069565
241 0.067483
242 0.067552
243 0.066910
244 0.065557
245 0.065065
246 0.062800
247 0.063116
248 0.062229
249 0.061711
250 0.060390
251 0.058705
252 0.058326
253 0.057669
254 0.057648
255 0.058033
256 0.056875
257 0.055661
258 0.053130
259 0.051838
260 0.050472
261 0.049654
262 0.048828
263 0.047945
264 0.047119
265 0.046274
266 0.046006
267 0.045709
268 0.045043
269 0.044060
270 0.042263
271 0.040155
272 0.038664
273 0.037219
274 0.035730
275 0.034781
276 0.034319
277 0.033797
278 0.033558
279 0.031530
280 0.030952
281 0.030020
282 0.030875
283 0.031318
284 0.031056
285 0.028774
286 0.030610
287 0.029974
288 0.029182
289 0.028659
290 0.028351
291 0.027651
292 0.027555
293 0.027466
294 0.027335
295 0.026940
296 0.025890
297 0.025635
298 0.025276
299 0.025520
300 0.025173
301 0.024909
302 0.024081
303 0.023080
304 0.022428
305 0.021842
306 0.021509
307 0.021058
308 0.020798
309 0.020409
310 0.020168
311 0.019692
312 0.019462
313 0.018858
314 0.018107
315 0.017209
316 0.016455
317 0.015543
318 0.015148
319 0.014586
320 0.014166
321 0.013803
322 0.013479
323 0.012909
324 0.012480
325 0.011877
326 0.011875
327 0.011713
328 0.011851
329 0.011223
330 0.011016
331 0.010670
332 0.011202
333 0.010311
334 0.009745
335 0.009641
336 0.009232
337 0.008942
338 0.008858
339 0.008554
340 0.008276
341 0.007878
342 0.007658
343 0.007569
344 0.007422
345 0.007229
346 0.006843
347 0.006549
348 0.006184
349 0.005851
350 0.005638
351 0.005453
352 0.005321
353 0.005143
354 0.005022
355 0.004823
356 0.004709
357 0.004534
358 0.004382
359 0.004144
360 0.003918
361 0.003675
362 0.003482
363 0.003351
364 0.003211
365 0.003080
366 0.002895
367 0.002816
368 0.002686
369 0.002573
370 0.002441
371 0.002368
372 0.002320
373 0.002302
374 0.002216
375 0.002128
376 0.001998
377 0.001957
378 0.001900
379 0.001879
380 0.001718
381 0.001768
382 0.001704
383 0.001641
384 0.001621
385 0.001564
386 0.001520
387 0.001481
388 0.001451
389 0.001451
390 0.001454
391 0.001436
392 0.001424
393 0.001389
394 0.001397
395 0.001389
396 0.001424
397 0.001456
398 0.001483
399 0.001511
400 0.001554
401 0.001602
402 0.001642
403 0.001694
404 0.001725
405 0.001780
406 0.001800
407 0.001834
408 0.001880
409 0.001938
410 0.002017
411 0.002094
412 0.002144
413 0.002242
414 0.002270
415 0.002317
416 0.002369
417 0.002505
418 0.002583
419 0.002640
420 0.002642
421 0.002662
422 0.002620
423 0.002647
424 0.002603
425 0.002550
426 0.002417
427 0.002500
428 0.002398
429 0.002299
430 0.002255
431 0.002165
432 0.002099
433 0.002049
434 0.002019
435 0.001963
436 0.001882
437 0.001813
438 0.001751
439 0.001714
440 0.001699
441 0.001671
442 0.001695
443 0.001672
444 0.001694
445 0.001706
446 0.001735
447 0.001763
448 0.001735
449 0.001719
450 0.001626
451 0.001587
452 0.001508
453 0.001472
454 0.001436
455 0.001375
456 0.001326
457 0.001257
458 0.001197
459 0.001151
460 0.001084
461 0.001050
462 0.001020
463 0.001016
464 0.000996
465 0.000953
466 0.000912
467 0.000857
468 0.000878
469 0.000834
470 0.000848
471 0.000777
472 0.000804
473 0.000784
474 0.000788
475 0.000773
476 0.000766
477 0.000766
478 0.000732
479 0.000724
480 0.000683
481 0.000655
482 0.000635
483 0.000633
484 0.000604
485 0.000599
486 0.000568
487 0.000566
488 0.000533
489 0.000530
490 0.000486
491 0.000486
492 0.000448
493 0.000431
494 0.000405
495 0.000385
496 0.000372
497 0.000350
498 0.000338
499 0.000309
500 0.000302
501 0.000284
502 0.000264
503 0.000248
504 0.000228
505 0.000216
506 0.000204
507 0.000189
508 0.000183
509 0.000173
510 0.000165
511 0.000152
512 0.000145
513 0.000136
514 0.000129
515 0.000119
516 0.000113
517 0.000103
518 0.000099
519 0.000093
520 0.000089
521 0.000080
522 0.000080
523 0.000077
524 0.000074
525 0.000074
526 0.000071
527 0.000070
528 0.000066
529 0.000064
530 0.000064
531 0.000066
532 0.000067
533 0.000070
534 0.000071
535 0.000074
536 0.000075
537 0.000079
538 0.000082
539 0.000085
540 0.000089
541 0.000092
542 0.000098
543 0.000101
544 0.000109
545 0.000114
546 0.000120
547 0.000125
548 0.000128
549 0.000135
550 0.000138
551 0.000144
552 0.000150
553 0.000153
554 0.000156
555 0.000151
556 0.000147
557 0.000141
558 0.000135
559 0.000131
560 0.000123
561 0.000115
562 0.000108
563 0.000100
564 0.000097
565 0.000087
566 0.000083
567 0.000076
568 0.000075
569 0.000072
570 0.000067
571 0.000067
572 0.000063
573 0.000060
574 0.000058
575 0.000057
576 0.000059
577 0.000060
578 0.000062
579 0.000063
580 0.000064
581 0.000066
582 0.000066
583 0.000069
584 0.000067
585 0.000067
586 0.000064
587 0.000062
588 0.000059
589 0.000055
590 0.000052
591 0.000047
592 0.000043
593 0.000038
594 0.000036
595 0.000033
596 0.000031
597 0.000029
598 0.000028
599 0.000028
600 0.000028
601 0.000029
602 0.000030
603 0.000032
604 0.000034
605 0.000037
606 0.000039
607 0.000041
608 0.000041
609 0.000043
610 0.000041
611 0.000041
612 0.000039
613 0.000038
614 0.000037
615 0.000036
616 0.000034
617 0.000033
618 0.000032
619 0.000031
620 0.000032
621 0.000033
622 0.000033
623 0.000033
624 0.000032
625 0.000030
626 0.000028
627 0.000025
628 0.000024
629 0.000022
630 0.000021
631 0.000020
632 0.000021
633 0.000021
634 0.000021
635 0.000021
636 0.000020
637 0.000019
638 0.000019
639 0.000018
640 0.000018
641 0.000018
642 0.000018
643 0.000018
644 0.000018
645 0.000018
646 0.000018
647 0.000017
648 0.000017
649 0.000017
650 0.000017
651 0.000016
652 0.000016
653 0.000016
654 0.000016
655 0.000016
656 0.000016
657 0.000017
658 0.000017
659 0.000017
660 0.000017
661 0.000017
662 0.000017
663 0.000017
664 0.000016
665 0.000015
666 0.000015
667 0.000014
668 0.000014
669 0.000013
670 0.000013
671 0.000013
672 0.000013
673 0.000012
674 0.000012
675 0.000011
676 0.000011
677 0.000010
678 0.000010
679 0.000010
680 0.000009
681 0.000009
682 0.000008
683 0.000008
684 0.000008
685 0.000008
686 0.000008
687 0.000007
688 0.000007
689 0.000007
690 0.000007
691 0.000007
692 0.000007
693 0.000007
694 0.000007
695 0.000007
696 0.000007
697 0.000006
698 0.000006
699 0.000006
700 0.000006
701 0.000006
702 0.000007
703 0.000006
704 0.000007
705 0.000007
706 0.000007
707 0.000006
708 0.000006
709 0.000006
710 0.000006
711 0.000005
712 0.000005
713 0.000005
714 0.000005
715 0.000004
716 0.000004
717 0.000004
718 0.000004
719 0.000004
720 0.000004
721 0.000003
722 0.000003
723 0.000003
724 0.000003
725 0.000003
726 0.000003
727 0.000003
728 0.000003
729 0.000003
730 0.000003
731 0.000003
732 0.000002
733 0.000002
734 0.000002
735 0.000002
736 0.000002
737 0.000002
738 0.000002
739 0.000002
740 0.000002
741 0.000002
742 0.000002
743 0.000002
744 0.000001
745 0.000001
746 0.000001
747 0.000001
748 0.000001
749 0.000001
750 0.000001
751 0.000001
752 0.000001
753 0.000001
754 0.000001
755 0.000001
756 0.000001
757 0.000001
758 0.000001
759 0.000001
760 0.000001
761 0.000001
762 0.000001
763 0.000001
764 0.000001
765 0.000001
766 0.000001
767 0.000001
768 0.000001
769 0.000001
770 0.000001
771 0.000001
772 0.000001
773 0.000001
774 0.000001
775 0.000001
776 0.000001
777 0.000001
778 0.000001
779 0.000001
780 0.000001
781 0.000001
782 0.000001
783 0.000001
784 0.000001
785 0.000001
786 0.000000
787 0.000000
788 0.000000
789 0.000000
790 0.000000
791 0.000000
792 0.000000
793 0.000000
794 0.000000
795 0.000000
796 0.000000
797 0.000000
798 0.000000
799 0.000000
800 0.000000
801 0.000000
802 0.000000
803 0.000000
804 0.000000
805 0.000000
806 0.000000
807 0.000000
808 0.000000
809 0.000000
810 0.000000
811 0.000000
812 0.000000
813 0.000000
814 0.000000
815 0.000000
816 0.000000
817 0.000000
818 0.000000
819 0.000000
820 0.000000
821 0.000000
822 0.000000
823 0.000000
824 0.000000
825 0.000000
826 0.000000
827 0.000000
828 0.000000
829 0.000000
830 0.000000
831 0.000000
832 0.000000
833 0.000000
834 0.000000
835 0.000000
836 0.000000
837 0.000000
838 0.000000
839 0.000000
840 0.000000
841 0.000000
842 0.000000
843 0.000000
844 0.000000
845 0.000000
846 0.000000
847 0.000000
848 0.000000
849 0.000000
850 0.000000
851 0.000000
852 0.000000
853 0.000000
854 0.000000
855 0.000000
856 0.000000
