#ite residual of mtx/thermal1.mtx
1 22.414495
2 14.444114
3 16.811608
4 17.067986
5 17.141159
6 17.748981
7 17.761697
8 17.576473
9 18.196556
10 12.551516
11 10.289896
12 11.465865
13 11.275704
14 10.922191
15 11.369626
16 11.263465
17 10.793206
18 10.439673
19 8.331528
20 7.914408
21 8.502995
22 8.526546
23 8.187796
24 8.158159
25 8.429313
26 7.914084
27 7.641836
28 6.356283
29 6.503725
30 7.115185
31 6.924490
32 5.680843
33 4.286644
34 4.736572
35 4.354046
36 4.416909
37 3.975127
38 3.802207
39 3.974112
40 3.769969
41 3.523587
42 3.182143
43 3.247225
44 3.168103
45 3.061334
46 2.663385
47 2.698095
48 2.678811
49 2.611246
50 2.605969
51 2.533242
52 2.495611
53 2.398085
54 2.286959
55 1.977054
56 2.050866
57 2.048408
58 1.942359
59 2.041261
60 1.906350
61 1.853777
62 1.777405
63 1.607994
64 1.484409
65 1.479580
66 1.519882
67 1.436457
68 1.474288
69 1.424243
70 1.320770
71 1.346254
72 1.288623
73 1.206749
74 1.142642
75 1.223662
76 1.239959
77 1.206563
78 1.096364
79 1.045744
80 1.076450
81 1.048126
82 1.008721
83 0.947885
84 0.994103
85 0.972452
86 0.964154
87 0.848926
88 0.848821
89 0.865617
90 0.815683
91 0.788169
92 0.762410
93 0.782298
94 0.747731
95 0.713479
96 0.639143
97 0.653806
98 0.662332
99 0.631541
100 0.602929
101 0.598746
102 0.604087
103 0.605774
104 0.573183
105 0.525733
106 0.541860
107 0.522924
108 0.490287
109 0.469760
110 0.492556
111 0.500385
112 0.494643
113 0.460901
114 0.442036
115 0.453720
116 0.440829
117 0.434692
118 0.435566
119 0.466215
120 0.480465
121 0.481951
122 0.470172
123 0.474186
124 0.496295
125 0.514546
126 0.534013
127 0.557834
128 0.568614
129 0.549917
130 0.508211
131 0.461156
132 0.428952
133 0.419448
134 0.412571
135 0.419972
136 0.443094
137 0.439980
138 0.430678
139 0.379326
140 0.340810
141 0.317990
142 0.306603
143 0.301453
144 0.297034
145 0.293514
146 0.268173
147 0.262068
148 0.224176
149 0.198580
150 0.180274
151 0.169711
152 0.153653
153 0.135335
154 0.113616
155 0.093119
156 0.081430
157 0.062342
158 0.047841
159 0.035842
160 0.028095
161 0.021908
162 0.016841
163 0.014079
164 0.012592
165 0.013331
166 0.013229
167 0.012607
168 0.011978
169 0.011792
170 0.011669
171 0.011291
172 0.010145
173 0.009099
174 0.008328
175 0.007621
176 0.007112
177 0.007031
178 0.006970
179 0.006630
180 0.006228
181 0.005698
182 0.005271
183 0.004902
184 0.004501
185 0.004069
186 0.003757
187 0.003534
188 0.003212
189 0.002799
190 0.002411
191 0.002201
192 0.002076
193 0.001948
194 0.001809
195 0.001801
196 0.001757
197 0.001702
198 0.001603
199 0.001481
200 0.001500
201 0.001603
202 0.001655
203 0.001619
204 0.001504
205 0.001403
206 0.001391
207 0.001428
208 0.001509
209 0.001584
210 0.001685
211 0.001688
212 0.001686
213 0.001635
214 0.001537
215 0.001530
216 0.001479
217 0.001414
218 0.001312
219 0.001242
220 0.001124
221 0.001038
222 0.000908
223 0.000840
224 0.000831
225 0.000788
226 0.000749
227 0.000734
228 0.000779
229 0.000799
230 0.000804
231 0.000785
232 0.000794
233 0.000809
234 0.000768
235 0.000747
236 0.000733
237 0.000744
238 0.000761
239 0.000761
240 0.000730
241 0.000730
242 0.000747
243 0.000735
244 0.000721
245 0.000702
246 0.000706
247 0.000700
248 0.000674
249 0.000661
250 0.000671
251 0.000687
252 0.000667
253 0.000646
254 0.000613
255 0.000576
256 0.000554
257 0.000523
258 0.000506
259 0.000510
260 0.000519
261 0.000508
262 0.000516
263 0.000551
264 0.000600
265 0.000622
266 0.000609
267 0.000613
268 0.000623
269 0.000613
270 0.000611
271 0.000636
272 0.000640
273 0.000642
274 0.000638
275 0.000639
276 0.000632
277 0.000643
278 0.000635
279 0.000616
280 0.000596
281 0.000573
282 0.000572
283 0.000568
284 0.000555
285 0.000558
286 0.000557
287 0.000548
288 0.000512
289 0.000471
290 0.000435
291 0.000438
292 0.000441
293 0.000439
294 0.000435
295 0.000446
296 0.000457
297 0.000448
298 0.000440
299 0.000411
300 0.000394
301 0.000366
302 0.000351
303 0.000343
304 0.000337
305 0.000328
306 0.000321
307 0.000308
308 0.000307
309 0.000327
310 0.000333
311 0.000331
312 0.000344
313 0.000345
314 0.000337
315 0.000320
316 0.000314
317 0.000311
318 0.000307
319 0.000295
320 0.000286
321 0.000281
322 0.000273
323 0.000260
324 0.000242
325 0.000236
326 0.000232
327 0.000228
328 0.000222
329 0.000222
330 0.000229
331 0.000229
332 0.000229
333 0.000227
334 0.000225
335 0.000219
336 0.000211
337 0.000206
338 0.000199
339 0.000194
340 0.000186
341 0.000177
342 0.000169
343 0.000166
344 0.000162
345 0.000158
346 0.000147
347 0.000133
348 0.000122
349 0.000114
350 0.000108
351 0.000102
352 0.000099
353 0.000095
354 0.000090
355 0.000083
356 0.000076
357 0.000070
358 0.000065
359 0.000063
360 0.000060
361 0.000058
362 0.000057
363 0.000056
364 0.000054
365 0.000053
366 0.000050
367 0.000047
368 0.000044
369 0.000041
370 0.000039
371 0.000036
372 0.000034
373 0.000031
374 0.000030
375 0.000029
376 0.000027
377 0.000026
378 0.000024
379 0.000022
380 0.000019
381 0.000017
382 0.000017
383 0.000016
384 0.000015
385 0.000015
386 0.000015
387 0.000015
388 0.000015
389 0.000014
390 0.000014
391 0.000014
392 0.000014
393 0.000014
394 0.000013
395 0.000012
396 0.000011
397 0.000011
398 0.000010
399 0.000010
400 0.000010
401 0.000009
402 0.000008
403 0.000008
404 0.000008
405 0.000008
406 0.000008
407 0.000007
408 0.000007
409 0.000007
410 0.000006
411 0.000006
412 0.000006
413 0.000006
414 0.000006
415 0.000006
416 0.000006
417 0.000005
418 0.000005
419 0.000005
420 0.000005
421 0.000004
422 0.000004
423 0.000004
424 0.000004
425 0.000004
426 0.000003
427 0.000003
428 0.000003
429 0.000003
430 0.000003
431 0.000002
432 0.000002
433 0.000002
434 0.000002
435 0.000002
436 0.000002
437 0.000002
438 0.000001
439 0.000001
440 0.000001
441 0.000001
442 0.000001
443 0.000001
444 0.000001
445 0.000001
