#ite residual of mtx/G3_circuit.mtx
1 3.326318864
2 5.177867896
3 7.380257374
4 11.571557131
5 11.363693014
6 7.528817483
7 10.085559968
8 9.776027661
9 8.847193472
10 8.012555625
11 11.302299307
12 14.125305993
13 16.878191932
14 21.572537817
15 19.959217740
16 20.172944561
17 16.894023795
18 17.297962306
19 16.936148496
20 16.835001945
21 15.034978053
22 16.575961883
23 13.064401496
24 12.315817710
25 8.274459798
26 7.302161561
27 8.748118710
28 9.320368895
29 8.154216239
30 6.239519958
31 6.325333303
32 8.538336528
33 9.698822482
34 9.202774442
35 9.938063576
36 9.490949788
37 9.364140030
38 7.795868767
39 8.508773357
40 8.494464426
41 7.916151329
42 6.932545820
43 6.562744775
44 6.853759426
45 6.560669773
46 6.753831687
47 7.172492987
48 7.491834291
49 7.867486334
50 8.545085222
51 7.577666075
52 7.837172543
53 7.098643641
54 7.605355495
55 7.697521354
56 6.985978501
57 6.966441774
58 6.623323521
59 5.988484888
60 5.930958028
61 5.626847214
62 5.612537208
63 5.195069031
64 4.840528571
65 4.610727187
66 4.630428094
67 4.453734793
68 4.362879600
69 4.665965653
70 4.795403872
71 4.510948367
72 4.347433711
73 4.160686986
74 4.111022819
75 3.947309911
76 3.638374188
77 3.153669271
78 2.913015373
79 2.464046545
80 2.338694058
81 2.068277253
82 2.025345633
83 1.899834993
84 1.693544436
85 1.554807466
86 1.472894435
87 1.412053070
88 1.400722520
89 1.317122721
90 1.305533681
91 1.248430706
92 1.184700819
93 1.069069472
94 1.011062232
95 0.941872747
96 0.887685164
97 0.851047715
98 0.738159178
99 0.682507565
100 0.615226741
101 0.592295980
102 0.577893172
103 0.546807977
104 0.500394219
105 0.450813668
106 0.429821155
107 0.406017112
108 0.425822616
109 0.417458250
110 0.426000453
111 0.402579768
112 0.383715953
113 0.352532633
114 0.354899189
115 0.340460777
116 0.310358172
117 0.283630681
118 0.265452746
119 0.254759179
120 0.240996234
121 0.209422609
122 0.207421083
123 0.188221679
124 0.178793886
125 0.153351874
126 0.136591766
127 0.127098640
128 0.119478720
129 0.108961123
130 0.100009666
131 0.096242169
132 0.088843171
133 0.079421648
134 0.070052911
135 0.067328647
136 0.066961633
137 0.058117114
138 0.050124244
139 0.045998420
140 0.044745685
141 0.040338016
142 0.037205196
143 0.034622191
144 0.033025878
145 0.031989365
146 0.029844667
147 0.030306081
148 0.032370177
149 0.032310463
150 0.033762737
151 0.033074842
152 0.033307364
153 0.035225974
154 0.034767653
155 0.036997926
156 0.037969625
157 0.040384242
158 0.041529345
159 0.040858380
160 0.040864276
161 0.041912548
162 0.042328277
163 0.042584587
164 0.042470187
165 0.040569848
166 0.038545058
167 0.038480913
168 0.040694872
169 0.041452487
170 0.042595608
171 0.043471762
172 0.046293250
173 0.045780725
174 0.045233941
175 0.045979352
176 0.048741816
177 0.046120943
178 0.045958367
179 0.047768874
180 0.050375264
181 0.050277946
182 0.049564696
183 0.047945798
184 0.049248174
185 0.048673441
186 0.047358102
187 0.044973645
188 0.042080373
189 0.040378918
190 0.037486051
191 0.034946675
192 0.033392677
193 0.032099129
194 0.031200666
195 0.030259157
196 0.032327915
197 0.034253316
198 0.035321662
199 0.034229279
200 0.035781980
201 0.037188984
202 0.038797796
203 0.038569345
204 0.040267069
205 0.041665847
206 0.040601528
207 0.040183171
208 0.039860616
209 0.038091829
210 0.037095453
211 0.036126673
212 0.037355784
213 0.035153842
214 0.030667654
215 0.028236415
216 0.025561332
217 0.023394520
218 0.021307141
219 0.020882339
220 0.019868009
221 0.019124110
222 0.019272045
223 0.019335553
224 0.019576747
225 0.019999055
226 0.020151337
227 0.021125654
228 0.021619256
229 0.022843362
230 0.023928590
231 0.023422831
232 0.022321335
233 0.022128921
234 0.021416967
235 0.020136522
236 0.020309719
237 0.019898703
238 0.020369826
239 0.019553826
240 0.021072078
241 0.021832139
242 0.021478919
243 0.020121486
244 0.019364695
245 0.018801954
246 0.017828302
247 0.016904720
248 0.015705597
249 0.014535860
250 0.012740222
251 0.011867920
252 0.010641113
253 0.009573551
254 0.008798383
255 0.008475911
256 0.007889453
257 0.007367736
258 0.007189079
259 0.006949417
260 0.006526818
261 0.006516701
262 0.006367009
263 0.006661864
264 0.006711551
265 0.006815569
266 0.007092925
267 0.007341052
268 0.007593383
269 0.008116545
270 0.008631543
271 0.008689624
272 0.008975984
273 0.009038983
274 0.009310041
275 0.008921471
276 0.008598639
277 0.008000115
278 0.007532657
279 0.006926189
280 0.006485606
281 0.006066915
282 0.005875935
283 0.005644518
284 0.005497083
285 0.005436069
286 0.005206966
287 0.005038637
288 0.005053732
289 0.004887469
290 0.004751650
291 0.004657824
292 0.004317566
293 0.004083749
294 0.004008447
295 0.003948567
296 0.003908503
297 0.003685763
298 0.003555878
299 0.003396839
300 0.003312961
301 0.003103044
302 0.003040499
303 0.003022944
304 0.002919489
305 0.002869803
306 0.002866443
307 0.002753175
308 0.002663108
309 0.002529187
310 0.002500125
311 0.002474604
312 0.002401908
313 0.002324060
314 0.002263165
315 0.002198439
316 0.002090823
317 0.002006729
318 0.001893455
319 0.001783721
320 0.001598147
321 0.001555093
322 0.001452348
323 0.001446815
324 0.001454698
325 0.001431116
326 0.001422266
327 0.001474140
328 0.001520415
329 0.001475601
330 0.001456905
331 0.001437232
332 0.001369876
333 0.001295164
334 0.001224342
335 0.001145352
336 0.001090794
337 0.001002997
338 0.000966404
339 0.000933618
340 0.000873986
341 0.000803291
342 0.000770770
343 0.000734424
344 0.000716527
345 0.000713554
346 0.000752400
347 0.000783715
348 0.000803930
349 0.000801282
350 0.000777733
351 0.000767776
352 0.000759830
353 0.000744313
354 0.000714583
355 0.000683904
356 0.000666364
357 0.000671339
358 0.000664591
359 0.000671302
360 0.000687917
361 0.000708601
362 0.000708669
363 0.000731448
364 0.000751525
365 0.000755557
366 0.000737347
367 0.000758850
368 0.000739470
369 0.000741816
370 0.000734441
371 0.000755014
372 0.000776612
373 0.000807589
374 0.000829671
375 0.000889123
376 0.000882589
377 0.000900241
378 0.000923918
379 0.000970374
380 0.000978531
381 0.000984011
382 0.000962721
383 0.000934099
384 0.000907753
385 0.000874687
386 0.000847413
387 0.000820869
388 0.000804064
389 0.000774648
390 0.000743328
391 0.000707874
392 0.000674424
393 0.000650123
394 0.000617996
395 0.000611370
396 0.000618150
397 0.000615600
398 0.000598335
399 0.000583860
400 0.000584674
401 0.000573077
402 0.000570702
403 0.000577544
404 0.000576329
405 0.000568913
406 0.000561373
407 0.000559023
408 0.000558299
409 0.000552963
410 0.000521878
411 0.000505528
412 0.000478025
413 0.000461071
414 0.000436633
415 0.000420488
416 0.000409369
417 0.000418215
418 0.000427185
419 0.000447044
420 0.000443775
421 0.000438098
422 0.000409272
423 0.000391187
424 0.000380561
425 0.000376486
426 0.000374222
427 0.000380916
428 0.000392566
429 0.000403777
430 0.000399899
431 0.000401594
432 0.000401124
433 0.000391409
434 0.000381943
435 0.000361731
436 0.000343317
437 0.000326833
438 0.000306767
439 0.000299967
440 0.000295159
441 0.000288319
442 0.000286272
443 0.000280270
444 0.000280196
445 0.000274579
446 0.000274017
447 0.000272311
448 0.000270427
449 0.000265934
450 0.000255902
451 0.000251085
452 0.000257425
453 0.000256546
454 0.000250908
455 0.000238412
456 0.000225144
457 0.000213540
458 0.000195271
459 0.000184413
460 0.000180101
461 0.000173069
462 0.000171365
463 0.000167965
464 0.000160508
465 0.000155746
466 0.000151533
467 0.000152556
468 0.000154636
469 0.000164283
470 0.000170910
471 0.000175115
472 0.000173454
473 0.000170040
474 0.000164960
475 0.000163740
476 0.000159528
477 0.000152911
478 0.000143878
479 0.000134665
480 0.000127277
481 0.000121295
482 0.000114061
483 0.000107359
484 0.000102610
485 0.000096827
486 0.000092458
487 0.000088546
488 0.000086870
489 0.000083108
490 0.000079283
491 0.000074570
492 0.000072688
493 0.000071858
494 0.000068548
495 0.000064420
496 0.000061112
497 0.000059014
498 0.000056855
499 0.000055062
500 0.000053282
501 0.000051301
502 0.000048916
503 0.000044900
504 0.000041353
505 0.000038629
506 0.000037031
507 0.000035458
508 0.000033649
509 0.000033677
510 0.000033194
511 0.000032312
512 0.000030565
513 0.000028693
514 0.000026836
515 0.000024470
516 0.000022766
517 0.000021526
518 0.000021111
519 0.000020837
520 0.000020771
521 0.000020632
522 0.000020637
523 0.000020086
524 0.000019122
525 0.000017926
526 0.000016360
527 0.000015519
528 0.000014906
529 0.000014655
530 0.000014023
531 0.000013231
532 0.000012867
533 0.000012503
534 0.000011872
535 0.000011364
536 0.000010770
537 0.000010293
538 0.000009477
539 0.000008891
540 0.000008453
541 0.000008198
542 0.000008267
543 0.000008354
544 0.000008535
545 0.000008530
546 0.000008390
547 0.000008204
548 0.000007880
549 0.000007296
550 0.000007078
551 0.000006823
552 0.000006709
553 0.000006560
554 0.000006665
555 0.000006791
556 0.000006721
557 0.000006623
558 0.000006604
559 0.000006372
560 0.000006109
561 0.000005862
562 0.000005880
563 0.000006045
564 0.000006229
565 0.000006187
566 0.000006079
567 0.000005921
568 0.000005810
569 0.000005831
570 0.000005745
571 0.000005719
572 0.000005915
573 0.000006008
574 0.000006033
575 0.000006055
576 0.000006028
577 0.000005863
578 0.000005695
579 0.000005486
580 0.000005297
581 0.000005021
582 0.000004716
583 0.000004526
584 0.000004371
585 0.000004327
586 0.000004400
587 0.000004401
588 0.000004399
589 0.000004313
590 0.000004340
591 0.000004226
592 0.000004080
593 0.000003936
594 0.000003990
595 0.000004090
596 0.000004173
597 0.000004194
598 0.000004110
599 0.000003962
600 0.000003717
601 0.000003534
602 0.000003386
603 0.000003322
604 0.000003266
605 0.000003119
606 0.000002965
607 0.000002790
608 0.000002655
609 0.000002522
610 0.000002391
611 0.000002372
612 0.000002403
613 0.000002447
614 0.000002493
615 0.000002552
616 0.000002547
617 0.000002495
618 0.000002463
619 0.000002436
620 0.000002435
621 0.000002398
622 0.000002417
623 0.000002394
624 0.000002385
625 0.000002354
626 0.000002347
627 0.000002332
628 0.000002345
629 0.000002351
630 0.000002400
631 0.000002436
632 0.000002438
633 0.000002403
634 0.000002338
635 0.000002308
636 0.000002206
637 0.000002192
638 0.000002182
639 0.000002195
640 0.000002160
641 0.000002210
642 0.000002228
643 0.000002261
644 0.000002245
645 0.000002318
646 0.000002430
647 0.000002534
648 0.000002626
649 0.000002633
650 0.000002637
651 0.000002622
652 0.000002510
653 0.000002399
654 0.000002276
655 0.000002183
656 0.000002121
657 0.000002096
658 0.000002118
659 0.000002114
660 0.000002104
661 0.000002055
662 0.000002016
663 0.000001984
664 0.000001919
665 0.000001867
666 0.000001819
667 0.000001751
668 0.000001720
669 0.000001700
670 0.000001690
671 0.000001676
672 0.000001611
673 0.000001602
674 0.000001565
675 0.000001541
676 0.000001533
677 0.000001540
678 0.000001513
679 0.000001431
680 0.000001352
681 0.000001308
682 0.000001263
683 0.000001189
684 0.000001163
685 0.000001134
686 0.000001095
687 0.000001043
688 0.000001004
689 0.000000958
690 0.000000917
691 0.000000872
692 0.000000873
693 0.000000872
694 0.000000856
695 0.000000821
696 0.000000788
697 0.000000776
698 0.000000746
699 0.000000725
700 0.000000695
701 0.000000677
702 0.000000653
703 0.000000646
704 0.000000640
705 0.000000630
706 0.000000610
707 0.000000608
708 0.000000609
709 0.000000618
710 0.000000609
711 0.000000599
712 0.000000583
713 0.000000575
714 0.000000541
715 0.000000514
716 0.000000483
717 0.000000460
718 0.000000422
719 0.000000384
720 0.000000363
721 0.000000344
722 0.000000329
723 0.000000320
724 0.000000327
725 0.000000327
726 0.000000327
727 0.000000321
728 0.000000325
729 0.000000318
730 0.000000310
731 0.000000302
732 0.000000295
733 0.000000288
734 0.000000275
735 0.000000269
736 0.000000262
737 0.000000259
738 0.000000252
739 0.000000249
740 0.000000242
741 0.000000235
742 0.000000231
743 0.000000235
744 0.000000237
745 0.000000238
746 0.000000235
747 0.000000231
748 0.000000228
749 0.000000219
750 0.000000210
751 0.000000207
752 0.000000209
753 0.000000214
754 0.000000221
755 0.000000224
756 0.000000233
757 0.000000235
758 0.000000229
759 0.000000227
760 0.000000224
761 0.000000216
762 0.000000208
763 0.000000198
764 0.000000194
765 0.000000192
766 0.000000187
767 0.000000185
768 0.000000187
769 0.000000191
770 0.000000192
771 0.000000198
772 0.000000201
773 0.000000204
774 0.000000205
775 0.000000208
776 0.000000208
777 0.000000206
778 0.000000201
779 0.000000200
780 0.000000198
781 0.000000196
782 0.000000197
783 0.000000198
784 0.000000201
785 0.000000205
786 0.000000206
787 0.000000208
788 0.000000202
789 0.000000194
790 0.000000191
791 0.000000189
792 0.000000189
793 0.000000187
794 0.000000182
795 0.000000178
796 0.000000172
797 0.000000165
798 0.000000160
799 0.000000156
800 0.000000149
801 0.000000145
802 0.000000140
803 0.000000137
804 0.000000131
805 0.000000129
806 0.000000127
807 0.000000129
808 0.000000131
809 0.000000133
810 0.000000131
811 0.000000126
812 0.000000123
813 0.000000123
814 0.000000126
815 0.000000129
816 0.000000129
817 0.000000128
818 0.000000123
819 0.000000119
820 0.000000122
821 0.000000123
822 0.000000121
823 0.000000120
824 0.000000117
825 0.000000115
826 0.000000116
827 0.000000116
828 0.000000116
829 0.000000116
830 0.000000116
831 0.000000116
832 0.000000115
833 0.000000114
834 0.000000114
835 0.000000113
836 0.000000109
837 0.000000107
838 0.000000106
839 0.000000103
840 0.000000101
841 0.000000100
842 0.000000101
843 0.000000102
844 0.000000103
845 0.000000103
846 0.000000103
847 0.000000102
848 0.000000100
849 0.000000097
850 0.000000095
851 0.000000093
852 0.000000089
853 0.000000088
854 0.000000086
855 0.000000082
856 0.000000077
857 0.000000073
858 0.000000069
859 0.000000066
860 0.000000063
861 0.000000059
862 0.000000055
863 0.000000051
864 0.000000048
865 0.000000047
866 0.000000046
867 0.000000045
868 0.000000045
869 0.000000044
870 0.000000042
871 0.000000040
872 0.000000039
873 0.000000038
874 0.000000038
875 0.000000037
876 0.000000036
877 0.000000036
878 0.000000036
879 0.000000035
880 0.000000035
881 0.000000034
882 0.000000032
883 0.000000030
884 0.000000028
885 0.000000026
886 0.000000024
887 0.000000023
888 0.000000022
889 0.000000021
890 0.000000020
891 0.000000020
892 0.000000019
893 0.000000019
894 0.000000018
895 0.000000017
896 0.000000016
897 0.000000016
898 0.000000015
899 0.000000015
900 0.000000014
901 0.000000014
902 0.000000014
903 0.000000013
904 0.000000013
905 0.000000012
906 0.000000012
907 0.000000012
908 0.000000012
909 0.000000012
910 0.000000011
911 0.000000011
912 0.000000010
913 0.000000010
