#ite residual of mtx/G3_circuit.mtx
1 1.746908
2 5.566941
3 6.646934
4 10.805804
5 13.423047
6 7.013318
7 10.239459
8 10.068002
9 9.389673
10 8.084216
11 10.208191
12 13.049498
13 16.720224
14 20.161993
15 20.308864
16 21.452037
17 16.604955
18 18.303226
19 16.853531
20 16.832148
21 15.979934
22 16.021292
23 14.304247
24 13.324734
25 9.322724
26 7.555420
27 8.064126
28 9.144379
29 9.178965
30 6.332763
31 6.342166
32 7.449975
33 9.312999
34 9.307965
35 9.472122
36 9.595684
37 9.559339
38 8.221739
39 7.927598
40 8.804218
41 8.088654
42 7.204206
43 6.610409
44 6.698198
45 6.597947
46 6.638768
47 6.930582
48 7.158645
49 8.093770
50 7.905266
51 8.433070
52 7.366655
53 7.428475
54 7.306633
55 7.807962
56 7.244393
57 7.100607
58 6.610596
59 6.357930
60 5.792960
61 5.960904
62 5.417266
63 5.664570
64 4.767459
65 4.965558
66 4.657351
67 4.517076
68 4.395901
69 4.343548
70 4.583269
71 4.636131
72 4.305075
73 4.161656
74 4.195362
75 3.898596
76 3.835792
77 3.338654
78 2.926290
79 2.680631
80 2.359298
81 2.072131
82 2.040002
83 1.919514
84 1.836726
85 1.632219
86 1.561269
87 1.478121
88 1.446964
89 1.382499
90 1.326163
91 1.330377
92 1.235248
93 1.177810
94 1.085565
95 1.035326
96 0.940971
97 0.826137
98 0.795671
99 0.712695
100 0.665676
101 0.625470
102 0.630193
103 0.588518
104 0.551461
105 0.510720
106 0.438015
107 0.440140
108 0.419164
109 0.439121
110 0.445764
111 0.428241
112 0.404994
113 0.404763
114 0.373120
115 0.376897
116 0.337233
117 0.306608
118 0.280273
119 0.277562
120 0.261311
121 0.236729
122 0.217050
123 0.209179
124 0.193788
125 0.176115
126 0.144907
127 0.129779
128 0.121807
129 0.117110
130 0.113691
131 0.104289
132 0.106206
133 0.097403
134 0.088595
135 0.082819
136 0.085067
137 0.087801
138 0.076510
139 0.067686
140 0.064554
141 0.064616
142 0.060524
143 0.057712
144 0.057805
145 0.056075
146 0.051140
147 0.047647
148 0.046960
149 0.048012
150 0.045363
151 0.045838
152 0.042147
153 0.041944
154 0.040658
155 0.038979
156 0.039979
157 0.038178
158 0.037456
159 0.035717
160 0.031109
161 0.029348
162 0.028870
163 0.028740
164 0.028916
165 0.027341
166 0.025513
167 0.023382
168 0.022534
169 0.022579
170 0.022747
171 0.022216
172 0.022638
173 0.023727
174 0.023175
175 0.023058
176 0.023666
177 0.025552
178 0.025112
179 0.024858
180 0.026958
181 0.029675
182 0.029935
183 0.031422
184 0.031425
185 0.034205
186 0.033274
187 0.033050
188 0.030907
189 0.028929
190 0.027017
191 0.023867
192 0.021634
193 0.018571
194 0.017121
195 0.015274
196 0.013774
197 0.013166
198 0.012178
199 0.011051
200 0.009808
201 0.008969
202 0.008406
203 0.007601
204 0.006855
205 0.006403
206 0.006053
207 0.005667
208 0.005283
209 0.005150
210 0.004778
211 0.004766
212 0.004803
213 0.005286
214 0.005156
215 0.004696
216 0.004629
217 0.004404
218 0.004325
219 0.004159
220 0.004288
221 0.004408
222 0.004491
223 0.004715
224 0.005041
225 0.005415
226 0.005625
227 0.005697
228 0.006110
229 0.006163
230 0.006488
231 0.006853
232 0.006506
233 0.006230
234 0.005946
235 0.005536
236 0.004991
237 0.004575
238 0.004265
239 0.004068
240 0.003605
241 0.003776
242 0.003612
243 0.003708
244 0.003525
245 0.003493
246 0.003671
247 0.003558
248 0.003633
249 0.003628
250 0.003698
251 0.003454
252 0.003561
253 0.003452
254 0.003436
255 0.003447
256 0.003480
257 0.003511
258 0.003486
259 0.003378
260 0.003373
261 0.003166
262 0.003033
263 0.002932
264 0.002956
265 0.002911
266 0.002841
267 0.002842
268 0.002865
269 0.002866
270 0.002923
271 0.003125
272 0.003108
273 0.003136
274 0.003136
275 0.003209
276 0.003081
277 0.002993
278 0.002893
279 0.002791
280 0.002600
281 0.002448
282 0.002364
283 0.002304
284 0.002294
285 0.002254
286 0.002321
287 0.002289
288 0.002241
289 0.002310
290 0.002261
291 0.002252
292 0.002214
293 0.002083
294 0.001970
295 0.001919
296 0.001887
297 0.001901
298 0.001840
299 0.001827
300 0.001769
301 0.001795
302 0.001674
303 0.001704
304 0.001697
305 0.001721
306 0.001741
307 0.001804
308 0.001836
309 0.001871
310 0.001865
311 0.001920
312 0.002013
313 0.002023
314 0.001955
315 0.001932
316 0.001880
317 0.001779
318 0.001753
319 0.001670
320 0.001577
321 0.001401
322 0.001344
323 0.001270
324 0.001236
325 0.001231
326 0.001177
327 0.001206
328 0.001213
329 0.001273
330 0.001268
331 0.001257
332 0.001256
333 0.001229
334 0.001152
335 0.001127
336 0.001078
337 0.001089
338 0.001045
339 0.000987
340 0.000963
341 0.000925
342 0.000856
343 0.000822
344 0.000778
345 0.000718
346 0.000686
347 0.000690
348 0.000678
349 0.000672
350 0.000650
351 0.000602
352 0.000584
353 0.000539
354 0.000510
355 0.000507
356 0.000493
357 0.000498
358 0.000512
359 0.000530
360 0.000550
361 0.000584
362 0.000624
363 0.000666
364 0.000684
365 0.000719
366 0.000690
367 0.000678
368 0.000652
369 0.000640
370 0.000606
371 0.000567
372 0.000532
373 0.000500
374 0.000482
375 0.000438
376 0.000432
377 0.000414
378 0.000392
379 0.000386
380 0.000394
381 0.000398
382 0.000413
383 0.000403
384 0.000407
385 0.000400
386 0.000399
387 0.000403
388 0.000410
389 0.000424
390 0.000430
391 0.000438
392 0.000431
393 0.000421
394 0.000411
395 0.000391
396 0.000378
397 0.000366
398 0.000351
399 0.000333
400 0.000326
401 0.000334
402 0.000339
403 0.000341
404 0.000343
405 0.000348
406 0.000338
407 0.000334
408 0.000333
409 0.000326
410 0.000319
411 0.000313
412 0.000308
413 0.000311
414 0.000312
415 0.000300
416 0.000288
417 0.000280
418 0.000270
419 0.000273
420 0.000273
421 0.000261
422 0.000257
423 0.000237
424 0.000230
425 0.000231
426 0.000228
427 0.000223
428 0.000214
429 0.000203
430 0.000202
431 0.000187
432 0.000180
433 0.000175
434 0.000168
435 0.000174
436 0.000179
437 0.000190
438 0.000191
439 0.000195
440 0.000193
441 0.000193
442 0.000194
443 0.000180
444 0.000178
445 0.000166
446 0.000158
447 0.000148
448 0.000138
449 0.000126
450 0.000121
451 0.000114
452 0.000107
453 0.000105
454 0.000107
455 0.000107
456 0.000108
457 0.000104
458 0.000105
459 0.000103
460 0.000100
461 0.000104
462 0.000106
463 0.000110
464 0.000114
465 0.000117
466 0.000113
467 0.000110
468 0.000106
469 0.000106
470 0.000108
471 0.000107
472 0.000112
473 0.000112
474 0.000112
475 0.000109
476 0.000108
477 0.000110
478 0.000109
479 0.000105
480 0.000100
481 0.000095
482 0.000092
483 0.000090
484 0.000088
485 0.000088
486 0.000088
487 0.000084
488 0.000081
489 0.000078
490 0.000078
491 0.000076
492 0.000074
493 0.000072
494 0.000072
495 0.000074
496 0.000072
497 0.000069
498 0.000068
499 0.000065
500 0.000064
501 0.000062
502 0.000061
503 0.000063
504 0.000062
505 0.000062
506 0.000060
507 0.000059
508 0.000059
509 0.000056
510 0.000057
511 0.000055
512 0.000056
513 0.000056
514 0.000056
515 0.000056
516 0.000056
517 0.000056
518 0.000057
519 0.000056
520 0.000058
521 0.000058
522 0.000057
523 0.000057
524 0.000056
525 0.000055
526 0.000056
527 0.000054
528 0.000054
529 0.000054
530 0.000054
531 0.000054
532 0.000050
533 0.000046
534 0.000043
535 0.000042
536 0.000040
537 0.000040
538 0.000041
539 0.000042
540 0.000041
541 0.000041
542 0.000040
543 0.000041
544 0.000041
545 0.000039
546 0.000039
547 0.000037
548 0.000037
549 0.000038
550 0.000036
551 0.000035
552 0.000034
553 0.000033
554 0.000032
555 0.000030
556 0.000030
557 0.000029
558 0.000028
559 0.000027
560 0.000028
561 0.000027
562 0.000027
563 0.000027
564 0.000026
565 0.000027
566 0.000026
567 0.000025
568 0.000024
569 0.000022
570 0.000022
571 0.000022
572 0.000020
573 0.000020
574 0.000019
575 0.000019
576 0.000019
577 0.000018
578 0.000018
579 0.000018
580 0.000018
581 0.000018
582 0.000017
583 0.000016
584 0.000015
585 0.000014
586 0.000014
587 0.000014
588 0.000014
589 0.000014
590 0.000014
591 0.000014
592 0.000014
593 0.000015
594 0.000014
595 0.000014
596 0.000014
597 0.000015
598 0.000015
599 0.000015
600 0.000015
601 0.000014
602 0.000014
603 0.000013
604 0.000013
605 0.000013
606 0.000013
607 0.000012
608 0.000012
609 0.000011
610 0.000010
611 0.000010
612 0.000010
613 0.000010
614 0.000010
615 0.000010
616 0.000010
617 0.000010
618 0.000010
619 0.000010
620 0.000010
621 0.000010
622 0.000010
623 0.000010
624 0.000009
625 0.000009
626 0.000008
627 0.000008
628 0.000007
629 0.000007
630 0.000006
631 0.000006
632 0.000006
633 0.000006
634 0.000006
635 0.000006
636 0.000005
637 0.000005
638 0.000005
639 0.000005
640 0.000005
641 0.000005
642 0.000004
643 0.000004
644 0.000004
645 0.000004
646 0.000004
647 0.000004
648 0.000004
649 0.000004
650 0.000004
651 0.000003
652 0.000003
653 0.000003
654 0.000003
655 0.000003
656 0.000003
657 0.000002
658 0.000002
659 0.000002
660 0.000002
661 0.000002
662 0.000002
663 0.000002
664 0.000002
665 0.000002
666 0.000002
667 0.000002
668 0.000002
669 0.000002
670 0.000002
671 0.000002
672 0.000002
673 0.000002
674 0.000002
675 0.000002
676 0.000002
677 0.000002
678 0.000002
679 0.000002
680 0.000002
681 0.000002
682 0.000002
683 0.000002
684 0.000002
685 0.000002
686 0.000002
687 0.000002
688 0.000002
689 0.000002
690 0.000002
691 0.000002
692 0.000002
693 0.000002
694 0.000002
695 0.000002
696 0.000002
697 0.000002
698 0.000002
699 0.000002
700 0.000002
701 0.000002
702 0.000002
703 0.000002
704 0.000001
705 0.000001
706 0.000001
707 0.000001
708 0.000001
709 0.000001
710 0.000001
711 0.000001
712 0.000001
713 0.000001
714 0.000001
715 0.000001
716 0.000001
717 0.000002
718 0.000002
719 0.000002
720 0.000002
721 0.000002
722 0.000001
723 0.000001
724 0.000001
725 0.000001
726 0.000001
727 0.000001
728 0.000001
729 0.000001
730 0.000001
731 0.000001
732 0.000001
733 0.000001
734 0.000001
735 0.000001
736 0.000001
737 0.000001
738 0.000001
739 0.000001
740 0.000001
741 0.000001
742 0.000001
743 0.000001
744 0.000001
745 0.000001
746 0.000001
747 0.000001
748 0.000001
749 0.000001
750 0.000001
751 0.000001
752 0.000001
753 0.000001
754 0.000001
755 0.000001
756 0.000001
757 0.000001
758 0.000001
759 0.000001
760 0.000001
761 0.000001
762 0.000001
763 0.000001
764 0.000001
765 0.000001
766 0.000001
767 0.000001
768 0.000001
769 0.000001
770 0.000001
771 0.000001
772 0.000001
773 0.000001
774 0.000001
775 0.000001
776 0.000001
777 0.000001
778 0.000001
779 0.000001
780 0.000001
781 0.000001
782 0.000001
783 0.000001
784 0.000001
785 0.000001
786 0.000001
787 0.000001
788 0.000001
789 0.000001
790 0.000001
791 0.000001
792 0.000001
793 0.000001
794 0.000001
795 0.000000
796 0.000000
797 0.000000
798 0.000000
799 0.000000
800 0.000000
801 0.000000
802 0.000000
803 0.000000
804 0.000000
805 0.000000
806 0.000000
807 0.000000
808 0.000000
809 0.000000
810 0.000000
811 0.000000
812 0.000000
813 0.000000
814 0.000000
815 0.000000
816 0.000000
817 0.000000
818 0.000000
819 0.000000
820 0.000000
821 0.000000
822 0.000000
823 0.000000
824 0.000000
825 0.000000
826 0.000000
827 0.000000
828 0.000000
829 0.000000
830 0.000000
831 0.000000
832 0.000000
833 0.000000
834 0.000000
835 0.000000
836 0.000000
837 0.000000
838 0.000000
839 0.000000
840 0.000000
841 0.000000
842 0.000000
843 0.000000
844 0.000000
845 0.000000
846 0.000000
847 0.000000
848 0.000000
849 0.000000
850 0.000000
851 0.000000
852 0.000000
853 0.000000
854 0.000000
855 0.000000
856 0.000000
857 0.000000
858 0.000000
859 0.000000
860 0.000000
861 0.000000
862 0.000000
863 0.000000
864 0.000000
865 0.000000
866 0.000000
867 0.000000
868 0.000000
869 0.000000
870 0.000000
871 0.000000
872 0.000000
873 0.000000
874 0.000000
875 0.000000
876 0.000000
877 0.000000
878 0.000000
879 0.000000
880 0.000000
881 0.000000
882 0.000000
883 0.000000
884 0.000000
885 0.000000
886 0.000000
887 0.000000
888 0.000000
889 0.000000
890 0.000000
891 0.000000
892 0.000000
893 0.000000
894 0.000000
895 0.000000
896 0.000000
897 0.000000
898 0.000000
899 0.000000
900 0.000000
901 0.000000
902 0.000000
903 0.000000
904 0.000000
905 0.000000
906 0.000000
907 0.000000
908 0.000000
909 0.000000
910 0.000000
911 0.000000
912 0.000000
913 0.000000
914 0.000000
915 0.000000
916 0.000000
917 0.000000
918 0.000000
919 0.000000
920 0.000000
921 0.000000
922 0.000000
923 0.000000
924 0.000000
925 0.000000
926 0.000000
927 0.000000
928 0.000000
929 0.000000
930 0.000000
931 0.000000
932 0.000000
933 0.000000
934 0.000000
935 0.000000
936 0.000000
937 0.000000
938 0.000000
939 0.000000
940 0.000000
941 0.000000
942 0.000000
943 0.000000
944 0.000000
945 0.000000
946 0.000000
947 0.000000
948 0.000000
949 0.000000
950 0.000000
951 0.000000
952 0.000000
953 0.000000
954 0.000000
955 0.000000
956 0.000000
957 0.000000
958 0.000000
959 0.000000
960 0.000000
961 0.000000
962 0.000000
963 0.000000
964 0.000000
965 0.000000
966 0.000000
967 0.000000
968 0.000000
969 0.000000
970 0.000000
971 0.000000
972 0.000000
973 0.000000
974 0.000000
975 0.000000
976 0.000000
977 0.000000
978 0.000000
979 0.000000
980 0.000000
981 0.000000
982 0.000000
983 0.000000
984 0.000000
985 0.000000
986 0.000000
987 0.000000
988 0.000000
989 0.000000
990 0.000000
991 0.000000
992 0.000000
993 0.000000
994 0.000000
995 0.000000
996 0.000000
997 0.000000
998 0.000000
999 0.000000
