#ite residual of mtx/G3_circuit.mtx
1 8.586768
2 5.479428
3 5.959723
4 8.301517
5 8.679203
6 9.441906
7 8.232425
8 8.909017
9 11.804740
10 12.985746
11 14.504855
12 14.753649
13 14.935075
14 14.948160
15 16.165468
16 17.531667
17 18.161158
18 17.839484
19 15.814308
20 14.799177
21 13.681502
22 11.445517
23 9.571580
24 9.917016
25 10.813681
26 11.853153
27 11.214955
28 12.864942
29 15.164443
30 12.712855
31 11.240337
32 9.689248
33 6.242269
34 6.640678
35 5.405272
36 5.175525
37 3.486399
38 3.080518
39 2.344695
40 2.476328
41 2.338497
42 2.170550
43 2.047876
44 1.509660
45 1.176438
46 1.185234
47 1.179868
48 1.080174
49 0.969800
50 0.835598
51 0.806684
52 0.777424
53 0.681023
54 0.622367
55 0.532428
56 0.424293
57 0.452633
58 0.355262
59 0.300908
60 0.303506
61 0.229421
62 0.256458
63 0.220002
64 0.225427
65 0.190270
66 0.146185
67 0.130420
68 0.114086
69 0.117991
70 0.097199
71 0.089623
72 0.103735
73 0.077050
74 0.078496
75 0.064548
76 0.055691
77 0.050984
78 0.046808
79 0.041415
80 0.033141
81 0.030003
82 0.030137
83 0.030426
84 0.031356
85 0.033604
86 0.029632
87 0.029292
88 0.026221
89 0.026032
90 0.025994
91 0.022111
92 0.020047
93 0.018544
94 0.019235
95 0.017709
96 0.016580
97 0.015415
98 0.012765
99 0.012722
100 0.012682
101 0.013233
102 0.010915
103 0.014196
104 0.013029
105 0.016441
106 0.018696
107 0.020157
108 0.020095
109 0.019408
110 0.019697
111 0.020778
112 0.018490
113 0.019816
114 0.017570
115 0.016699
116 0.015245
117 0.014586
118 0.016135
119 0.014699
120 0.014388
121 0.013038
122 0.014606
123 0.012109
124 0.013227
125 0.014054
126 0.014737
127 0.014794
128 0.015469
129 0.016156
130 0.017459
131 0.018006
132 0.018359
133 0.019924
134 0.023415
135 0.023226
136 0.024243
137 0.023981
138 0.022714
139 0.026075
140 0.023527
141 0.022393
142 0.022113
143 0.019902
144 0.019267
145 0.016126
146 0.018734
147 0.017687
148 0.016211
149 0.015041
150 0.014779
151 0.014940
152 0.015835
153 0.015778
154 0.015584
155 0.015316
156 0.014649
157 0.014750
158 0.015372
159 0.015106
160 0.015670
161 0.016174
162 0.014075
163 0.012906
164 0.011940
165 0.011709
166 0.011884
167 0.011402
168 0.011658
169 0.010768
170 0.010997
171 0.010969
172 0.011799
173 0.011523
174 0.011962
175 0.012085
176 0.010720
177 0.010214
178 0.009933
179 0.008928
180 0.007643
181 0.006480
182 0.005791
183 0.006374
184 0.005420
185 0.005280
186 0.005395
187 0.005605
188 0.005595
189 0.005377
190 0.005316
191 0.005244
192 0.004993
193 0.005513
194 0.005273
195 0.005572
196 0.005340
197 0.004907
198 0.004576
199 0.004187
200 0.004248
201 0.004085
202 0.003978
203 0.003521
204 0.003457
205 0.003256
206 0.002991
207 0.002871
208 0.002823
209 0.002456
210 0.002167
211 0.002043
212 0.001956
213 0.001914
214 0.001918
215 0.001878
216 0.001888
217 0.001947
218 0.001844
219 0.002043
220 0.001905
221 0.001951
222 0.002031
223 0.001932
224 0.001954
225 0.001721
226 0.001786
227 0.001679
228 0.001697
229 0.001612
230 0.001694
231 0.001528
232 0.001493
233 0.001345
234 0.001324
235 0.001336
236 0.001335
237 0.001245
238 0.001277
239 0.001157
240 0.001134
241 0.001061
242 0.000989
243 0.001031
244 0.000939
245 0.001014
246 0.000917
247 0.000893
248 0.000937
249 0.000963
250 0.000949
251 0.000981
252 0.000912
253 0.000932
254 0.000854
255 0.000887
256 0.000922
257 0.000949
258 0.000998
259 0.000901
260 0.001007
261 0.000994
262 0.001000
263 0.000973
264 0.000919
265 0.000894
266 0.000823
267 0.000799
268 0.000732
269 0.000709
270 0.000773
271 0.000712
272 0.000739
273 0.000699
274 0.000660
275 0.000656
276 0.000645
277 0.000648
278 0.000653
279 0.000623
280 0.000586
281 0.000587
282 0.000579
283 0.000570
284 0.000575
285 0.000565
286 0.000546
287 0.000531
288 0.000514
289 0.000562
290 0.000545
291 0.000553
292 0.000577
293 0.000544
294 0.000556
295 0.000533
296 0.000517
297 0.000466
298 0.000423
299 0.000395
300 0.000355
301 0.000351
302 0.000336
303 0.000323
304 0.000332
305 0.000320
306 0.000320
307 0.000325
308 0.000313
309 0.000320
310 0.000330
311 0.000338
312 0.000345
313 0.000364
314 0.000382
315 0.000379
316 0.000398
317 0.000380
318 0.000410
319 0.000386
320 0.000386
321 0.000363
322 0.000371
323 0.000356
324 0.000342
325 0.000348
326 0.000344
327 0.000349
328 0.000335
329 0.000349
330 0.000339
331 0.000334
332 0.000332
333 0.000341
334 0.000357
335 0.000399
336 0.000403
337 0.000434
338 0.000427
339 0.000439
340 0.000480
341 0.000435
342 0.000443
343 0.000417
344 0.000412
345 0.000394
346 0.000385
347 0.000388
348 0.000378
349 0.000357
350 0.000349
351 0.000322
352 0.000329
353 0.000302
354 0.000326
355 0.000302
356 0.000278
357 0.000286
358 0.000262
359 0.000266
360 0.000254
361 0.000245
362 0.000254
363 0.000244
364 0.000238
365 0.000254
366 0.000250
367 0.000285
368 0.000278
369 0.000310
370 0.000271
371 0.000252
372 0.000255
373 0.000209
374 0.000225
375 0.000184
376 0.000185
377 0.000154
378 0.000155
379 0.000150
380 0.000143
381 0.000136
382 0.000128
383 0.000128
384 0.000127
385 0.000126
386 0.000121
387 0.000121
388 0.000109
389 0.000113
390 0.000116
391 0.000124
392 0.000122
393 0.000119
394 0.000108
395 0.000108
396 0.000102
397 0.000087
398 0.000081
399 0.000073
400 0.000070
401 0.000070
402 0.000068
403 0.000059
404 0.000055
405 0.000053
406 0.000050
407 0.000048
408 0.000048
409 0.000045
410 0.000043
411 0.000042
412 0.000046
413 0.000041
414 0.000041
415 0.000040
416 0.000038
417 0.000036
418 0.000034
419 0.000033
420 0.000030
421 0.000031
422 0.000030
423 0.000028
424 0.000028
425 0.000027
426 0.000026
427 0.000027
428 0.000027
429 0.000025
430 0.000027
431 0.000024
432 0.000025
433 0.000022
434 0.000023
435 0.000023
436 0.000021
437 0.000021
438 0.000018
439 0.000019
440 0.000018
441 0.000019
442 0.000018
443 0.000018
444 0.000019
445 0.000018
446 0.000018
447 0.000018
448 0.000019
449 0.000018
450 0.000019
451 0.000018
452 0.000018
453 0.000018
454 0.000016
455 0.000016
456 0.000015
457 0.000015
458 0.000016
459 0.000015
460 0.000017
461 0.000017
462 0.000019
463 0.000019
464 0.000019
465 0.000021
466 0.000020
467 0.000021
468 0.000020
469 0.000020
470 0.000020
471 0.000018
472 0.000018
473 0.000016
474 0.000017
475 0.000016
476 0.000015
477 0.000015
478 0.000014
479 0.000014
480 0.000013
481 0.000013
482 0.000013
483 0.000013
484 0.000013
485 0.000013
486 0.000013
487 0.000013
488 0.000013
489 0.000013
490 0.000012
491 0.000012
492 0.000012
493 0.000012
494 0.000012
495 0.000012
496 0.000013
497 0.000013
498 0.000012
499 0.000011
500 0.000011
501 0.000011
502 0.000010
503 0.000010
504 0.000010
505 0.000010
506 0.000010
507 0.000010
508 0.000009
509 0.000009
510 0.000009
511 0.000010
512 0.000009
513 0.000009
514 0.000009
515 0.000009
516 0.000010
517 0.000010
518 0.000010
519 0.000011
520 0.000011
521 0.000011
522 0.000011
523 0.000010
524 0.000010
525 0.000010
526 0.000010
527 0.000009
528 0.000010
529 0.000009
530 0.000010
531 0.000009
532 0.000009
533 0.000009
534 0.000008
535 0.000008
536 0.000008
537 0.000008
538 0.000009
539 0.000008
540 0.000008
541 0.000008
542 0.000008
543 0.000008
544 0.000008
545 0.000008
546 0.000008
547 0.000009
548 0.000008
549 0.000007
550 0.000007
551 0.000006
552 0.000006
553 0.000006
554 0.000006
555 0.000006
556 0.000006
557 0.000006
558 0.000005
559 0.000005
560 0.000005
561 0.000004
562 0.000004
563 0.000004
564 0.000004
565 0.000004
566 0.000004
567 0.000004
568 0.000004
569 0.000004
570 0.000004
571 0.000004
572 0.000004
573 0.000003
574 0.000003
575 0.000003
576 0.000003
577 0.000003
578 0.000003
579 0.000002
580 0.000002
581 0.000002
582 0.000002
583 0.000002
584 0.000002
585 0.000002
586 0.000002
587 0.000002
588 0.000002
589 0.000002
590 0.000002
591 0.000002
592 0.000002
593 0.000002
594 0.000002
595 0.000001
596 0.000001
597 0.000001
598 0.000001
599 0.000001
600 0.000001
601 0.000001
602 0.000001
603 0.000001
604 0.000001
605 0.000001
606 0.000001
607 0.000001
608 0.000001
609 0.000001
610 0.000001
611 0.000001
612 0.000001
613 0.000001
614 0.000001
615 0.000001
616 0.000001
617 0.000001
618 0.000001
619 0.000001
620 0.000001
621 0.000001
622 0.000001
623 0.000001
624 0.000001
625 0.000001
626 0.000001
627 0.000001
628 0.000001
629 0.000001
630 0.000001
631 0.000001
632 0.000001
633 0.000001
634 0.000001
635 0.000001
636 0.000001
637 0.000001
638 0.000000
639 0.000001
640 0.000001
641 0.000001
642 0.000001
643 0.000001
644 0.000001
645 0.000001
646 0.000001
647 0.000001
648 0.000001
649 0.000000
650 0.000000
651 0.000000
652 0.000000
653 0.000000
654 0.000000
655 0.000000
656 0.000000
657 0.000000
658 0.000000
659 0.000000
660 0.000000
661 0.000000
662 0.000000
663 0.000000
664 0.000000
665 0.000000
666 0.000000
667 0.000000
668 0.000000
669 0.000000
670 0.000000
671 0.000000
672 0.000000
673 0.000000
674 0.000000
675 0.000000
676 0.000000
677 0.000000
678 0.000000
679 0.000000
680 0.000000
681 0.000000
682 0.000000
683 0.000000
684 0.000000
685 0.000000
686 0.000000
687 0.000000
688 0.000000
689 0.000000
690 0.000000
691 0.000000
692 0.000000
693 0.000000
694 0.000000
695 0.000000
696 0.000000
697 0.000000
698 0.000000
699 0.000000
700 0.000000
701 0.000000
702 0.000000
703 0.000000
704 0.000000
705 0.000000
706 0.000000
707 0.000000
708 0.000000
709 0.000000
710 0.000000
711 0.000000
712 0.000000
713 0.000000
714 0.000000
715 0.000000
716 0.000000
717 0.000000
718 0.000000
719 0.000000
720 0.000000
721 0.000000
722 0.000000
723 0.000000
724 0.000000
725 0.000000
726 0.000000
727 0.000000
728 0.000000
729 0.000000
730 0.000000
731 0.000000
732 0.000000
733 0.000000
734 0.000000
735 0.000000
736 0.000000
737 0.000000
738 0.000000
739 0.000000
740 0.000000
741 0.000000
742 0.000000
743 0.000000
744 0.000000
745 0.000000
746 0.000000
747 0.000000
748 0.000000
749 0.000000
750 0.000000
751 0.000000
752 0.000000
753 0.000000
754 0.000000
755 0.000000
756 0.000000
757 0.000000
758 0.000000
759 0.000000
760 0.000000
761 0.000000
762 0.000000
763 0.000000
764 0.000000
765 0.000000
766 0.000000
767 0.000000
768 0.000000
769 0.000000
770 0.000000
771 0.000000
772 0.000000
773 0.000000
774 0.000000
775 0.000000
776 0.000000
777 0.000000
778 0.000000
779 0.000000
780 0.000000
781 0.000000
782 0.000000
783 0.000000
784 0.000000
785 0.000000
786 0.000000
787 0.000000
788 0.000000
789 0.000000
790 0.000000
791 0.000000
792 0.000000
793 0.000000
794 0.000000
795 0.000000
796 0.000000
797 0.000000
798 0.000000
799 0.000000
800 0.000000
801 0.000000
802 0.000000
803 0.000000
804 0.000000
805 0.000000
806 0.000000
807 0.000000
808 0.000000
809 0.000000
810 0.000000
811 0.000000
812 0.000000
813 0.000000
814 0.000000
815 0.000000
816 0.000000
817 0.000000
818 0.000000
819 0.000000
820 0.000000
821 0.000000
822 0.000000
823 0.000000
824 0.000000
825 0.000000
826 0.000000
827 0.000000
828 0.000000
829 0.000000
830 0.000000
831 0.000000
832 0.000000
833 0.000000
834 0.000000
835 0.000000
836 0.000000
837 0.000000
838 0.000000
