#ite residual of mtx/G3_circuit.mtx
1 3.740116
2 4.741128
3 5.016547
4 5.161806
5 5.602467
6 6.179622
7 5.756156
8 6.041750
9 7.410177
10 10.400649
11 11.047029
12 13.277619
13 14.282183
14 13.101017
15 9.446389
16 9.369931
17 8.094414
18 7.787285
19 8.498366
20 8.701026
21 9.745372
22 11.268811
23 11.110734
24 8.983199
25 11.160545
26 9.392457
27 8.953866
28 8.669056
29 10.055899
30 8.861809
31 9.866684
32 9.519917
33 9.675089
34 9.694948
35 10.602256
36 9.403034
37 10.230225
38 12.047207
39 12.722892
40 14.120523
41 16.140952
42 17.196056
43 18.147537
44 20.705816
45 23.363263
46 23.743446
47 21.952185
48 21.479245
49 22.152575
50 21.039182
51 20.792650
52 19.502805
53 18.318620
54 16.752576
55 18.035761
56 18.791615
57 18.148122
58 18.586895
59 16.596076
60 18.419003
61 18.634934
62 19.418582
63 18.421304
64 17.790449
65 18.816984
66 18.721882
67 21.311841
68 21.306114
69 18.669332
70 17.860243
71 17.692576
72 19.105571
73 20.075301
74 19.436230
75 20.292120
76 21.053742
77 21.260187
78 20.635315
79 19.440879
80 17.071512
81 17.694351
82 18.301112
83 17.447785
84 14.770137
85 13.228520
86 12.193451
87 12.153261
88 11.805647
89 11.196656
90 11.120183
91 11.157116
92 11.191946
93 10.679154
94 11.239140
95 11.271450
96 11.867368
97 12.211760
98 11.548586
99 11.204713
100 10.445442
101 9.048436
102 8.836897
103 7.840441
104 7.490551
105 7.384410
106 6.787403
107 6.948486
108 7.164805
109 7.023046
110 7.128860
111 7.403399
112 8.211786
113 8.526569
114 8.164395
115 8.538062
116 7.937539
117 8.941336
118 9.360484
119 9.829384
120 10.072220
121 10.037299
122 9.900542
123 10.272164
124 9.919702
125 10.443962
126 10.567353
127 11.013828
128 11.223206
129 10.539418
130 10.480061
131 10.636766
132 10.006479
133 10.158705
134 9.926447
135 10.031926
136 10.602058
137 10.575838
138 10.510035
139 10.733059
140 11.223444
141 11.117646
142 10.726257
143 10.602430
144 10.517318
145 9.803348
146 9.635789
147 8.900669
148 8.322574
149 8.125952
150 7.886517
151 7.468536
152 7.313130
153 7.188878
154 7.580312
155 7.548713
156 7.487082
157 7.833942
158 7.989398
159 7.969869
160 8.248054
161 8.026111
162 7.498451
163 6.904751
164 6.977042
165 7.035433
166 7.213049
167 7.339712
168 7.175080
169 7.285409
170 7.136158
171 7.177645
172 7.609334
173 7.734640
174 7.453367
175 7.180875
176 7.382040
177 7.461720
178 7.526965
179 7.858465
180 8.074635
181 8.532950
182 8.482354
183 8.830670
184 9.083075
185 9.123354
186 9.221093
187 10.363711
188 9.832728
189 9.668807
190 9.208263
191 9.237465
192 8.971493
193 8.863561
194 8.839357
195 9.037878
196 9.323316
197 9.052363
198 8.933275
199 9.039781
200 8.897776
201 8.864923
202 9.312498
203 8.643707
204 8.341268
205 7.648375
206 7.504582
207 7.684053
208 7.469463
209 7.734855
210 7.706318
211 7.607061
212 7.365284
213 7.070504
214 7.148881
215 6.914798
216 6.649645
217 6.726005
218 6.590481
219 6.206400
220 6.361057
221 6.172395
222 6.001169
223 6.090915
224 6.280908
225 6.374924
226 6.350135
227 5.993737
228 6.180059
229 6.018640
230 6.037560
231 5.945410
232 5.673361
233 5.761121
234 5.498239
235 5.640782
236 5.614012
237 5.471631
238 5.478381
239 5.612335
240 5.513571
241 5.404999
242 5.330245
243 5.513951
244 5.579569
245 5.419911
246 5.457283
247 5.483167
248 5.256301
249 5.273775
250 5.228541
251 5.322302
252 5.239152
253 5.057212
254 4.991457
255 5.030838
256 4.913759
257 5.040027
258 5.184690
259 5.245119
260 5.398458
261 5.579305
262 5.486852
263 5.282125
264 5.209696
265 5.047952
266 5.102490
267 4.914294
268 4.943881
269 4.827174
270 4.897408
271 4.699395
272 4.734520
273 4.519652
274 4.504895
275 4.480142
276 4.561218
277 4.340904
278 4.365840
279 4.178531
280 4.345482
281 4.159912
282 4.170669
283 3.970140
284 3.945860
285 3.796151
286 3.644414
287 3.627801
288 3.569893
289 3.461524
290 3.523779
291 3.432413
292 3.307214
293 3.192821
294 2.999404
295 3.004863
296 2.829289
297 2.703548
298 2.699497
299 2.622130
300 2.585506
301 2.658116
302 2.530660
303 2.518339
304 2.588336
305 2.569117
306 2.529726
307 2.426821
308 2.354515
309 2.334067
310 2.210594
311 2.097283
312 2.017399
313 1.980926
314 1.913526
315 1.963341
316 1.887424
317 1.879438
318 1.927697
319 1.919011
320 1.877302
321 1.851837
322 1.833436
323 1.778447
324 1.775214
325 1.781951
326 1.762803
327 1.704635
328 1.733143
329 1.756505
330 1.704048
331 1.631291
332 1.583144
333 1.577737
334 1.580867
335 1.533423
336 1.520556
337 1.502631
338 1.456882
339 1.469469
340 1.389045
341 1.376213
342 1.365224
343 1.367374
344 1.366043
345 1.336990
346 1.337823
347 1.291850
348 1.288599
349 1.290650
350 1.283593
351 1.259605
352 1.228851
353 1.191850
354 1.174868
355 1.123808
356 1.068245
357 1.026027
358 1.000610
359 1.002794
360 1.010070
361 0.986831
362 0.977327
363 0.978301
364 0.949637
365 0.944379
366 0.896195
367 0.906208
368 0.891924
369 0.892557
370 0.863849
371 0.857060
372 0.825813
373 0.809553
374 0.778283
375 0.783155
376 0.775460
377 0.757039
378 0.735621
379 0.713338
380 0.688849
381 0.681247
382 0.648504
383 0.648593
384 0.635649
385 0.630207
386 0.636033
387 0.629960
388 0.598794
389 0.585276
390 0.561619
391 0.545060
392 0.535150
393 0.546620
394 0.536062
395 0.541616
396 0.543269
397 0.542058
398 0.542458
399 0.522356
400 0.515391
401 0.514806
402 0.515123
403 0.511256
404 0.505227
405 0.494582
406 0.485010
407 0.484113
408 0.487952
409 0.485773
410 0.492512
411 0.488007
412 0.481090
413 0.461979
414 0.439681
415 0.432216
416 0.427665
417 0.415740
418 0.412642
419 0.415081
420 0.412547
421 0.418427
422 0.404173
423 0.401667
424 0.393760
425 0.383777
426 0.378433
427 0.374332
428 0.383720
429 0.375657
430 0.375071
431 0.382809
432 0.370672
433 0.354590
434 0.343268
435 0.341427
436 0.340497
437 0.326714
438 0.317444
439 0.302736
440 0.311536
441 0.304733
442 0.301398
443 0.312817
444 0.316245
445 0.324557
446 0.319063
447 0.306805
448 0.296847
449 0.284854
450 0.282752
451 0.278306
452 0.274757
453 0.273517
454 0.265753
455 0.257478
456 0.255652
457 0.254468
458 0.253335
459 0.251612
460 0.251343
461 0.241290
462 0.230605
463 0.224649
464 0.214906
465 0.210338
466 0.204576
467 0.204386
468 0.206977
469 0.203162
470 0.203144
471 0.197813
472 0.194115
473 0.197181
474 0.190793
475 0.192073
476 0.190247
477 0.179123
478 0.176779
479 0.167499
480 0.163956
481 0.159490
482 0.160849
483 0.159365
484 0.158733
485 0.151406
486 0.144401
487 0.144698
488 0.141565
489 0.137421
490 0.139156
491 0.136936
492 0.134171
493 0.128374
494 0.120458
495 0.119107
496 0.112918
497 0.107769
498 0.106338
499 0.102876
500 0.101483
501 0.099386
502 0.097083
503 0.096850
504 0.093875
505 0.090353
506 0.088530
507 0.085485
508 0.081125
509 0.077498
510 0.072109
511 0.071708
512 0.069026
513 0.066297
514 0.065051
515 0.063390
516 0.064478
517 0.064626
518 0.064209
519 0.063245
520 0.060925
521 0.059765
522 0.057168
523 0.053557
524 0.050959
525 0.050224
526 0.049933
527 0.049981
528 0.048787
529 0.047296
530 0.047214
531 0.047688
532 0.046629
533 0.046131
534 0.044189
535 0.043630
536 0.041907
537 0.041340
538 0.040141
539 0.040725
540 0.039708
541 0.040702
542 0.040025
543 0.039827
544 0.039579
545 0.038916
546 0.038833
547 0.039650
548 0.040070
549 0.040361
550 0.040160
551 0.039952
552 0.039636
553 0.040315
554 0.040563
555 0.039641
556 0.040506
557 0.040039
558 0.039611
559 0.040425
560 0.040802
561 0.041509
562 0.042148
563 0.041288
564 0.040577
565 0.040979
566 0.039469
567 0.039988
568 0.041662
569 0.042873
570 0.043067
571 0.043545
572 0.042694
573 0.042456
574 0.042352
575 0.041631
576 0.042649
577 0.041984
578 0.040984
579 0.041663
580 0.041417
581 0.041447
582 0.041862
583 0.042258
584 0.042103
585 0.042751
586 0.042369
587 0.042191
588 0.043247
589 0.043304
590 0.044120
591 0.044756
592 0.044680
593 0.044460
594 0.045402
595 0.045526
596 0.046803
597 0.047462
598 0.047734
599 0.047242
600 0.047673
601 0.046718
602 0.047096
603 0.046928
604 0.046956
605 0.047409
606 0.047679
607 0.047896
608 0.046693
609 0.046309
610 0.046583
611 0.047218
612 0.046867
613 0.047116
614 0.047136
615 0.046872
616 0.047411
617 0.046821
618 0.045769
619 0.045496
620 0.045824
621 0.045740
622 0.044694
623 0.044248
624 0.044659
625 0.044286
626 0.044688
627 0.044646
628 0.044508
629 0.044696
630 0.044978
631 0.044524
632 0.044392
633 0.043810
634 0.043439
635 0.043506
636 0.043319
637 0.042106
638 0.041897
639 0.040863
640 0.041322
641 0.040745
642 0.040045
643 0.040184
644 0.039664
645 0.039264
646 0.038734
647 0.037929
648 0.038298
649 0.037776
650 0.038442
651 0.038456
652 0.038134
653 0.038504
654 0.037344
655 0.036337
656 0.036202
657 0.035045
658 0.034488
659 0.033504
660 0.033034
661 0.033392
662 0.033500
663 0.032987
664 0.033446
665 0.033399
666 0.033475
667 0.033761
668 0.033265
669 0.032225
670 0.033188
671 0.032611
672 0.032636
673 0.033662
674 0.034382
675 0.035112
676 0.036065
677 0.036253
678 0.037080
679 0.037831
680 0.037277
681 0.037506
682 0.037876
683 0.037376
684 0.037384
685 0.037130
686 0.037997
687 0.038372
688 0.038102
689 0.039045
690 0.040581
691 0.041482
692 0.042411
693 0.041585
694 0.041657
695 0.041964
696 0.041132
697 0.040375
698 0.040018
699 0.040636
700 0.040419
701 0.039282
702 0.038979
703 0.039536
704 0.038563
705 0.038188
706 0.037500
707 0.037083
708 0.036916
709 0.037137
710 0.037352
711 0.037619
712 0.038012
713 0.037700
714 0.038257
715 0.037834
716 0.037719
717 0.037539
718 0.036612
719 0.036976
720 0.036790
721 0.037065
722 0.037227
723 0.038357
724 0.037705
725 0.037811
726 0.036723
727 0.036540
728 0.035241
729 0.034298
730 0.034148
731 0.034106
732 0.035303
733 0.035152
734 0.034554
735 0.034962
736 0.035192
737 0.034957
738 0.035657
739 0.036627
740 0.037113
741 0.036488
742 0.035998
743 0.035479
744 0.035457
745 0.035324
746 0.035122
747 0.036212
748 0.037036
749 0.037044
750 0.037516
751 0.037306
752 0.038047
753 0.038181
754 0.038016
755 0.038717
756 0.039646
757 0.039295
758 0.039552
759 0.040075
760 0.040275
761 0.040837
762 0.040637
763 0.041338
764 0.041286
765 0.041480
766 0.041637
767 0.041945
768 0.041732
769 0.041944
770 0.041703
771 0.043686
772 0.044122
773 0.045643
774 0.046473
775 0.046640
776 0.046112
777 0.045970
778 0.046128
779 0.046206
780 0.047222
781 0.047355
782 0.049075
783 0.049299
784 0.049376
785 0.050406
786 0.050478
787 0.050197
788 0.049200
789 0.048743
790 0.048368
791 0.047991
792 0.047380
793 0.046160
794 0.044912
795 0.045016
796 0.045046
797 0.044905
798 0.044710
799 0.044387
800 0.043506
801 0.042725
802 0.042652
803 0.042373
804 0.042491
805 0.043172
806 0.042158
807 0.042594
808 0.042548
809 0.042443
810 0.042415
811 0.040827
812 0.041569
813 0.041693
814 0.041164
815 0.041156
816 0.040668
817 0.040942
818 0.040980
819 0.039898
820 0.039758
821 0.039368
822 0.038503
823 0.037803
824 0.037756
825 0.036443
826 0.035263
827 0.035118
828 0.034163
829 0.033062
830 0.032464
831 0.031116
832 0.030703
833 0.030182
834 0.029639
835 0.028598
836 0.028317
837 0.028549
838 0.027484
839 0.027311
840 0.027444
841 0.028109
842 0.027696
843 0.027623
844 0.027257
845 0.026439
846 0.026554
847 0.026205
848 0.025827
849 0.025907
850 0.026308
851 0.026145
852 0.026340
853 0.025968
854 0.025072
855 0.025413
856 0.025829
857 0.024795
858 0.025011
859 0.025159
860 0.025282
861 0.025170
862 0.024810
863 0.024951
864 0.024940
865 0.025301
866 0.025252
867 0.025193
868 0.025325
869 0.025536
870 0.025028
871 0.025413
872 0.025708
873 0.024876
874 0.024664
875 0.024039
876 0.024575
877 0.024719
878 0.025005
879 0.024448
880 0.024552
881 0.025078
882 0.025505
883 0.025964
884 0.026431
885 0.026865
886 0.026506
887 0.025971
888 0.025690
889 0.025135
890 0.024952
891 0.024985
892 0.024854
893 0.024629
894 0.024313
895 0.024647
896 0.024965
897 0.024565
898 0.024572
899 0.024019
900 0.023968
901 0.023752
902 0.022990
903 0.022894
904 0.023218
905 0.023052
906 0.023047
907 0.022473
908 0.022022
909 0.021806
910 0.021589
911 0.021320
912 0.020799
913 0.020523
914 0.020533
915 0.020196
916 0.019679
917 0.019227
918 0.018892
919 0.018684
920 0.018413
921 0.018006
922 0.018086
923 0.017707
924 0.018052
925 0.017719
926 0.017577
927 0.017565
928 0.017428
929 0.017756
930 0.017721
931 0.017434
932 0.017206
933 0.016796
934 0.016607
935 0.016416
936 0.016204
937 0.016357
938 0.016264
939 0.015922
940 0.015852
941 0.015514
942 0.015195
943 0.015260
944 0.015275
945 0.014902
946 0.014630
947 0.014470
948 0.014503
949 0.013983
950 0.013801
951 0.013718
952 0.013572
953 0.013389
954 0.013142
955 0.012972
956 0.012732
957 0.012449
958 0.012258
959 0.012327
960 0.012087
961 0.012023
962 0.011549
963 0.011609
964 0.011458
965 0.011116
966 0.010871
967 0.010736
968 0.010369
969 0.010301
970 0.010164
971 0.009743
972 0.009741
973 0.009570
974 0.009201
975 0.009043
976 0.008867
977 0.008775
978 0.008620
979 0.008501
980 0.008409
981 0.008269
982 0.008133
983 0.007951
984 0.007739
985 0.007896
986 0.007627
987 0.007471
988 0.007387
989 0.007388
990 0.007178
991 0.007181
992 0.007153
993 0.006957
994 0.006911
995 0.006952
996 0.006698
997 0.006617
998 0.006518
999 0.006308
1000 0.006274
1001 0.006260
1002 0.006270
1003 0.006270
1004 0.006198
1005 0.006103
1006 0.006031
1007 0.005935
1008 0.005905
1009 0.005892
1010 0.005937
1011 0.006013
1012 0.006007
1013 0.005923
1014 0.005987
1015 0.005910
1016 0.005918
1017 0.006062
1018 0.006063
1019 0.005917
1020 0.005941
1021 0.005950
1022 0.006081
1023 0.006027
1024 0.005873
1025 0.005976
1026 0.005939
1027 0.005944
1028 0.005911
1029 0.005945
1030 0.005988
1031 0.006038
1032 0.005938
1033 0.006090
1034 0.006143
1035 0.006176
1036 0.006226
1037 0.006336
1038 0.006434
1039 0.006387
1040 0.006443
1041 0.006509
1042 0.006525
1043 0.006499
1044 0.006530
1045 0.006440
1046 0.006487
1047 0.006437
1048 0.006515
1049 0.006623
1050 0.006611
1051 0.006693
1052 0.006560
1053 0.006630
1054 0.006496
1055 0.006427
1056 0.006327
1057 0.006251
1058 0.006264
1059 0.006166
1060 0.006136
1061 0.006018
1062 0.005907
1063 0.005858
1064 0.005732
1065 0.005671
1066 0.005505
1067 0.005463
1068 0.005409
1069 0.005268
1070 0.005228
1071 0.005141
1072 0.005079
1073 0.005067
1074 0.005009
1075 0.004915
1076 0.004914
1077 0.004766
1078 0.004726
1079 0.004672
1080 0.004716
1081 0.004683
1082 0.004654
1083 0.004717
1084 0.004679
1085 0.004612
1086 0.004596
1087 0.004509
1088 0.004618
1089 0.004678
1090 0.004632
1091 0.004573
1092 0.004615
1093 0.004474
1094 0.004409
1095 0.004333
1096 0.004174
1097 0.004100
1098 0.004149
1099 0.004049
1100 0.004126
1101 0.004123
1102 0.004040
1103 0.003938
1104 0.003811
1105 0.003739
1106 0.003642
1107 0.003651
1108 0.003618
1109 0.003597
1110 0.003521
1111 0.003459
1112 0.003363
1113 0.003347
1114 0.003335
1115 0.003253
1116 0.003246
1117 0.003267
1118 0.003276
1119 0.003265
1120 0.003251
1121 0.003257
1122 0.003227
1123 0.003231
1124 0.003178
1125 0.003144
1126 0.003205
1127 0.003174
1128 0.003135
1129 0.003182
1130 0.003221
1131 0.003240
1132 0.003236
1133 0.003216
1134 0.003189
1135 0.003176
1136 0.003136
1137 0.003143
1138 0.003144
1139 0.003188
1140 0.003148
1141 0.003151
1142 0.003108
1143 0.003070
1144 0.003105
1145 0.003060
1146 0.002986
1147 0.002957
1148 0.002995
1149 0.002934
1150 0.002964
1151 0.003010
1152 0.002986
1153 0.002990
1154 0.002930
1155 0.002859
1156 0.002822
1157 0.002810
1158 0.002799
1159 0.002849
1160 0.002865
1161 0.002842
1162 0.002845
1163 0.002878
1164 0.002916
1165 0.002934
1166 0.002997
1167 0.003080
1168 0.003113
1169 0.003027
1170 0.002981
1171 0.002981
1172 0.002939
1173 0.002930
1174 0.002956
1175 0.002987
1176 0.003022
1177 0.003037
1178 0.002978
1179 0.002988
1180 0.002960
1181 0.002910
1182 0.002884
1183 0.002922
1184 0.002885
1185 0.002853
1186 0.002834
1187 0.002811
1188 0.002774
1189 0.002785
1190 0.002752
1191 0.002776
1192 0.002763
1193 0.002780
1194 0.002784
1195 0.002746
1196 0.002727
1197 0.002687
1198 0.002654
1199 0.002569
1200 0.002489
1201 0.002470
1202 0.002466
1203 0.002420
1204 0.002431
1205 0.002422
1206 0.002398
1207 0.002332
1208 0.002310
1209 0.002276
1210 0.002267
1211 0.002214
1212 0.002167
1213 0.002161
1214 0.002137
1215 0.002126
1216 0.002139
1217 0.002111
1218 0.002105
1219 0.002055
1220 0.002068
1221 0.002043
1222 0.001987
1223 0.001967
1224 0.001928
1225 0.001895
1226 0.001902
1227 0.001880
1228 0.001822
1229 0.001844
1230 0.001806
1231 0.001812
1232 0.001799
1233 0.001755
1234 0.001751
1235 0.001736
1236 0.001701
1237 0.001684
1238 0.001670
1239 0.001653
1240 0.001663
1241 0.001663
1242 0.001623
1243 0.001611
1244 0.001596
1245 0.001588
1246 0.001584
1247 0.001563
1248 0.001567
1249 0.001554
1250 0.001513
1251 0.001512
1252 0.001470
1253 0.001445
1254 0.001437
1255 0.001446
1256 0.001439
1257 0.001471
1258 0.001461
1259 0.001447
1260 0.001447
1261 0.001447
1262 0.001425
1263 0.001421
1264 0.001409
1265 0.001401
1266 0.001391
1267 0.001380
1268 0.001367
1269 0.001334
1270 0.001340
1271 0.001337
1272 0.001345
1273 0.001346
1274 0.001355
1275 0.001342
1276 0.001359
1277 0.001336
1278 0.001317
1279 0.001310
1280 0.001296
1281 0.001282
1282 0.001303
1283 0.001316
1284 0.001301
1285 0.001308
1286 0.001300
1287 0.001278
1288 0.001271
1289 0.001269
1290 0.001240
1291 0.001219
1292 0.001210
1293 0.001196
1294 0.001188
1295 0.001188
1296 0.001152
1297 0.001141
1298 0.001144
1299 0.001115
1300 0.001085
1301 0.001093
1302 0.001089
1303 0.001063
1304 0.001061
1305 0.001067
1306 0.001051
1307 0.001040
1308 0.001029
1309 0.001015
1310 0.001018
1311 0.001019
1312 0.001012
1313 0.001018
1314 0.001022
1315 0.001008
1316 0.000994
1317 0.000976
1318 0.000960
1319 0.000964
1320 0.000940
1321 0.000926
1322 0.000931
1323 0.000911
1324 0.000916
1325 0.000902
1326 0.000896
1327 0.000897
1328 0.000878
1329 0.000877
1330 0.000867
1331 0.000867
1332 0.000873
1333 0.000866
1334 0.000864
1335 0.000862
1336 0.000870
1337 0.000864
1338 0.000868
1339 0.000854
1340 0.000853
1341 0.000849
1342 0.000834
1343 0.000822
1344 0.000819
1345 0.000802
1346 0.000786
1347 0.000769
1348 0.000754
1349 0.000743
1350 0.000726
1351 0.000717
1352 0.000702
1353 0.000691
1354 0.000682
1355 0.000659
1356 0.000646
1357 0.000657
1358 0.000648
1359 0.000650
1360 0.000650
1361 0.000643
1362 0.000632
1363 0.000618
1364 0.000619
1365 0.000603
1366 0.000602
1367 0.000590
1368 0.000589
1369 0.000593
1370 0.000603
1371 0.000611
1372 0.000616
1373 0.000631
1374 0.000627
1375 0.000622
1376 0.000626
1377 0.000611
1378 0.000613
1379 0.000610
1380 0.000606
1381 0.000622
1382 0.000620
1383 0.000627
1384 0.000634
1385 0.000649
1386 0.000646
1387 0.000649
1388 0.000641
1389 0.000631
1390 0.000631
1391 0.000621
1392 0.000625
1393 0.000623
1394 0.000623
1395 0.000630
1396 0.000634
1397 0.000627
1398 0.000622
1399 0.000633
1400 0.000637
1401 0.000623
1402 0.000620
1403 0.000626
1404 0.000625
1405 0.000631
1406 0.000633
1407 0.000644
1408 0.000640
1409 0.000637
1410 0.000634
1411 0.000642
1412 0.000635
1413 0.000634
1414 0.000628
1415 0.000630
1416 0.000629
1417 0.000624
1418 0.000618
1419 0.000615
1420 0.000622
1421 0.000623
1422 0.000631
1423 0.000636
1424 0.000638
1425 0.000652
1426 0.000654
1427 0.000662
1428 0.000667
1429 0.000677
1430 0.000685
1431 0.000698
1432 0.000696
1433 0.000695
1434 0.000688
1435 0.000686
1436 0.000684
1437 0.000680
1438 0.000684
1439 0.000700
1440 0.000694
1441 0.000697
1442 0.000699
1443 0.000690
1444 0.000679
1445 0.000685
1446 0.000669
1447 0.000668
1448 0.000670
1449 0.000667
1450 0.000661
1451 0.000658
1452 0.000656
1453 0.000662
1454 0.000655
1455 0.000644
1456 0.000637
1457 0.000637
1458 0.000634
1459 0.000622
1460 0.000614
1461 0.000618
1462 0.000617
1463 0.000610
1464 0.000617
1465 0.000609
1466 0.000602
1467 0.000602
1468 0.000609
1469 0.000609
1470 0.000616
1471 0.000611
1472 0.000620
1473 0.000614
1474 0.000630
1475 0.000622
1476 0.000618
1477 0.000621
1478 0.000618
1479 0.000616
1480 0.000616
1481 0.000608
1482 0.000603
1483 0.000600
1484 0.000586
1485 0.000576
1486 0.000576
1487 0.000576
1488 0.000568
1489 0.000566
1490 0.000567
1491 0.000565
1492 0.000571
1493 0.000578
1494 0.000575
1495 0.000577
1496 0.000574
1497 0.000570
1498 0.000565
1499 0.000569
1500 0.000575
1501 0.000579
1502 0.000582
1503 0.000581
1504 0.000587
1505 0.000595
1506 0.000593
1507 0.000595
1508 0.000599
1509 0.000605
1510 0.000606
1511 0.000614
1512 0.000612
1513 0.000616
1514 0.000629
1515 0.000628
1516 0.000637
1517 0.000638
1518 0.000642
1519 0.000651
1520 0.000653
1521 0.000661
1522 0.000663
1523 0.000658
1524 0.000654
1525 0.000662
1526 0.000669
1527 0.000673
1528 0.000676
1529 0.000670
1530 0.000675
1531 0.000660
1532 0.000658
1533 0.000651
1534 0.000651
1535 0.000647
1536 0.000653
1537 0.000643
1538 0.000638
1539 0.000631
1540 0.000624
1541 0.000617
1542 0.000626
1543 0.000623
1544 0.000616
1545 0.000610
1546 0.000597
1547 0.000594
1548 0.000597
1549 0.000586
1550 0.000585
1551 0.000580
1552 0.000579
1553 0.000578
1554 0.000575
1555 0.000577
1556 0.000577
1557 0.000585
1558 0.000573
1559 0.000574
1560 0.000557
1561 0.000558
1562 0.000560
1563 0.000555
1564 0.000558
1565 0.000560
1566 0.000565
1567 0.000563
1568 0.000561
1569 0.000546
1570 0.000547
1571 0.000545
1572 0.000551
1573 0.000562
1574 0.000569
1575 0.000566
1576 0.000569
1577 0.000569
1578 0.000572
1579 0.000568
1580 0.000568
1581 0.000569
1582 0.000576
1583 0.000575
1584 0.000568
1585 0.000570
1586 0.000564
1587 0.000569
1588 0.000573
1589 0.000572
1590 0.000572
1591 0.000569
1592 0.000564
1593 0.000557
1594 0.000554
1595 0.000547
1596 0.000553
1597 0.000563
1598 0.000555
1599 0.000561
1600 0.000559
1601 0.000557
1602 0.000549
1603 0.000548
1604 0.000541
1605 0.000539
1606 0.000540
1607 0.000533
1608 0.000525
1609 0.000532
1610 0.000526
1611 0.000522
1612 0.000522
1613 0.000518
1614 0.000524
1615 0.000518
1616 0.000513
1617 0.000511
1618 0.000514
1619 0.000512
1620 0.000515
1621 0.000506
1622 0.000514
1623 0.000523
1624 0.000521
1625 0.000519
1626 0.000519
1627 0.000517
1628 0.000518
1629 0.000510
1630 0.000495
1631 0.000490
1632 0.000484
1633 0.000482
1634 0.000485
1635 0.000489
1636 0.000483
1637 0.000484
1638 0.000474
1639 0.000469
1640 0.000464
1641 0.000458
1642 0.000460
1643 0.000459
1644 0.000455
1645 0.000449
1646 0.000443
1647 0.000437
1648 0.000434
1649 0.000443
1650 0.000445
1651 0.000439
1652 0.000440
1653 0.000437
1654 0.000421
1655 0.000419
1656 0.000406
1657 0.000393
1658 0.000391
1659 0.000389
1660 0.000385
1661 0.000385
1662 0.000378
1663 0.000373
1664 0.000370
1665 0.000359
1666 0.000350
1667 0.000344
1668 0.000341
1669 0.000333
1670 0.000322
1671 0.000316
1672 0.000308
1673 0.000305
1674 0.000298
1675 0.000292
1676 0.000288
1677 0.000288
1678 0.000281
1679 0.000274
1680 0.000270
1681 0.000271
1682 0.000267
1683 0.000261
1684 0.000259
1685 0.000257
1686 0.000250
1687 0.000248
1688 0.000243
1689 0.000239
1690 0.000241
1691 0.000234
1692 0.000231
1693 0.000233
1694 0.000229
1695 0.000229
1696 0.000223
1697 0.000217
1698 0.000215
1699 0.000208
1700 0.000208
1701 0.000206
1702 0.000206
1703 0.000205
1704 0.000203
1705 0.000199
1706 0.000200
1707 0.000201
1708 0.000200
1709 0.000200
1710 0.000197
1711 0.000193
1712 0.000192
1713 0.000193
1714 0.000187
1715 0.000187
1716 0.000186
1717 0.000184
1718 0.000183
1719 0.000180
1720 0.000178
1721 0.000175
1722 0.000173
1723 0.000173
1724 0.000174
1725 0.000173
1726 0.000172
1727 0.000169
1728 0.000168
1729 0.000167
1730 0.000163
1731 0.000161
1732 0.000163
1733 0.000161
1734 0.000159
1735 0.000156
1736 0.000155
1737 0.000152
1738 0.000152
1739 0.000150
1740 0.000150
1741 0.000149
1742 0.000149
1743 0.000148
1744 0.000147
1745 0.000148
1746 0.000148
1747 0.000149
1748 0.000148
1749 0.000147
1750 0.000148
1751 0.000148
1752 0.000148
1753 0.000149
1754 0.000147
1755 0.000148
1756 0.000148
1757 0.000149
1758 0.000148
1759 0.000149
1760 0.000148
1761 0.000147
1762 0.000146
1763 0.000146
1764 0.000145
1765 0.000145
1766 0.000147
1767 0.000146
1768 0.000144
1769 0.000144
1770 0.000142
1771 0.000142
1772 0.000141
1773 0.000140
1774 0.000141
1775 0.000138
1776 0.000140
1777 0.000140
1778 0.000141
1779 0.000141
1780 0.000139
1781 0.000139
1782 0.000137
1783 0.000136
1784 0.000135
1785 0.000134
1786 0.000134
1787 0.000133
1788 0.000133
1789 0.000133
1790 0.000133
1791 0.000132
1792 0.000132
1793 0.000130
1794 0.000128
1795 0.000126
1796 0.000124
1797 0.000124
1798 0.000123
1799 0.000122
1800 0.000121
1801 0.000120
1802 0.000118
1803 0.000117
1804 0.000117
1805 0.000118
1806 0.000119
1807 0.000119
1808 0.000120
1809 0.000121
1810 0.000119
1811 0.000119
1812 0.000119
1813 0.000120
1814 0.000119
1815 0.000117
1816 0.000116
1817 0.000117
1818 0.000118
1819 0.000116
1820 0.000117
1821 0.000114
1822 0.000113
1823 0.000113
1824 0.000111
1825 0.000113
1826 0.000114
1827 0.000115
1828 0.000114
1829 0.000113
1830 0.000113
1831 0.000113
1832 0.000114
1833 0.000115
1834 0.000117
1835 0.000115
1836 0.000114
1837 0.000114
1838 0.000111
1839 0.000112
1840 0.000112
1841 0.000110
1842 0.000109
1843 0.000110
1844 0.000109
1845 0.000108
1846 0.000106
1847 0.000107
1848 0.000107
1849 0.000106
1850 0.000106
1851 0.000106
1852 0.000106
1853 0.000106
1854 0.000105
1855 0.000104
1856 0.000104
1857 0.000104
1858 0.000105
1859 0.000103
1860 0.000102
1861 0.000100
1862 0.000100
1863 0.000100
1864 0.000099
1865 0.000098
1866 0.000096
1867 0.000093
1868 0.000091
1869 0.000088
1870 0.000088
1871 0.000088
1872 0.000087
1873 0.000086
1874 0.000086
1875 0.000086
1876 0.000084
1877 0.000084
1878 0.000083
1879 0.000083
1880 0.000082
1881 0.000083
1882 0.000083
1883 0.000081
1884 0.000081
1885 0.000080
1886 0.000080
1887 0.000080
1888 0.000079
1889 0.000079
1890 0.000078
1891 0.000077
1892 0.000076
1893 0.000075
1894 0.000073
1895 0.000073
1896 0.000072
1897 0.000072
1898 0.000072
1899 0.000072
1900 0.000071
1901 0.000071
1902 0.000070
1903 0.000069
1904 0.000068
1905 0.000068
1906 0.000067
1907 0.000066
1908 0.000065
1909 0.000063
1910 0.000063
1911 0.000062
1912 0.000061
1913 0.000060
1914 0.000059
1915 0.000059
1916 0.000058
1917 0.000058
1918 0.000057
1919 0.000057
1920 0.000055
1921 0.000055
1922 0.000054
1923 0.000054
1924 0.000054
1925 0.000053
1926 0.000053
1927 0.000052
1928 0.000051
1929 0.000050
1930 0.000050
1931 0.000049
1932 0.000049
1933 0.000048
1934 0.000047
1935 0.000046
1936 0.000046
1937 0.000045
1938 0.000045
1939 0.000044
1940 0.000043
1941 0.000043
1942 0.000043
1943 0.000042
1944 0.000041
1945 0.000041
1946 0.000040
1947 0.000040
1948 0.000039
1949 0.000038
1950 0.000038
1951 0.000038
1952 0.000037
1953 0.000037
1954 0.000037
1955 0.000037
1956 0.000036
1957 0.000036
1958 0.000036
1959 0.000035
1960 0.000035
1961 0.000034
1962 0.000034
1963 0.000034
1964 0.000034
1965 0.000033
1966 0.000033
1967 0.000033
1968 0.000033
1969 0.000033
1970 0.000033
1971 0.000033
1972 0.000033
1973 0.000033
1974 0.000032
1975 0.000032
1976 0.000032
1977 0.000033
1978 0.000033
1979 0.000033
1980 0.000033
1981 0.000031
1982 0.000031
1983 0.000030
1984 0.000030
1985 0.000030
1986 0.000029
1987 0.000028
1988 0.000028
1989 0.000027
1990 0.000027
1991 0.000027
1992 0.000027
1993 0.000027
1994 0.000026
1995 0.000025
1996 0.000025
1997 0.000024
1998 0.000023
1999 0.000023
2000 0.000023
2001 0.000022
2002 0.000022
2003 0.000022
2004 0.000021
2005 0.000021
2006 0.000020
2007 0.000020
2008 0.000020
2009 0.000020
2010 0.000020
2011 0.000020
2012 0.000019
2013 0.000019
2014 0.000019
2015 0.000019
2016 0.000019
2017 0.000019
2018 0.000019
2019 0.000019
2020 0.000019
2021 0.000019
2022 0.000019
2023 0.000019
2024 0.000019
2025 0.000019
2026 0.000019
2027 0.000019
2028 0.000019
2029 0.000019
2030 0.000018
2031 0.000019
2032 0.000019
2033 0.000018
2034 0.000019
2035 0.000018
2036 0.000018
2037 0.000018
2038 0.000018
2039 0.000017
2040 0.000017
2041 0.000017
2042 0.000017
2043 0.000017
2044 0.000017
2045 0.000017
2046 0.000017
2047 0.000017
2048 0.000016
2049 0.000016
2050 0.000016
2051 0.000016
2052 0.000016
2053 0.000016
2054 0.000016
2055 0.000016
2056 0.000015
2057 0.000015
2058 0.000015
2059 0.000015
2060 0.000015
2061 0.000015
2062 0.000014
2063 0.000014
2064 0.000014
2065 0.000014
2066 0.000014
2067 0.000014
2068 0.000014
2069 0.000013
2070 0.000014
2071 0.000013
2072 0.000014
2073 0.000013
2074 0.000013
2075 0.000013
2076 0.000013
2077 0.000013
2078 0.000013
2079 0.000013
2080 0.000013
2081 0.000013
2082 0.000013
2083 0.000013
2084 0.000013
2085 0.000013
2086 0.000013
2087 0.000013
2088 0.000012
2089 0.000012
2090 0.000012
2091 0.000012
2092 0.000012
2093 0.000012
2094 0.000012
2095 0.000012
2096 0.000012
2097 0.000012
2098 0.000011
2099 0.000011
2100 0.000011
2101 0.000011
2102 0.000011
2103 0.000011
2104 0.000011
2105 0.000011
2106 0.000011
2107 0.000011
2108 0.000010
2109 0.000010
2110 0.000010
2111 0.000010
2112 0.000010
2113 0.000010
2114 0.000010
2115 0.000009
2116 0.000009
2117 0.000009
2118 0.000009
2119 0.000009
2120 0.000009
2121 0.000009
2122 0.000009
2123 0.000009
2124 0.000009
2125 0.000009
2126 0.000009
2127 0.000009
2128 0.000009
2129 0.000009
2130 0.000009
2131 0.000008
2132 0.000008
2133 0.000008
2134 0.000008
2135 0.000008
2136 0.000008
2137 0.000008
2138 0.000008
2139 0.000008
2140 0.000008
2141 0.000008
2142 0.000008
2143 0.000008
2144 0.000008
2145 0.000008
2146 0.000008
2147 0.000007
2148 0.000007
2149 0.000007
2150 0.000007
2151 0.000007
2152 0.000007
2153 0.000007
2154 0.000007
2155 0.000007
2156 0.000007
2157 0.000007
2158 0.000007
2159 0.000007
2160 0.000007
2161 0.000007
2162 0.000006
2163 0.000007
2164 0.000006
2165 0.000006
2166 0.000006
2167 0.000006
2168 0.000006
2169 0.000006
2170 0.000006
2171 0.000006
2172 0.000006
2173 0.000006
2174 0.000006
2175 0.000006
2176 0.000006
2177 0.000006
2178 0.000006
2179 0.000006
2180 0.000006
2181 0.000006
2182 0.000006
2183 0.000005
2184 0.000005
2185 0.000005
2186 0.000005
2187 0.000005
2188 0.000005
2189 0.000005
2190 0.000005
2191 0.000005
2192 0.000005
2193 0.000005
2194 0.000005
2195 0.000005
2196 0.000005
2197 0.000005
2198 0.000005
2199 0.000005
2200 0.000005
2201 0.000005
2202 0.000005
2203 0.000005
2204 0.000005
2205 0.000005
2206 0.000005
2207 0.000005
2208 0.000005
2209 0.000005
2210 0.000005
2211 0.000005
2212 0.000004
2213 0.000005
2214 0.000005
2215 0.000005
2216 0.000004
2217 0.000004
2218 0.000004
2219 0.000005
2220 0.000005
2221 0.000005
2222 0.000005
2223 0.000005
2224 0.000005
2225 0.000005
2226 0.000005
2227 0.000005
2228 0.000005
2229 0.000005
2230 0.000005
2231 0.000005
2232 0.000005
2233 0.000005
2234 0.000005
2235 0.000005
2236 0.000005
2237 0.000005
2238 0.000005
2239 0.000005
2240 0.000005
2241 0.000005
2242 0.000005
2243 0.000005
2244 0.000005
2245 0.000005
2246 0.000005
2247 0.000005
2248 0.000005
2249 0.000005
2250 0.000005
2251 0.000005
2252 0.000005
2253 0.000005
2254 0.000005
2255 0.000005
2256 0.000005
2257 0.000005
2258 0.000005
2259 0.000005
2260 0.000005
2261 0.000005
2262 0.000005
2263 0.000005
2264 0.000005
2265 0.000005
2266 0.000005
2267 0.000005
2268 0.000005
2269 0.000005
2270 0.000005
2271 0.000005
2272 0.000005
2273 0.000005
2274 0.000005
2275 0.000005
2276 0.000005
2277 0.000005
2278 0.000005
2279 0.000005
2280 0.000005
2281 0.000005
2282 0.000005
2283 0.000005
2284 0.000005
2285 0.000005
2286 0.000005
2287 0.000005
2288 0.000005
2289 0.000005
2290 0.000005
2291 0.000005
2292 0.000005
2293 0.000005
2294 0.000005
2295 0.000005
2296 0.000005
2297 0.000005
2298 0.000005
2299 0.000005
2300 0.000005
2301 0.000005
2302 0.000005
2303 0.000005
2304 0.000005
2305 0.000005
2306 0.000006
2307 0.000006
2308 0.000006
2309 0.000006
2310 0.000006
2311 0.000006
2312 0.000006
2313 0.000006
2314 0.000006
2315 0.000006
2316 0.000006
2317 0.000006
2318 0.000006
2319 0.000006
2320 0.000006
2321 0.000006
2322 0.000005
2323 0.000006
2324 0.000006
2325 0.000006
2326 0.000005
2327 0.000005
2328 0.000006
2329 0.000006
2330 0.000006
2331 0.000006
2332 0.000005
2333 0.000005
2334 0.000005
2335 0.000005
2336 0.000005
2337 0.000006
2338 0.000006
2339 0.000006
2340 0.000006
2341 0.000006
2342 0.000006
2343 0.000006
2344 0.000006
2345 0.000006
2346 0.000006
2347 0.000006
2348 0.000006
2349 0.000006
2350 0.000006
2351 0.000006
2352 0.000006
2353 0.000006
2354 0.000006
2355 0.000006
2356 0.000006
2357 0.000006
2358 0.000006
2359 0.000006
2360 0.000006
2361 0.000006
2362 0.000006
2363 0.000006
2364 0.000006
2365 0.000006
2366 0.000006
2367 0.000006
2368 0.000006
2369 0.000006
2370 0.000006
2371 0.000006
2372 0.000005
2373 0.000005
2374 0.000005
2375 0.000005
2376 0.000006
2377 0.000006
2378 0.000006
2379 0.000006
2380 0.000006
2381 0.000005
2382 0.000005
2383 0.000006
2384 0.000006
2385 0.000006
2386 0.000005
2387 0.000005
2388 0.000006
2389 0.000006
2390 0.000005
2391 0.000005
2392 0.000005
2393 0.000005
2394 0.000005
2395 0.000005
2396 0.000005
2397 0.000005
2398 0.000005
2399 0.000005
2400 0.000005
2401 0.000005
2402 0.000005
2403 0.000005
2404 0.000005
2405 0.000005
2406 0.000005
2407 0.000005
2408 0.000005
2409 0.000005
2410 0.000005
2411 0.000005
2412 0.000005
2413 0.000005
2414 0.000005
2415 0.000005
2416 0.000005
2417 0.000005
2418 0.000005
2419 0.000005
2420 0.000005
2421 0.000005
2422 0.000005
2423 0.000005
2424 0.000005
2425 0.000005
2426 0.000005
2427 0.000005
2428 0.000005
2429 0.000005
2430 0.000005
2431 0.000005
2432 0.000005
2433 0.000005
2434 0.000005
2435 0.000005
2436 0.000005
2437 0.000005
2438 0.000005
2439 0.000005
2440 0.000005
2441 0.000004
2442 0.000004
2443 0.000004
2444 0.000004
2445 0.000004
2446 0.000004
2447 0.000004
2448 0.000004
2449 0.000004
2450 0.000004
2451 0.000004
2452 0.000004
2453 0.000004
2454 0.000004
2455 0.000004
2456 0.000004
2457 0.000004
2458 0.000004
2459 0.000004
2460 0.000004
2461 0.000004
2462 0.000004
2463 0.000004
2464 0.000004
2465 0.000004
2466 0.000004
2467 0.000003
2468 0.000003
2469 0.000003
2470 0.000003
2471 0.000003
2472 0.000003
2473 0.000003
2474 0.000003
2475 0.000003
2476 0.000003
2477 0.000003
2478 0.000003
2479 0.000003
2480 0.000003
2481 0.000003
2482 0.000003
2483 0.000003
2484 0.000003
2485 0.000003
2486 0.000003
2487 0.000003
2488 0.000003
2489 0.000003
2490 0.000003
2491 0.000003
2492 0.000003
2493 0.000003
2494 0.000003
2495 0.000002
2496 0.000002
2497 0.000002
2498 0.000002
2499 0.000002
2500 0.000002
2501 0.000002
2502 0.000002
2503 0.000002
2504 0.000002
2505 0.000002
2506 0.000002
2507 0.000002
2508 0.000002
2509 0.000002
2510 0.000002
2511 0.000002
2512 0.000002
2513 0.000002
2514 0.000002
2515 0.000002
2516 0.000002
2517 0.000002
2518 0.000002
2519 0.000002
2520 0.000002
2521 0.000002
2522 0.000002
2523 0.000002
2524 0.000002
2525 0.000002
2526 0.000002
2527 0.000002
2528 0.000002
2529 0.000002
2530 0.000002
2531 0.000002
2532 0.000002
2533 0.000002
2534 0.000002
2535 0.000002
2536 0.000002
2537 0.000002
2538 0.000002
2539 0.000002
2540 0.000002
2541 0.000002
2542 0.000002
2543 0.000002
2544 0.000002
2545 0.000002
2546 0.000002
2547 0.000002
2548 0.000002
2549 0.000002
2550 0.000002
2551 0.000002
2552 0.000002
2553 0.000002
2554 0.000002
2555 0.000002
2556 0.000002
2557 0.000002
2558 0.000002
2559 0.000002
2560 0.000002
2561 0.000002
2562 0.000002
2563 0.000002
2564 0.000002
2565 0.000002
2566 0.000002
2567 0.000002
2568 0.000002
2569 0.000002
2570 0.000002
2571 0.000002
2572 0.000002
2573 0.000002
2574 0.000002
2575 0.000002
2576 0.000001
2577 0.000001
2578 0.000001
2579 0.000001
2580 0.000001
2581 0.000001
2582 0.000001
2583 0.000001
2584 0.000001
2585 0.000001
2586 0.000001
2587 0.000001
2588 0.000001
2589 0.000001
2590 0.000001
2591 0.000001
2592 0.000001
2593 0.000001
2594 0.000001
2595 0.000001
2596 0.000001
2597 0.000001
2598 0.000001
2599 0.000001
2600 0.000001
2601 0.000001
2602 0.000001
2603 0.000001
2604 0.000001
2605 0.000001
2606 0.000001
2607 0.000001
2608 0.000001
2609 0.000001
2610 0.000001
2611 0.000001
2612 0.000001
2613 0.000001
2614 0.000001
2615 0.000001
2616 0.000001
2617 0.000001
2618 0.000001
2619 0.000001
2620 0.000001
2621 0.000001
2622 0.000001
2623 0.000001
2624 0.000001
2625 0.000001
2626 0.000001
2627 0.000001
2628 0.000001
2629 0.000001
2630 0.000001
2631 0.000001
2632 0.000001
2633 0.000001
2634 0.000001
2635 0.000001
2636 0.000001
2637 0.000001
2638 0.000001
2639 0.000001
2640 0.000001
2641 0.000001
2642 0.000001
2643 0.000001
2644 0.000001
2645 0.000001
2646 0.000001
2647 0.000001
2648 0.000001
2649 0.000001
2650 0.000001
2651 0.000001
2652 0.000001
2653 0.000001
2654 0.000001
2655 0.000001
2656 0.000001
2657 0.000001
2658 0.000001
2659 0.000001
2660 0.000001
2661 0.000001
2662 0.000001
