#ite residual of mtx/G3_circuit.mtx
1 10.445805
2 6.745768
3 6.222215
4 6.043430
5 5.831051
6 5.162669
7 5.175114
8 4.483191
9 3.858798
10 3.466648
11 2.588875
12 1.722312
13 1.582345
14 1.497746
15 1.422992
16 2.414883
17 2.151894
18 1.904320
19 1.800396
20 1.848659
21 1.281930
22 1.215143
23 0.984390
24 1.017785
25 1.123382
26 1.350674
27 1.354722
28 1.328171
29 1.380959
30 1.234204
31 1.230798
32 1.247030
33 1.160777
34 1.214241
35 1.336438
36 1.465982
37 1.631130
38 1.290605
39 1.099851
40 0.980173
41 0.816904
42 0.739729
43 0.667850
44 0.602868
45 0.526922
46 0.555201
47 0.613516
48 0.588736
49 0.565450
50 0.448810
51 0.461932
52 0.443144
53 0.452567
54 0.439179
55 0.425454
56 0.421231
57 0.428847
58 0.495379
59 0.443244
60 0.380153
61 0.341746
62 0.308792
63 0.346262
64 0.358722
65 0.356009
66 0.357898
67 0.356115
68 0.361860
69 0.320298
70 0.303387
71 0.262646
72 0.254460
73 0.262044
74 0.248996
75 0.223501
76 0.196170
77 0.176985
78 0.177888
79 0.156259
80 0.151065
81 0.153614
82 0.147394
83 0.145048
84 0.138139
85 0.149926
86 0.154287
87 0.162358
88 0.162812
89 0.145865
90 0.138279
91 0.134385
92 0.117926
93 0.110992
94 0.100675
95 0.096510
96 0.096494
97 0.089710
98 0.089819
99 0.087328
100 0.081806
101 0.087600
102 0.092738
103 0.100315
104 0.107234
105 0.100919
106 0.106669
107 0.102169
108 0.113050
109 0.110954
110 0.112709
111 0.117717
112 0.121881
113 0.119679
114 0.123898
115 0.119620
116 0.123929
117 0.128189
118 0.134481
119 0.127314
120 0.116194
121 0.115614
122 0.121920
123 0.116815
124 0.118804
125 0.116462
126 0.112264
127 0.119006
128 0.120463
129 0.112624
130 0.113614
131 0.117657
132 0.119243
133 0.119409
134 0.119233
135 0.117502
136 0.105842
137 0.101414
138 0.095854
139 0.087799
140 0.083422
141 0.080814
142 0.076962
143 0.077211
144 0.078254
145 0.081104
146 0.079041
147 0.075060
148 0.079866
149 0.081487
150 0.079249
151 0.083285
152 0.080761
153 0.076884
154 0.074566
155 0.073464
156 0.072949
157 0.070853
158 0.071215
159 0.071098
160 0.071116
161 0.070680
162 0.071432
163 0.075011
164 0.079874
165 0.076903
166 0.072898
167 0.071456
168 0.070271
169 0.071718
170 0.075181
171 0.078855
172 0.083934
173 0.080908
174 0.086415
175 0.089864
176 0.089068
177 0.088091
178 0.094220
179 0.089552
180 0.089778
181 0.087038
182 0.089570
183 0.084220
184 0.082695
185 0.083927
186 0.084317
187 0.085723
188 0.079431
189 0.077819
190 0.080040
191 0.080968
192 0.083530
193 0.085255
194 0.077559
195 0.075797
196 0.068367
197 0.067105
198 0.066599
199 0.063343
200 0.066269
201 0.067841
202 0.068967
203 0.066281
204 0.061501
205 0.062236
206 0.059868
207 0.057813
208 0.057821
209 0.055525
210 0.052043
211 0.054396
212 0.054359
213 0.053493
214 0.052151
215 0.053485
216 0.053365
217 0.053211
218 0.051063
219 0.051651
220 0.049955
221 0.050823
222 0.050881
223 0.050137
224 0.049217
225 0.046138
226 0.046184
227 0.045768
228 0.045656
229 0.045799
230 0.046471
231 0.045738
232 0.045178
233 0.045982
234 0.046498
235 0.046274
236 0.043908
237 0.043509
238 0.044811
239 0.044009
240 0.043333
241 0.043366
242 0.043759
243 0.043780
244 0.042449
245 0.040967
246 0.040539
247 0.038893
248 0.039965
249 0.042879
250 0.042941
251 0.044393
252 0.045208
253 0.044588
254 0.043448
255 0.042356
256 0.040705
257 0.040209
258 0.038375
259 0.040344
260 0.039391
261 0.040050
262 0.038067
263 0.037559
264 0.036261
265 0.036282
266 0.035734
267 0.035942
268 0.033767
269 0.034757
270 0.034076
271 0.035157
272 0.033579
273 0.032818
274 0.031197
275 0.031446
276 0.030181
277 0.028844
278 0.028236
279 0.027994
280 0.028027
281 0.028145
282 0.027769
283 0.026018
284 0.024705
285 0.023716
286 0.023741
287 0.022394
288 0.021301
289 0.020958
290 0.021010
291 0.020614
292 0.021266
293 0.020008
294 0.019378
295 0.020020
296 0.020220
297 0.019895
298 0.019279
299 0.018399
300 0.018500
301 0.017605
302 0.016666
303 0.016060
304 0.015338
305 0.014669
306 0.015429
307 0.014734
308 0.014980
309 0.015159
310 0.014992
311 0.014842
312 0.014585
313 0.014523
314 0.013920
315 0.013577
316 0.013902
317 0.013773
318 0.013541
319 0.013730
320 0.013745
321 0.013352
322 0.012800
323 0.012498
324 0.012443
325 0.012126
326 0.011905
327 0.011869
328 0.011866
329 0.011662
330 0.011539
331 0.010812
332 0.010788
333 0.010647
334 0.010802
335 0.010584
336 0.010331
337 0.010462
338 0.010148
339 0.010294
340 0.010205
341 0.009970
342 0.009818
343 0.009539
344 0.009413
345 0.009185
346 0.008725
347 0.008370
348 0.008022
349 0.007978
350 0.007986
351 0.007847
352 0.007679
353 0.007559
354 0.007648
355 0.007483
356 0.007349
357 0.007019
358 0.007093
359 0.007055
360 0.007129
361 0.006768
362 0.006647
363 0.006397
364 0.006272
365 0.006155
366 0.006141
367 0.006098
368 0.005940
369 0.005776
370 0.005690
371 0.005431
372 0.005270
373 0.005051
374 0.004993
375 0.005025
376 0.004991
377 0.005007
378 0.004946
379 0.004687
380 0.004621
381 0.004458
382 0.004240
383 0.004180
384 0.004213
385 0.004218
386 0.004296
387 0.004302
388 0.004260
389 0.004237
390 0.004092
391 0.004103
392 0.004022
393 0.004043
394 0.003961
395 0.003939
396 0.003938
397 0.003869
398 0.003812
399 0.003839
400 0.003773
401 0.003895
402 0.003840
403 0.003779
404 0.003612
405 0.003434
406 0.003429
407 0.003428
408 0.003294
409 0.003258
410 0.003221
411 0.003245
412 0.003290
413 0.003186
414 0.003170
415 0.003078
416 0.003034
417 0.003035
418 0.002968
419 0.003046
420 0.002932
421 0.002925
422 0.003014
423 0.002928
424 0.002807
425 0.002713
426 0.002689
427 0.002723
428 0.002606
429 0.002523
430 0.002384
431 0.002424
432 0.002389
433 0.002377
434 0.002484
435 0.002518
436 0.002551
437 0.002541
438 0.002442
439 0.002354
440 0.002267
441 0.002204
442 0.002178
443 0.002175
444 0.002175
445 0.002130
446 0.002040
447 0.002020
448 0.002019
449 0.002004
450 0.002003
451 0.001976
452 0.001891
453 0.001823
454 0.001789
455 0.001727
456 0.001679
457 0.001617
458 0.001623
459 0.001631
460 0.001617
461 0.001611
462 0.001548
463 0.001535
464 0.001569
465 0.001528
466 0.001549
467 0.001509
468 0.001422
469 0.001394
470 0.001330
471 0.001307
472 0.001258
473 0.001274
474 0.001270
475 0.001269
476 0.001225
477 0.001150
478 0.001149
479 0.001115
480 0.001087
481 0.001113
482 0.001092
483 0.001065
484 0.001028
485 0.000961
486 0.000962
487 0.000908
488 0.000857
489 0.000841
490 0.000816
491 0.000810
492 0.000799
493 0.000774
494 0.000777
495 0.000750
496 0.000729
497 0.000715
498 0.000685
499 0.000646
500 0.000616
501 0.000577
502 0.000580
503 0.000554
504 0.000536
505 0.000540
506 0.000529
507 0.000558
508 0.000558
509 0.000567
510 0.000561
511 0.000558
512 0.000557
513 0.000548
514 0.000517
515 0.000500
516 0.000493
517 0.000503
518 0.000504
519 0.000499
520 0.000486
521 0.000494
522 0.000506
523 0.000507
524 0.000504
525 0.000492
526 0.000482
527 0.000473
528 0.000469
529 0.000459
530 0.000468
531 0.000463
532 0.000476
533 0.000482
534 0.000480
535 0.000485
536 0.000474
537 0.000479
538 0.000491
539 0.000502
540 0.000509
541 0.000514
542 0.000513
543 0.000521
544 0.000533
545 0.000545
546 0.000530
547 0.000545
548 0.000543
549 0.000545
550 0.000559
551 0.000576
552 0.000585
553 0.000607
554 0.000602
555 0.000599
556 0.000606
557 0.000588
558 0.000598
559 0.000634
560 0.000659
561 0.000676
562 0.000685
563 0.000685
564 0.000690
565 0.000700
566 0.000693
567 0.000715
568 0.000694
569 0.000677
570 0.000679
571 0.000679
572 0.000667
573 0.000668
574 0.000669
575 0.000663
576 0.000662
577 0.000651
578 0.000635
579 0.000651
580 0.000647
581 0.000662
582 0.000664
583 0.000659
584 0.000649
585 0.000663
586 0.000657
587 0.000676
588 0.000676
589 0.000683
590 0.000674
591 0.000685
592 0.000671
593 0.000672
594 0.000667
595 0.000669
596 0.000669
597 0.000677
598 0.000674
599 0.000657
600 0.000652
601 0.000660
602 0.000669
603 0.000660
604 0.000657
605 0.000656
606 0.000645
607 0.000652
608 0.000640
609 0.000621
610 0.000614
611 0.000619
612 0.000614
613 0.000598
614 0.000581
615 0.000582
616 0.000568
617 0.000569
618 0.000565
619 0.000557
620 0.000551
621 0.000553
622 0.000539
623 0.000534
624 0.000515
625 0.000504
626 0.000494
627 0.000486
628 0.000467
629 0.000459
630 0.000440
631 0.000439
632 0.000426
633 0.000422
634 0.000416
635 0.000410
636 0.000400
637 0.000393
638 0.000383
639 0.000387
640 0.000377
641 0.000384
642 0.000379
643 0.000375
644 0.000375
645 0.000362
646 0.000347
647 0.000343
648 0.000329
649 0.000323
650 0.000309
651 0.000302
652 0.000298
653 0.000294
654 0.000285
655 0.000283
656 0.000279
657 0.000275
658 0.000273
659 0.000269
660 0.000255
661 0.000259
662 0.000249
663 0.000243
664 0.000247
665 0.000248
666 0.000249
667 0.000252
668 0.000250
669 0.000253
670 0.000257
671 0.000251
672 0.000249
673 0.000247
674 0.000242
675 0.000239
676 0.000235
677 0.000238
678 0.000237
679 0.000234
680 0.000239
681 0.000246
682 0.000251
683 0.000253
684 0.000246
685 0.000247
686 0.000248
687 0.000243
688 0.000238
689 0.000234
690 0.000238
691 0.000235
692 0.000228
693 0.000222
694 0.000224
695 0.000218
696 0.000214
697 0.000210
698 0.000207
699 0.000203
700 0.000203
701 0.000201
702 0.000201
703 0.000201
704 0.000196
705 0.000197
706 0.000194
707 0.000192
708 0.000190
709 0.000183
710 0.000182
711 0.000178
712 0.000177
713 0.000175
714 0.000177
715 0.000173
716 0.000172
717 0.000165
718 0.000164
719 0.000156
720 0.000148
721 0.000145
722 0.000141
723 0.000144
724 0.000140
725 0.000136
726 0.000135
727 0.000134
728 0.000132
729 0.000133
730 0.000133
731 0.000132
732 0.000127
733 0.000123
734 0.000119
735 0.000116
736 0.000114
737 0.000110
738 0.000111
739 0.000112
740 0.000109
741 0.000107
742 0.000104
743 0.000103
744 0.000102
745 0.000099
746 0.000098
747 0.000098
748 0.000095
749 0.000093
750 0.000092
751 0.000089
752 0.000088
753 0.000085
754 0.000085
755 0.000083
756 0.000082
757 0.000080
758 0.000079
759 0.000077
760 0.000075
761 0.000072
762 0.000074
763 0.000073
764 0.000075
765 0.000076
766 0.000075
767 0.000074
768 0.000072
769 0.000072
770 0.000071
771 0.000071
772 0.000070
773 0.000072
774 0.000072
775 0.000073
776 0.000075
777 0.000075
778 0.000074
779 0.000073
780 0.000072
781 0.000071
782 0.000071
783 0.000070
784 0.000068
785 0.000067
786 0.000067
787 0.000067
788 0.000067
789 0.000066
790 0.000066
791 0.000064
792 0.000063
793 0.000063
794 0.000062
795 0.000063
796 0.000064
797 0.000063
798 0.000064
799 0.000064
800 0.000063
801 0.000064
802 0.000062
803 0.000064
804 0.000064
805 0.000064
806 0.000065
807 0.000065
808 0.000066
809 0.000067
810 0.000065
811 0.000066
812 0.000066
813 0.000066
814 0.000065
815 0.000066
816 0.000065
817 0.000063
818 0.000063
819 0.000062
820 0.000060
821 0.000059
822 0.000057
823 0.000057
824 0.000056
825 0.000055
826 0.000053
827 0.000052
828 0.000052
829 0.000050
830 0.000049
831 0.000048
832 0.000049
833 0.000049
834 0.000049
835 0.000048
836 0.000046
837 0.000045
838 0.000044
839 0.000043
840 0.000043
841 0.000043
842 0.000042
843 0.000042
844 0.000041
845 0.000039
846 0.000039
847 0.000039
848 0.000037
849 0.000037
850 0.000037
851 0.000036
852 0.000035
853 0.000035
854 0.000034
855 0.000034
856 0.000034
857 0.000033
858 0.000033
859 0.000032
860 0.000032
861 0.000031
862 0.000031
863 0.000031
864 0.000030
865 0.000029
866 0.000028
867 0.000028
868 0.000027
869 0.000027
870 0.000026
871 0.000026
872 0.000026
873 0.000026
874 0.000026
875 0.000026
876 0.000027
877 0.000026
878 0.000025
879 0.000024
880 0.000024
881 0.000023
882 0.000023
883 0.000023
884 0.000022
885 0.000022
886 0.000022
887 0.000022
888 0.000021
889 0.000021
890 0.000020
891 0.000020
892 0.000020
893 0.000019
894 0.000019
895 0.000019
896 0.000019
897 0.000019
898 0.000018
899 0.000018
900 0.000018
901 0.000017
902 0.000017
903 0.000017
904 0.000017
905 0.000016
906 0.000016
907 0.000015
908 0.000015
909 0.000015
910 0.000014
911 0.000014
912 0.000014
913 0.000014
914 0.000013
915 0.000013
916 0.000013
917 0.000013
918 0.000013
919 0.000013
920 0.000013
921 0.000013
922 0.000013
923 0.000013
924 0.000013
925 0.000012
926 0.000012
927 0.000012
928 0.000012
929 0.000012
930 0.000012
931 0.000012
932 0.000012
933 0.000012
934 0.000012
935 0.000012
936 0.000012
937 0.000012
938 0.000012
939 0.000013
940 0.000012
941 0.000012
942 0.000012
943 0.000013
944 0.000013
945 0.000013
946 0.000013
947 0.000013
948 0.000013
949 0.000013
950 0.000013
951 0.000013
952 0.000013
953 0.000013
954 0.000013
955 0.000014
956 0.000014
957 0.000013
958 0.000014
959 0.000014
960 0.000014
961 0.000014
962 0.000014
963 0.000014
964 0.000014
965 0.000014
966 0.000014
967 0.000013
968 0.000014
969 0.000014
970 0.000014
971 0.000014
972 0.000014
973 0.000014
974 0.000013
975 0.000013
976 0.000014
977 0.000013
978 0.000013
979 0.000013
980 0.000013
981 0.000013
982 0.000013
983 0.000013
984 0.000013
985 0.000013
986 0.000013
987 0.000013
988 0.000013
989 0.000012
990 0.000012
991 0.000012
992 0.000012
993 0.000012
994 0.000012
995 0.000012
996 0.000011
997 0.000011
998 0.000011
999 0.000011
1000 0.000011
1001 0.000011
1002 0.000011
1003 0.000011
1004 0.000010
1005 0.000010
1006 0.000010
1007 0.000010
1008 0.000010
1009 0.000010
1010 0.000010
1011 0.000010
1012 0.000010
1013 0.000010
1014 0.000010
1015 0.000009
1016 0.000009
1017 0.000009
1018 0.000009
1019 0.000009
1020 0.000009
1021 0.000009
1022 0.000008
1023 0.000008
1024 0.000008
1025 0.000008
1026 0.000008
1027 0.000008
1028 0.000008
1029 0.000008
1030 0.000008
1031 0.000008
1032 0.000008
1033 0.000008
1034 0.000008
1035 0.000008
1036 0.000008
1037 0.000008
1038 0.000008
1039 0.000008
1040 0.000008
1041 0.000008
1042 0.000008
1043 0.000008
1044 0.000008
1045 0.000008
1046 0.000008
1047 0.000008
1048 0.000008
1049 0.000008
1050 0.000008
1051 0.000008
1052 0.000008
1053 0.000008
1054 0.000008
1055 0.000007
1056 0.000007
1057 0.000007
1058 0.000007
1059 0.000007
1060 0.000007
1061 0.000007
1062 0.000007
1063 0.000007
1064 0.000007
1065 0.000007
1066 0.000007
1067 0.000007
1068 0.000006
1069 0.000006
1070 0.000006
1071 0.000006
1072 0.000006
1073 0.000006
1074 0.000006
1075 0.000006
1076 0.000006
1077 0.000006
1078 0.000006
1079 0.000006
1080 0.000007
1081 0.000007
1082 0.000007
1083 0.000007
1084 0.000007
1085 0.000007
1086 0.000006
1087 0.000006
1088 0.000006
1089 0.000006
1090 0.000006
1091 0.000006
1092 0.000006
1093 0.000006
1094 0.000006
1095 0.000006
1096 0.000006
1097 0.000006
1098 0.000006
1099 0.000006
1100 0.000006
1101 0.000006
1102 0.000006
1103 0.000005
1104 0.000005
1105 0.000005
1106 0.000005
1107 0.000005
1108 0.000005
1109 0.000005
1110 0.000005
1111 0.000005
1112 0.000005
1113 0.000005
1114 0.000005
1115 0.000005
1116 0.000005
1117 0.000005
1118 0.000005
1119 0.000004
1120 0.000004
1121 0.000004
1122 0.000004
1123 0.000004
1124 0.000004
1125 0.000004
1126 0.000004
1127 0.000004
1128 0.000004
1129 0.000004
1130 0.000004
1131 0.000004
1132 0.000004
1133 0.000004
1134 0.000004
1135 0.000004
1136 0.000004
1137 0.000004
1138 0.000003
1139 0.000003
1140 0.000003
1141 0.000003
1142 0.000003
1143 0.000003
1144 0.000003
1145 0.000003
1146 0.000003
1147 0.000003
1148 0.000003
1149 0.000003
1150 0.000003
1151 0.000003
1152 0.000003
1153 0.000003
1154 0.000003
1155 0.000003
1156 0.000002
1157 0.000002
1158 0.000003
1159 0.000002
1160 0.000002
1161 0.000002
1162 0.000002
1163 0.000002
1164 0.000002
1165 0.000002
1166 0.000002
1167 0.000002
1168 0.000002
1169 0.000002
1170 0.000002
1171 0.000002
1172 0.000002
1173 0.000002
1174 0.000002
1175 0.000002
1176 0.000002
1177 0.000002
1178 0.000002
1179 0.000002
1180 0.000002
1181 0.000002
1182 0.000002
1183 0.000002
1184 0.000002
1185 0.000002
1186 0.000002
1187 0.000002
1188 0.000002
1189 0.000002
1190 0.000002
1191 0.000002
1192 0.000002
1193 0.000002
1194 0.000002
1195 0.000002
1196 0.000002
1197 0.000002
1198 0.000002
1199 0.000002
1200 0.000002
1201 0.000002
1202 0.000002
1203 0.000002
1204 0.000002
1205 0.000002
1206 0.000002
1207 0.000002
1208 0.000002
1209 0.000002
1210 0.000001
1211 0.000002
1212 0.000002
1213 0.000001
1214 0.000001
1215 0.000001
1216 0.000001
1217 0.000001
1218 0.000001
1219 0.000001
1220 0.000001
1221 0.000001
1222 0.000001
1223 0.000001
1224 0.000001
1225 0.000001
1226 0.000001
1227 0.000001
1228 0.000001
1229 0.000001
1230 0.000001
1231 0.000001
1232 0.000001
1233 0.000001
1234 0.000001
1235 0.000001
1236 0.000001
1237 0.000001
1238 0.000001
1239 0.000001
1240 0.000001
1241 0.000001
1242 0.000001
1243 0.000001
1244 0.000001
1245 0.000001
1246 0.000001
1247 0.000001
1248 0.000001
1249 0.000001
1250 0.000001
1251 0.000001
1252 0.000001
1253 0.000001
