#ite residual of mtx/G3_circuit.mtx
1 21.270887
2 13.703242
3 19.779772
4 21.406574
5 17.855847
6 13.158751
7 11.597422
8 8.923699
9 10.679779
10 10.818596
11 9.053931
12 8.586789
13 10.119389
14 9.887502
15 7.344355
16 5.473053
17 3.036183
18 2.431359
19 1.360141
20 1.356998
21 1.072018
22 0.914092
23 0.710686
24 0.500541
25 0.490708
26 0.478925
27 0.522049
28 0.536583
29 0.480318
30 0.448889
31 0.400687
32 0.343893
33 0.499112
34 0.629084
35 0.498912
36 0.531743
37 0.415127
38 0.414621
39 0.395264
40 0.341408
41 0.333973
42 0.231994
43 0.224919
44 0.180294
45 0.160092
46 0.160212
47 0.158710
48 0.183507
49 0.172504
50 0.181856
51 0.157905
52 0.195930
53 0.219603
54 0.197146
55 0.211844
56 0.199251
57 0.165548
58 0.147589
59 0.123067
60 0.124558
61 0.120492
62 0.099497
63 0.076874
64 0.075118
65 0.074066
66 0.081069
67 0.075780
68 0.078347
69 0.082825
70 0.095968
71 0.085686
72 0.087310
73 0.092851
74 0.091218
75 0.096106
76 0.082372
77 0.082067
78 0.075857
79 0.067922
80 0.067250
81 0.060963
82 0.063042
83 0.064629
84 0.055794
85 0.059667
86 0.058669
87 0.062825
88 0.067718
89 0.067305
90 0.064713
91 0.065347
92 0.065992
93 0.062509
94 0.058015
95 0.054272
96 0.051468
97 0.048356
98 0.044786
99 0.034728
100 0.033044
101 0.029493
102 0.028902
103 0.028474
104 0.027147
105 0.027328
106 0.024751
107 0.024225
108 0.026324
109 0.027714
110 0.031955
111 0.029596
112 0.032181
113 0.031807
114 0.034805
115 0.041147
116 0.040325
117 0.040198
118 0.037342
119 0.035907
120 0.032283
121 0.028100
122 0.027357
123 0.025973
124 0.027563
125 0.024653
126 0.022403
127 0.020953
128 0.021575
129 0.021751
130 0.022304
131 0.022522
132 0.020938
133 0.020107
134 0.018606
135 0.018268
136 0.018945
137 0.020540
138 0.017809
139 0.017523
140 0.017377
141 0.018979
142 0.019636
143 0.019226
144 0.019290
145 0.018893
146 0.018391
147 0.017363
148 0.017744
149 0.017579
150 0.016371
151 0.015638
152 0.015990
153 0.015932
154 0.015495
155 0.015963
156 0.016705
157 0.016857
158 0.017187
159 0.015511
160 0.015958
161 0.015807
162 0.017083
163 0.017836
164 0.018635
165 0.018128
166 0.017892
167 0.017765
168 0.016822
169 0.017705
170 0.016974
171 0.015635
172 0.015801
173 0.015384
174 0.015570
175 0.014306
176 0.013528
177 0.013366
178 0.012964
179 0.012552
180 0.011995
181 0.011923
182 0.011323
183 0.010532
184 0.009864
185 0.010327
186 0.009993
187 0.009421
188 0.009585
189 0.010256
190 0.010150
191 0.010864
192 0.011619
193 0.011558
194 0.011690
195 0.012216
196 0.012771
197 0.015038
198 0.014514
199 0.014748
200 0.015172
201 0.014596
202 0.015077
203 0.014521
204 0.013910
205 0.013752
206 0.014003
207 0.012747
208 0.011289
209 0.010500
210 0.010076
211 0.009205
212 0.008681
213 0.007867
214 0.007614
215 0.006870
216 0.006214
217 0.006169
218 0.006040
219 0.005641
220 0.005366
221 0.005205
222 0.005263
223 0.005192
224 0.005592
225 0.006111
226 0.005794
227 0.005840
228 0.005651
229 0.005859
230 0.005926
231 0.006184
232 0.006616
233 0.007076
234 0.007437
235 0.007107
236 0.007413
237 0.007482
238 0.007873
239 0.008162
240 0.007821
241 0.007842
242 0.007784
243 0.007612
244 0.007347
245 0.007057
246 0.006898
247 0.006489
248 0.005791
249 0.005545
250 0.005189
251 0.004990
252 0.004605
253 0.004050
254 0.003947
255 0.003601
256 0.003344
257 0.002984
258 0.002729
259 0.002549
260 0.002308
261 0.002274
262 0.002124
263 0.002057
264 0.002078
265 0.001997
266 0.002069
267 0.001960
268 0.001986
269 0.001935
270 0.001826
271 0.001685
272 0.001573
273 0.001524
274 0.001427
275 0.001355
276 0.001271
277 0.001198
278 0.001138
279 0.001158
280 0.001119
281 0.001193
282 0.001186
283 0.001196
284 0.001170
285 0.001148
286 0.001145
287 0.001180
288 0.001150
289 0.001108
290 0.001088
291 0.001063
292 0.001011
293 0.000978
294 0.000993
295 0.000945
296 0.000960
297 0.000929
298 0.000978
299 0.000939
300 0.000943
301 0.000936
302 0.000929
303 0.000913
304 0.000904
305 0.000880
306 0.000878
307 0.000851
308 0.000910
309 0.000953
310 0.000891
311 0.000878
312 0.000826
313 0.000829
314 0.000802
315 0.000744
316 0.000727
317 0.000683
318 0.000647
319 0.000646
320 0.000633
321 0.000602
322 0.000641
323 0.000646
324 0.000670
325 0.000680
326 0.000640
327 0.000646
328 0.000624
329 0.000636
330 0.000664
331 0.000654
332 0.000671
333 0.000646
334 0.000622
335 0.000626
336 0.000583
337 0.000610
338 0.000582
339 0.000565
340 0.000561
341 0.000574
342 0.000599
343 0.000550
344 0.000559
345 0.000544
346 0.000508
347 0.000467
348 0.000447
349 0.000443
350 0.000427
351 0.000404
352 0.000402
353 0.000372
354 0.000356
355 0.000322
356 0.000319
357 0.000303
358 0.000299
359 0.000290
360 0.000269
361 0.000259
362 0.000246
363 0.000238
364 0.000238
365 0.000236
366 0.000229
367 0.000229
368 0.000219
369 0.000229
370 0.000227
371 0.000239
372 0.000236
373 0.000250
374 0.000249
375 0.000238
376 0.000235
377 0.000229
378 0.000232
379 0.000226
380 0.000223
381 0.000241
382 0.000239
383 0.000237
384 0.000240
385 0.000239
386 0.000249
387 0.000247
388 0.000251
389 0.000258
390 0.000259
391 0.000247
392 0.000244
393 0.000246
394 0.000253
395 0.000254
396 0.000258
397 0.000253
398 0.000259
399 0.000267
400 0.000268
401 0.000286
402 0.000288
403 0.000290
404 0.000296
405 0.000285
406 0.000271
407 0.000252
408 0.000237
409 0.000232
410 0.000230
411 0.000227
412 0.000231
413 0.000247
414 0.000256
415 0.000256
416 0.000246
417 0.000241
418 0.000234
419 0.000218
420 0.000213
421 0.000203
422 0.000203
423 0.000206
424 0.000194
425 0.000200
426 0.000201
427 0.000196
428 0.000186
429 0.000177
430 0.000162
431 0.000158
432 0.000150
433 0.000140
434 0.000130
435 0.000117
436 0.000107
437 0.000106
438 0.000106
439 0.000099
440 0.000100
441 0.000096
442 0.000096
443 0.000096
444 0.000099
445 0.000102
446 0.000108
447 0.000107
448 0.000111
449 0.000109
450 0.000107
451 0.000101
452 0.000098
453 0.000093
454 0.000095
455 0.000091
456 0.000090
457 0.000090
458 0.000083
459 0.000084
460 0.000077
461 0.000076
462 0.000076
463 0.000075
464 0.000076
465 0.000074
466 0.000071
467 0.000072
468 0.000073
469 0.000074
470 0.000074
471 0.000073
472 0.000069
473 0.000066
474 0.000063
475 0.000060
476 0.000058
477 0.000055
478 0.000053
479 0.000049
480 0.000047
481 0.000045
482 0.000043
483 0.000042
484 0.000039
485 0.000040
486 0.000039
487 0.000038
488 0.000036
489 0.000036
490 0.000036
491 0.000037
492 0.000037
493 0.000036
494 0.000035
495 0.000037
496 0.000036
497 0.000036
498 0.000035
499 0.000034
500 0.000034
501 0.000029
502 0.000030
503 0.000028
504 0.000031
505 0.000030
506 0.000029
507 0.000030
508 0.000028
509 0.000028
510 0.000025
511 0.000023
512 0.000023
513 0.000022
514 0.000023
515 0.000023
516 0.000023
517 0.000025
518 0.000023
519 0.000024
520 0.000022
521 0.000022
522 0.000021
523 0.000019
524 0.000019
525 0.000017
526 0.000017
527 0.000016
528 0.000015
529 0.000015
530 0.000014
531 0.000014
532 0.000014
533 0.000012
534 0.000013
535 0.000012
536 0.000012
537 0.000011
538 0.000011
539 0.000010
540 0.000010
541 0.000010
542 0.000010
543 0.000010
544 0.000010
545 0.000010
546 0.000009
547 0.000009
548 0.000009
549 0.000009
550 0.000008
551 0.000008
552 0.000007
553 0.000007
554 0.000006
555 0.000006
556 0.000006
557 0.000006
558 0.000006
559 0.000006
560 0.000006
561 0.000006
562 0.000006
563 0.000006
564 0.000006
565 0.000006
566 0.000006
567 0.000006
568 0.000006
569 0.000006
570 0.000006
571 0.000006
572 0.000006
573 0.000006
574 0.000006
575 0.000006
576 0.000006
577 0.000006
578 0.000005
579 0.000005
580 0.000005
581 0.000005
582 0.000005
583 0.000005
584 0.000005
585 0.000005
586 0.000004
587 0.000004
588 0.000004
589 0.000004
590 0.000004
591 0.000004
592 0.000004
593 0.000004
594 0.000004
595 0.000004
596 0.000004
597 0.000004
598 0.000004
599 0.000004
600 0.000004
601 0.000005
602 0.000005
603 0.000005
604 0.000005
605 0.000005
606 0.000005
607 0.000004
608 0.000005
609 0.000005
610 0.000005
611 0.000005
612 0.000004
613 0.000004
614 0.000004
615 0.000004
616 0.000004
617 0.000004
618 0.000004
619 0.000004
620 0.000004
621 0.000004
622 0.000004
623 0.000004
624 0.000004
625 0.000004
626 0.000004
627 0.000004
628 0.000004
629 0.000004
630 0.000004
631 0.000004
632 0.000004
633 0.000004
634 0.000004
635 0.000004
636 0.000004
637 0.000004
638 0.000003
639 0.000003
640 0.000003
641 0.000003
642 0.000003
643 0.000003
644 0.000003
645 0.000003
646 0.000003
647 0.000003
648 0.000003
649 0.000003
650 0.000003
651 0.000003
652 0.000003
653 0.000003
654 0.000003
655 0.000003
656 0.000003
657 0.000003
658 0.000003
659 0.000003
660 0.000002
661 0.000002
662 0.000002
663 0.000002
664 0.000002
665 0.000002
666 0.000002
667 0.000002
668 0.000002
669 0.000002
670 0.000002
671 0.000002
672 0.000002
673 0.000002
674 0.000002
675 0.000002
676 0.000002
677 0.000002
678 0.000001
679 0.000001
680 0.000001
681 0.000001
682 0.000001
683 0.000001
684 0.000001
685 0.000001
686 0.000001
687 0.000001
688 0.000001
689 0.000001
690 0.000001
691 0.000001
692 0.000001
693 0.000001
694 0.000001
695 0.000001
696 0.000001
697 0.000001
698 0.000001
699 0.000001
700 0.000001
701 0.000001
702 0.000001
703 0.000001
704 0.000001
705 0.000001
706 0.000001
707 0.000001
708 0.000001
709 0.000001
710 0.000001
711 0.000001
712 0.000001
713 0.000000
714 0.000000
715 0.000000
716 0.000000
717 0.000000
718 0.000000
719 0.000000
720 0.000000
721 0.000000
722 0.000000
723 0.000000
724 0.000000
725 0.000000
726 0.000000
727 0.000000
728 0.000000
729 0.000000
730 0.000000
731 0.000000
732 0.000000
733 0.000000
734 0.000000
735 0.000000
736 0.000000
737 0.000000
738 0.000000
739 0.000000
740 0.000000
741 0.000000
742 0.000000
743 0.000000
744 0.000000
745 0.000000
746 0.000000
747 0.000000
748 0.000000
749 0.000000
750 0.000000
751 0.000000
752 0.000000
753 0.000000
754 0.000000
755 0.000000
756 0.000000
757 0.000000
758 0.000000
759 0.000000
760 0.000000
761 0.000000
762 0.000000
763 0.000000
764 0.000000
765 0.000000
766 0.000000
767 0.000000
768 0.000000
769 0.000000
770 0.000000
771 0.000000
772 0.000000
773 0.000000
774 0.000000
775 0.000000
776 0.000000
777 0.000000
778 0.000000
779 0.000000
780 0.000000
781 0.000000
782 0.000000
783 0.000000
784 0.000000
785 0.000000
786 0.000000
787 0.000000
788 0.000000
789 0.000000
790 0.000000
791 0.000000
