#ite residual of mtx/G3_circuit.mtx
1 20.015534
2 12.788216
3 18.970881
4 20.548003
5 16.969035
6 12.529849
7 10.494213
8 8.442575
9 10.286817
10 10.206102
11 9.077262
12 7.995721
13 9.560512
14 10.171327
15 6.903683
16 4.986333
17 2.244778
18 1.905333
19 1.252559
20 1.348901
21 1.089132
22 1.020119
23 0.643864
24 0.473442
25 0.523549
26 0.538154
27 0.547900
28 0.468074
29 0.395695
30 0.393810
31 0.394705
32 0.403803
33 0.467970
34 0.533730
35 0.444937
36 0.471053
37 0.379660
38 0.355487
39 0.364863
40 0.343738
41 0.296281
42 0.235107
43 0.169285
44 0.161868
45 0.156642
46 0.135026
47 0.129354
48 0.112541
49 0.130929
50 0.113540
51 0.095666
52 0.109549
53 0.123668
54 0.127473
55 0.114312
56 0.101891
57 0.094032
58 0.092640
59 0.085959
60 0.073170
61 0.072199
62 0.066283
63 0.052777
64 0.054257
65 0.044865
66 0.051038
67 0.048114
68 0.048310
69 0.048082
70 0.046005
71 0.046645
72 0.044750
73 0.042543
74 0.047493
75 0.041321
76 0.044319
77 0.035070
78 0.032758
79 0.028072
80 0.027249
81 0.027441
82 0.022640
83 0.022047
84 0.018150
85 0.017901
86 0.019047
87 0.016610
88 0.018650
89 0.017869
90 0.018224
91 0.018407
92 0.018167
93 0.020934
94 0.021254
95 0.022805
96 0.021147
97 0.021126
98 0.021546
99 0.020112
100 0.018236
101 0.019626
102 0.019209
103 0.020635
104 0.020571
105 0.019409
106 0.021717
107 0.022621
108 0.024892
109 0.025893
110 0.027771
111 0.027085
112 0.029706
113 0.032283
114 0.031951
115 0.037649
116 0.034624
117 0.033085
118 0.031403
119 0.026383
120 0.029249
121 0.024760
122 0.025418
123 0.022436
124 0.022359
125 0.021755
126 0.019985
127 0.019664
128 0.019534
129 0.019326
130 0.020067
131 0.018995
132 0.018512
133 0.017352
134 0.017568
135 0.016518
136 0.016073
137 0.016297
138 0.015531
139 0.014598
140 0.014890
141 0.014517
142 0.015701
143 0.014958
144 0.015197
145 0.014558
146 0.013143
147 0.013164
148 0.011982
149 0.012617
150 0.011761
151 0.011301
152 0.011623
153 0.011823
154 0.011773
155 0.012861
156 0.013337
157 0.014428
158 0.014371
159 0.014934
160 0.014532
161 0.016212
162 0.016589
163 0.018255
164 0.019702
165 0.019380
166 0.018754
167 0.017712
168 0.016325
169 0.015929
170 0.015922
171 0.013929
172 0.011780
173 0.010300
174 0.009090
175 0.007737
176 0.007466
177 0.006454
178 0.006584
179 0.005548
180 0.005524
181 0.005422
182 0.005680
183 0.005236
184 0.005253
185 0.005366
186 0.005438
187 0.005381
188 0.005424
189 0.006180
190 0.006758
191 0.006983
192 0.007482
193 0.007553
194 0.007730
195 0.007973
196 0.008222
197 0.008675
198 0.008337
199 0.007698
200 0.006848
201 0.006004
202 0.005896
203 0.005628
204 0.005466
205 0.004812
206 0.004515
207 0.004347
208 0.003929
209 0.003681
210 0.003556
211 0.003528
212 0.003155
213 0.002949
214 0.002930
215 0.002676
216 0.002552
217 0.002392
218 0.002182
219 0.002069
220 0.001764
221 0.001757
222 0.001726
223 0.001696
224 0.001601
225 0.001796
226 0.001775
227 0.001711
228 0.001649
229 0.001539
230 0.001645
231 0.001668
232 0.001717
233 0.001717
234 0.001811
235 0.001761
236 0.001799
237 0.001700
238 0.001717
239 0.001639
240 0.001624
241 0.001423
242 0.001322
243 0.001270
244 0.001160
245 0.001018
246 0.000945
247 0.000852
248 0.000782
249 0.000723
250 0.000652
251 0.000623
252 0.000623
253 0.000590
254 0.000632
255 0.000620
256 0.000647
257 0.000658
258 0.000690
259 0.000701
260 0.000702
261 0.000675
262 0.000672
263 0.000660
264 0.000669
265 0.000631
266 0.000678
267 0.000663
268 0.000669
269 0.000700
270 0.000659
271 0.000719
272 0.000632
273 0.000616
274 0.000603
275 0.000612
276 0.000593
277 0.000576
278 0.000527
279 0.000547
280 0.000539
281 0.000567
282 0.000555
283 0.000570
284 0.000576
285 0.000541
286 0.000585
287 0.000541
288 0.000593
289 0.000578
290 0.000580
291 0.000603
292 0.000620
293 0.000615
294 0.000607
295 0.000621
296 0.000623
297 0.000600
298 0.000634
299 0.000625
300 0.000588
301 0.000624
302 0.000569
303 0.000593
304 0.000554
305 0.000521
306 0.000520
307 0.000493
308 0.000447
309 0.000452
310 0.000426
311 0.000416
312 0.000423
313 0.000406
314 0.000438
315 0.000416
316 0.000427
317 0.000433
318 0.000396
319 0.000409
320 0.000387
321 0.000383
322 0.000381
323 0.000378
324 0.000405
325 0.000395
326 0.000401
327 0.000380
328 0.000374
329 0.000380
330 0.000350
331 0.000386
332 0.000368
333 0.000384
334 0.000404
335 0.000382
336 0.000386
337 0.000375
338 0.000388
339 0.000401
340 0.000388
341 0.000388
342 0.000393
343 0.000406
344 0.000397
345 0.000395
346 0.000406
347 0.000367
348 0.000368
349 0.000352
350 0.000338
351 0.000338
352 0.000309
353 0.000316
354 0.000310
355 0.000290
356 0.000282
357 0.000272
358 0.000263
359 0.000253
360 0.000243
361 0.000244
362 0.000227
363 0.000227
364 0.000228
365 0.000238
366 0.000236
367 0.000234
368 0.000233
369 0.000216
370 0.000210
371 0.000211
372 0.000226
373 0.000222
374 0.000239
375 0.000238
376 0.000237
377 0.000222
378 0.000227
379 0.000219
380 0.000199
381 0.000191
382 0.000183
383 0.000184
384 0.000170
385 0.000176
386 0.000172
387 0.000182
388 0.000168
389 0.000167
390 0.000152
391 0.000141
392 0.000122
393 0.000109
394 0.000100
395 0.000095
396 0.000091
397 0.000090
398 0.000088
399 0.000083
400 0.000084
401 0.000076
402 0.000078
403 0.000076
404 0.000076
405 0.000079
406 0.000079
407 0.000078
408 0.000078
409 0.000072
410 0.000073
411 0.000067
412 0.000060
413 0.000056
414 0.000051
415 0.000049
416 0.000045
417 0.000042
418 0.000042
419 0.000043
420 0.000039
421 0.000040
422 0.000036
423 0.000037
424 0.000032
425 0.000031
426 0.000028
427 0.000026
428 0.000025
429 0.000024
430 0.000025
431 0.000026
432 0.000026
433 0.000027
434 0.000025
435 0.000025
436 0.000024
437 0.000022
438 0.000022
439 0.000021
440 0.000022
441 0.000020
442 0.000020
443 0.000020
444 0.000019
445 0.000018
446 0.000016
447 0.000016
448 0.000015
449 0.000014
450 0.000014
451 0.000013
452 0.000013
453 0.000012
454 0.000012
455 0.000013
456 0.000013
457 0.000015
458 0.000014
459 0.000015
460 0.000015
461 0.000014
462 0.000015
463 0.000015
464 0.000014
465 0.000014
466 0.000012
467 0.000013
468 0.000012
469 0.000012
470 0.000012
471 0.000012
472 0.000012
473 0.000012
474 0.000011
475 0.000012
476 0.000011
477 0.000012
478 0.000012
479 0.000012
480 0.000013
481 0.000013
482 0.000013
483 0.000013
484 0.000013
485 0.000013
486 0.000013
487 0.000013
488 0.000014
489 0.000013
490 0.000013
491 0.000013
492 0.000012
493 0.000012
494 0.000012
495 0.000011
496 0.000011
497 0.000011
498 0.000011
499 0.000010
500 0.000010
501 0.000011
502 0.000010
503 0.000010
504 0.000010
505 0.000010
506 0.000009
507 0.000010
508 0.000009
509 0.000010
510 0.000009
511 0.000009
512 0.000009
513 0.000009
514 0.000009
515 0.000009
516 0.000009
517 0.000008
518 0.000008
519 0.000007
520 0.000007
521 0.000007
522 0.000007
523 0.000007
524 0.000007
525 0.000007
526 0.000008
527 0.000007
528 0.000007
529 0.000007
530 0.000007
531 0.000007
532 0.000007
533 0.000007
534 0.000007
535 0.000008
536 0.000008
537 0.000008
538 0.000008
539 0.000007
540 0.000008
541 0.000007
542 0.000007
543 0.000007
544 0.000007
545 0.000007
546 0.000007
547 0.000007
548 0.000007
549 0.000007
550 0.000007
551 0.000007
552 0.000007
553 0.000006
554 0.000006
555 0.000006
556 0.000005
557 0.000005
558 0.000005
559 0.000005
560 0.000005
561 0.000005
562 0.000005
563 0.000005
564 0.000005
565 0.000004
566 0.000004
567 0.000005
568 0.000005
569 0.000004
570 0.000004
571 0.000004
572 0.000004
573 0.000004
574 0.000004
575 0.000004
576 0.000004
577 0.000004
578 0.000003
579 0.000003
580 0.000003
581 0.000003
582 0.000003
583 0.000003
584 0.000003
585 0.000003
586 0.000003
587 0.000003
588 0.000003
589 0.000003
590 0.000002
591 0.000002
592 0.000002
593 0.000002
594 0.000002
595 0.000002
596 0.000002
597 0.000002
598 0.000002
599 0.000002
600 0.000002
601 0.000002
602 0.000001
603 0.000001
604 0.000001
605 0.000001
606 0.000001
607 0.000001
608 0.000001
609 0.000001
610 0.000001
611 0.000001
612 0.000001
613 0.000001
614 0.000001
615 0.000001
616 0.000001
617 0.000001
618 0.000001
619 0.000001
620 0.000001
621 0.000001
622 0.000001
623 0.000001
624 0.000001
625 0.000001
626 0.000001
627 0.000001
628 0.000001
629 0.000001
630 0.000001
631 0.000001
632 0.000001
633 0.000001
634 0.000001
635 0.000001
636 0.000001
637 0.000001
638 0.000000
639 0.000000
640 0.000000
641 0.000000
642 0.000000
643 0.000000
644 0.000000
645 0.000000
646 0.000000
647 0.000000
648 0.000000
649 0.000000
650 0.000000
651 0.000000
652 0.000000
653 0.000000
654 0.000000
655 0.000000
656 0.000000
657 0.000000
658 0.000000
659 0.000000
660 0.000000
661 0.000000
662 0.000000
663 0.000000
664 0.000000
665 0.000000
666 0.000000
667 0.000000
668 0.000000
669 0.000000
670 0.000000
671 0.000000
672 0.000000
673 0.000000
674 0.000000
675 0.000000
676 0.000000
677 0.000000
678 0.000000
679 0.000000
680 0.000000
681 0.000000
682 0.000000
683 0.000000
684 0.000000
685 0.000000
686 0.000000
687 0.000000
688 0.000000
689 0.000000
690 0.000000
691 0.000000
692 0.000000
693 0.000000
694 0.000000
695 0.000000
696 0.000000
697 0.000000
698 0.000000
699 0.000000
700 0.000000
701 0.000000
702 0.000000
703 0.000000
704 0.000000
705 0.000000
706 0.000000
707 0.000000
708 0.000000
709 0.000000
710 0.000000
711 0.000000
712 0.000000
713 0.000000
714 0.000000
715 0.000000
716 0.000000
717 0.000000
718 0.000000
719 0.000000
720 0.000000
721 0.000000
722 0.000000
723 0.000000
724 0.000000
725 0.000000
726 0.000000
727 0.000000
728 0.000000
729 0.000000
730 0.000000
731 0.000000
732 0.000000
733 0.000000
734 0.000000
735 0.000000
736 0.000000
737 0.000000
738 0.000000
739 0.000000
740 0.000000
741 0.000000
742 0.000000
743 0.000000
744 0.000000
745 0.000000
746 0.000000
747 0.000000
748 0.000000
749 0.000000
750 0.000000
751 0.000000
752 0.000000
753 0.000000
754 0.000000
755 0.000000
756 0.000000
757 0.000000
758 0.000000
759 0.000000
760 0.000000
761 0.000000
762 0.000000
763 0.000000
764 0.000000
765 0.000000
766 0.000000
767 0.000000
