#ite residual of mtx/G3_circuit.mtx
1 21.333831
2 16.450419
3 22.733101
4 27.867425
5 21.163547
6 17.766886
7 15.187725
8 10.383782
9 13.104233
10 9.873460
11 11.530997
12 9.107961
13 11.643643
14 10.433392
15 9.478083
16 7.750482
17 5.151318
18 3.371262
19 1.662765
20 1.529553
21 1.383205
22 0.975514
23 0.681992
24 0.570762
25 0.452948
26 0.411460
27 0.444860
28 0.470648
29 0.611777
30 0.649926
31 0.659030
32 0.458332
33 0.570094
34 0.738044
35 0.599947
36 0.544776
37 0.453031
38 0.443332
39 0.471260
40 0.503749
41 0.423224
42 0.372660
43 0.294887
44 0.313457
45 0.226032
46 0.165501
47 0.203854
48 0.197393
49 0.206439
50 0.211475
51 0.177194
52 0.212272
53 0.193256
54 0.193622
55 0.168933
56 0.163200
57 0.145302
58 0.123122
59 0.093186
60 0.109221
61 0.112734
62 0.114398
63 0.106262
64 0.090766
65 0.084060
66 0.084587
67 0.078421
68 0.088710
69 0.072362
70 0.077731
71 0.069790
72 0.073136
73 0.067341
74 0.062609
75 0.061067
76 0.060930
77 0.055103
78 0.046083
79 0.042738
80 0.045116
81 0.042852
82 0.044920
83 0.042149
84 0.046278
85 0.042927
86 0.044125
87 0.038902
88 0.044469
89 0.042237
90 0.041070
91 0.034994
92 0.033618
93 0.032423
94 0.030932
95 0.029876
96 0.028636
97 0.027715
98 0.023585
99 0.022498
100 0.021013
101 0.019364
102 0.018560
103 0.017761
104 0.016637
105 0.017239
106 0.016037
107 0.014954
108 0.014948
109 0.014898
110 0.014931
111 0.016047
112 0.015033
113 0.014440
114 0.015457
115 0.016964
116 0.016938
117 0.018475
118 0.017662
119 0.018124
120 0.015446
121 0.013885
122 0.014530
123 0.014933
124 0.014085
125 0.013735
126 0.012451
127 0.012870
128 0.012060
129 0.011533
130 0.010646
131 0.009516
132 0.009729
133 0.009194
134 0.007686
135 0.007447
136 0.007012
137 0.007292
138 0.007425
139 0.006949
140 0.006655
141 0.005721
142 0.005039
143 0.004462
144 0.004514
145 0.004075
146 0.003890
147 0.003655
148 0.003523
149 0.003356
150 0.003577
151 0.003443
152 0.003221
153 0.002945
154 0.002614
155 0.002536
156 0.002543
157 0.002334
158 0.002238
159 0.002257
160 0.002143
161 0.002071
162 0.002107
163 0.002055
164 0.002271
165 0.002143
166 0.002318
167 0.002060
168 0.001877
169 0.001881
170 0.001757
171 0.001754
172 0.001760
173 0.001780
174 0.001630
175 0.001578
176 0.001646
177 0.001781
178 0.001712
179 0.001810
180 0.002074
181 0.002048
182 0.001983
183 0.002002
184 0.001941
185 0.001817
186 0.001554
187 0.001390
188 0.001285
189 0.001174
190 0.001129
191 0.000988
192 0.000853
193 0.000792
194 0.000735
195 0.000703
196 0.000685
197 0.000640
198 0.000654
199 0.000663
200 0.000689
201 0.000695
202 0.000704
203 0.000752
204 0.000742
205 0.000805
206 0.000839
207 0.000919
208 0.000962
209 0.001091
210 0.001112
211 0.001079
212 0.001068
213 0.001139
214 0.001042
215 0.000944
216 0.000926
217 0.000855
218 0.000786
219 0.000662
220 0.000581
221 0.000563
222 0.000483
223 0.000444
224 0.000414
225 0.000383
226 0.000371
227 0.000368
228 0.000333
229 0.000316
230 0.000285
231 0.000248
232 0.000225
233 0.000217
234 0.000195
235 0.000178
236 0.000154
237 0.000142
238 0.000133
239 0.000122
240 0.000113
241 0.000109
242 0.000106
243 0.000100
244 0.000096
245 0.000092
246 0.000089
247 0.000089
248 0.000087
249 0.000085
250 0.000086
251 0.000082
252 0.000079
253 0.000074
254 0.000078
255 0.000077
256 0.000074
257 0.000074
258 0.000070
259 0.000066
260 0.000064
261 0.000064
262 0.000059
263 0.000056
264 0.000052
265 0.000052
266 0.000056
267 0.000054
268 0.000056
269 0.000059
270 0.000063
271 0.000070
272 0.000074
273 0.000079
274 0.000088
275 0.000091
276 0.000097
277 0.000097
278 0.000106
279 0.000105
280 0.000103
281 0.000099
282 0.000105
283 0.000106
284 0.000106
285 0.000104
286 0.000102
287 0.000106
288 0.000103
289 0.000101
290 0.000105
291 0.000105
292 0.000099
293 0.000100
294 0.000095
295 0.000085
296 0.000083
297 0.000080
298 0.000076
299 0.000072
300 0.000068
301 0.000066
302 0.000070
303 0.000067
304 0.000067
305 0.000069
306 0.000072
307 0.000075
308 0.000076
309 0.000077
310 0.000075
311 0.000075
312 0.000076
313 0.000070
314 0.000067
315 0.000066
316 0.000062
317 0.000063
318 0.000060
319 0.000061
320 0.000057
321 0.000051
322 0.000050
323 0.000048
324 0.000048
325 0.000045
326 0.000044
327 0.000042
328 0.000038
329 0.000037
330 0.000035
331 0.000034
332 0.000033
333 0.000032
334 0.000030
335 0.000029
336 0.000027
337 0.000027
338 0.000025
339 0.000024
340 0.000022
341 0.000023
342 0.000022
343 0.000022
344 0.000023
345 0.000023
346 0.000023
347 0.000022
348 0.000022
349 0.000022
350 0.000021
351 0.000020
352 0.000020
353 0.000018
354 0.000018
355 0.000017
356 0.000017
357 0.000016
358 0.000016
359 0.000016
360 0.000016
361 0.000015
362 0.000014
363 0.000013
364 0.000013
365 0.000012
366 0.000012
367 0.000011
368 0.000010
369 0.000010
370 0.000009
371 0.000008
372 0.000008
373 0.000008
374 0.000008
375 0.000008
376 0.000008
377 0.000008
378 0.000008
379 0.000008
380 0.000008
381 0.000007
382 0.000007
383 0.000007
384 0.000006
385 0.000006
386 0.000006
387 0.000006
388 0.000006
389 0.000007
390 0.000007
391 0.000007
392 0.000007
393 0.000007
394 0.000007
395 0.000006
396 0.000006
397 0.000006
398 0.000006
399 0.000006
400 0.000006
401 0.000006
402 0.000006
403 0.000005
404 0.000005
405 0.000005
406 0.000005
407 0.000005
408 0.000005
409 0.000005
410 0.000005
411 0.000005
412 0.000005
413 0.000005
414 0.000005
415 0.000005
416 0.000006
417 0.000006
418 0.000006
419 0.000006
420 0.000005
421 0.000006
422 0.000005
423 0.000005
424 0.000005
425 0.000005
426 0.000004
427 0.000004
428 0.000004
429 0.000003
430 0.000003
431 0.000003
432 0.000003
433 0.000003
434 0.000003
435 0.000003
436 0.000003
437 0.000003
438 0.000003
439 0.000003
440 0.000004
441 0.000003
442 0.000003
443 0.000003
444 0.000003
445 0.000003
446 0.000003
447 0.000003
448 0.000003
449 0.000003
450 0.000003
451 0.000003
452 0.000003
453 0.000003
454 0.000003
455 0.000003
456 0.000003
457 0.000003
458 0.000003
459 0.000003
460 0.000003
461 0.000003
462 0.000004
463 0.000004
464 0.000004
465 0.000004
466 0.000004
467 0.000004
468 0.000004
469 0.000004
470 0.000004
471 0.000004
472 0.000004
473 0.000003
474 0.000003
475 0.000003
476 0.000003
477 0.000002
478 0.000002
479 0.000002
480 0.000002
481 0.000002
482 0.000002
483 0.000002
484 0.000002
485 0.000002
486 0.000002
487 0.000002
488 0.000002
489 0.000002
490 0.000002
491 0.000002
492 0.000002
493 0.000002
494 0.000002
495 0.000002
496 0.000002
497 0.000002
498 0.000002
499 0.000002
500 0.000002
501 0.000002
502 0.000002
503 0.000002
504 0.000002
505 0.000002
506 0.000002
507 0.000002
508 0.000001
509 0.000001
510 0.000001
511 0.000001
512 0.000001
513 0.000001
514 0.000001
515 0.000001
516 0.000001
517 0.000001
518 0.000001
519 0.000001
520 0.000001
521 0.000001
522 0.000001
523 0.000001
524 0.000001
525 0.000001
526 0.000001
527 0.000001
528 0.000001
529 0.000001
530 0.000001
531 0.000001
532 0.000001
533 0.000001
534 0.000001
535 0.000001
536 0.000001
537 0.000001
538 0.000001
539 0.000001
540 0.000001
541 0.000001
542 0.000001
543 0.000001
544 0.000001
545 0.000001
546 0.000000
547 0.000000
548 0.000000
549 0.000000
550 0.000000
551 0.000000
552 0.000000
553 0.000000
554 0.000000
555 0.000000
556 0.000000
557 0.000000
558 0.000000
559 0.000000
560 0.000000
561 0.000000
562 0.000000
563 0.000000
564 0.000000
565 0.000000
566 0.000000
567 0.000000
568 0.000000
569 0.000000
570 0.000000
571 0.000000
572 0.000000
573 0.000000
574 0.000000
575 0.000000
576 0.000000
577 0.000000
578 0.000000
579 0.000000
580 0.000000
581 0.000000
